0.0312599 -2.99011
0.11307 -2.95155
0.184788 -2.91595
0.335048 -2.84284
0.446225 -2.78611
0.641172 -2.6885
0.777011 -2.61756
0.982529 -2.51506
1.12655 -2.4395
1.32979 -2.33568
1.47146 -2.25908
1.65081 -2.16477
1.77473 -2.09642
1.92863 -2.01483
2.03846 -1.95244
2.16932 -1.87495
2.2625 -1.81669
2.36852 -1.75255
2.44719 -1.70136
2.53972 -1.64204
2.60848 -1.59493
2.68449 -1.54341
2.74475 -1.49937
2.81402 -1.44864
2.86772 -1.40723
2.92908 -1.36343
2.97824 -1.32567
3.03196 -1.28854
3.07528 -1.25609
3.12579 -1.22039
3.16855 -1.18731
3.21645 -1.15177
3.25707 -1.11919
3.30371 -1.08397
3.34415 -1.05096
3.38889 -1.01332
3.42866 -0.977949
3.47097 -0.939939
3.50697 -0.906644
3.54817 -0.873346
3.58554 -0.841027
3.62659 -0.808026
3.66262 -0.777011
3.7027 -0.744689
3.73853 -0.713631
3.77814 -0.678915
3.81455 -0.645351
3.85362 -0.610512
3.88817 -0.57837
3.92461 -0.544398
3.95844 -0.51172
3.9989 -0.477744
4.03577 -0.444523
4.0794 -0.405543
4.12099 -0.366234
4.16727 -0.322967
4.20704 -0.284567
4.25219 -0.242409
4.29553 -0.200011
4.34442 -0.157496
4.38791 -0.117133
4.43628 -0.077225
4.47703 -0.0411019
4.52513 0.00165728
4.56965 0.0438312
4.61573 0.0876525
4.65727 0.128814
4.70587 0.17569
4.75062 0.22071
4.79916 0.265308
4.84059 0.305442
4.88772 0.345236
4.92956 0.383637
4.97609 0.424524
5.01681 0.462804
5.06445 0.502639
5.10936 0.544236
5.15894 0.585604
5.20154 0.62412
5.25172 0.66668
5.29321 0.704314
5.33782 0.742106
5.37746 0.778725
5.42133 0.818448
5.46138 0.857366
5.50685 0.901546
5.54822 0.943732
5.59295 0.98936
5.63358 1.03226
5.6791 1.07518
5.72194 1.11835
5.76886 1.16482
5.8106 1.20812
5.85737 1.25512
5.9008 1.30093
5.94902 1.34933
5.99415 1.39703
6.04228 1.44285
6.08509 1.48637
6.13245 1.53405
6.17498 1.5791
6.22202 1.62831
6.26292 1.67273
6.30802 1.71885
6.35096 1.7653
6.40044 1.81556
6.44596 1.86452
6.49456 1.91606
6.53947 1.96594
6.5902 2.01485
6.63618 2.06276
6.68731 2.11247
6.7342 2.16165
6.78508 2.21328
6.8297 2.26101
6.87977 2.30925
6.9273 2.35884
6.98052 2.40813
7.02593 2.4532
7.07348 2.49903
7.11778 2.5449
7.168 2.59297
7.21467 2.64089
7.26542 2.68786
7.31036 2.73234
7.36216 2.78202
7.41017 2.83059
7.4623 2.87825
7.5081 2.9223
7.56076 2.9708
7.60981 3.01831
7.6661 3.0629
7.71702 3.10682
7.77599 3.15088
7.8284 3.19385
7.88116 3.23339
7.93036 3.27389
7.98737 3.31222
8.04017 3.35222
8.09793 3.39102
8.14952 3.42933
8.20723 3.46609
8.2605 3.50429
8.31636 3.54349
8.36877 3.58314
8.42576 3.62098
8.47625 3.65702
8.53291 3.69568
8.58684 3.735
8.64499 3.77277
8.69903 3.81038
8.75849 3.84797
8.81426 3.88584
8.87597 3.92232
8.93145 3.9577
8.99297 3.99443
9.05045 4.03121
9.1126 4.06527
9.16889 4.09879
9.23271 4.12832
9.28891 4.15776
9.35137 4.18659
9.40912 4.21696
9.4704 4.24358
9.52403 4.26988
9.58177 4.29626
9.63624 4.32423
9.69725 4.35103
9.75145 4.37741
9.81085 4.40234
9.86043 4.42509
9.91591 4.44833
9.96685 4.4723
10.0219 4.49535
10.0728 4.5192
10.1311 4.54682
10.1861 4.57481
10.2405 4.60092
10.4537 4.7202
10.5186 4.74663
10.5717 4.77187
10.6354 4.79808
10.6882 4.82215
10.7482 4.84631
10.8012 4.87035
10.8572 4.89311
10.9102 4.91778
10.9688 4.94215
11.0215 4.96662
11.0784 4.99064
11.1318 5.0159
11.1895 5.04169
11.2378 5.06487
11.291 5.09107
11.339 5.11616
11.3935 5.14255
11.4436 5.16851
11.4999 5.19492
11.5494 5.21988
11.605 5.24768
11.6567 5.275
11.7159 5.30395
11.7714 5.33283
11.8313 5.3613
11.8891 5.39099
11.9496 5.42257
12.0005 5.45003
12.0557 5.47821
12.1088 5.50675
12.167 5.53512
12.2194 5.56228
12.2739 5.5924
12.3231 5.62028
12.3802 5.64835
12.4312 5.67489
12.4861 5.70069
12.5363 5.72619
12.5947 5.7539
12.6448 5.77934
12.698 5.80616
12.7468 5.83195
12.7977 5.85737
12.8454 5.88254
12.894 5.90715
13.0128 5.97216
13.0688 5.99933
13.4108 6.18295
13.4803 6.21131
13.6219 6.28483
13.6931 6.31833
13.8497 6.40027
14.1964 6.59247
14.382 6.69006
14.4978 6.75305
14.6409 6.82903
14.7469 6.88704
14.8673 6.95263
14.9598 7.00441
15.0614 7.06109
15.1438 7.10852
15.2319 7.15465
15.3021 7.19308
15.3815 7.23338
15.4489 7.26983
15.5232 7.30639
15.5866 7.34009
15.6617 7.38018
15.7298 7.41888
15.8073 7.45999
15.8771 7.49957
15.9574 7.54022
16.0279 7.57891
16.1071 7.61984
16.1788 7.65989
16.2599 7.70381
16.3327 7.74578
16.412 7.78891
16.4856 7.83178
16.5652 7.8748
16.6371 7.91633
16.7112 7.95798
16.7795 7.99868
16.8544 8.0408
16.9228 8.08161
16.9966 8.12448
17.062 8.16444
17.1295 8.20446
17.1917 8.24331
17.2571 8.28294
17.3174 8.32124
17.384 8.36341
17.4444 8.40309
17.5094 8.44239
17.5671 8.47926
17.6296 8.51744
17.6862 8.55402
17.747 8.59348
17.8028 8.63127
17.8626 8.6706
17.9191 8.70952
17.9816 8.74797
18.0356 8.78332
18.0977 8.82236
18.1541 8.86015
18.2136 8.89781
18.2673 8.93406
18.3267 8.97059
18.38 9.00603
18.4396 9.043
18.4926 9.0785
18.5492 9.11436
18.6006 9.14953
18.6588 9.18912
18.7105 9.22618
18.7657 9.26573
18.8165 9.30379
18.8742 9.34661
18.9285 9.38842
18.9867 9.43083
19.0393 9.47091
19.0986 9.51522
19.1528 9.55755
19.2138 9.60246
19.2701 9.64604
19.3316 9.69121
19.3861 9.73341
19.4443 9.77858
19.4986 9.82251
19.5611 9.8666
19.6182 9.90999
19.6815 9.957
19.7386 10.002
19.8019 10.0484
19.8594 10.0935
19.9189 10.1378
19.9724 10.1804
20.0332 10.2266
20.0897 10.2727
20.1483 10.3188
20.1989 10.3609
20.2545 10.4061
20.306 10.4503
20.3614 10.4969
20.4117 10.5413
20.4661 10.5887
20.5145 10.6324
20.5661 10.6784
20.6144 10.7229
20.669 10.7709
20.7187 10.8164
20.7701 10.8645
20.8185 10.9109
20.8694 10.9561
20.9144 10.9977
20.9668 11.0439
21.015 11.0886
21.0711 11.1361
21.1215 11.1817
21.1734 11.2285
21.2192 11.2718
21.2684 11.3171
21.3114 11.3586
21.3584 11.4022
21.401 11.4437
21.4502 11.4903
21.494 11.5337
21.5439 11.5779
21.5874 11.619
21.6347 11.6611
21.6801 11.7048
21.731 11.7552
21.7749 11.8001
21.822 11.8447
21.8638 11.8867
21.9081 11.9285
21.9482 11.9688
21.9928 12.0128
22.0338 12.0555
22.0797 12.1012
22.1217 12.1454
22.1656 12.191
22.2073 12.2365
22.2557 12.2849
22.2988 12.3307
22.3471 12.3804
22.3901 12.4272
22.4354 12.4731
22.4755 12.5164
22.5203 12.5649
22.5617 12.612
22.6054 12.6588
22.6438 12.7019
22.6889 12.7516
22.7296 12.7986
22.776 12.849
22.8182 12.8973
22.8661 12.9495
22.9089 12.9989
22.9566 13.0524
23.0006 13.1048
23.0497 13.1618
23.0932 13.2147
23.1396 13.2696
23.1807 13.3203
23.2277 13.3762
23.2712 13.4305
23.317 13.4868
23.3584 13.54
23.4028 13.5976
23.4434 13.6518
23.4899 13.7108
23.5311 13.7655
23.5776 13.8256
23.6162 13.8774
23.6622 13.936
23.7038 13.992
23.7482 14.0513
23.7874 14.106
23.8323 14.1639
23.8717 14.2178
23.917 14.2772
23.9569 14.3328
24.0012 14.3938
24.0402 14.4506
24.0844 14.5091
24.1231 14.5644
24.1657 14.6211
24.2024 14.6739
24.2436 14.733
24.2802 14.789
24.3213 14.8467
24.3569 14.9005
24.3975 14.9606
24.4346 15.0194
24.4761 15.0814
24.6384 15.3712
24.6724 15.4341
24.7632 15.6114
24.8246 15.7387
24.9061 15.9029
24.9649 16.0289
25.0322 16.1746
25.0818 16.2893
25.1389 16.4203
25.1816 16.5258
25.2302 16.6407
25.267 16.736
25.3082 16.8402
25.3405 16.9309
25.3757 17.0296
25.4031 17.1153
25.4343 17.2101
25.4584 17.292
25.4837 17.3795
25.5039 17.4581
25.5258 17.5422
25.5428 17.6163
25.5623 17.7015
25.5773 17.7762
25.5942 17.8608
25.6075 17.9373
25.6223 18.0215
25.6336 18.0966
25.6445 18.1797
25.6527 18.2544
25.6614 18.3327
25.6674 18.403
25.6725 18.4854
25.6755 18.557
25.6786 18.6316
25.6783 18.9347
25.6723 19.0264
25.6448 19.3437
25.6301 19.4437
25.5793 19.7738
25.5505 19.9388
25.5117 20.1703
25.4848 20.3192
25.4491 20.5189
25.4218 20.6611
25.389 20.8352
25.3634 20.9616
25.3368 21.1056
25.3146 21.2148
25.2915 21.3392
25.2721 21.4344
25.2526 21.5389
25.236 21.6195
25.2167 21.7162
25.1979 21.7988
25.1794 21.8896
25.1626 21.9633
25.1447 22.041
25.1276 22.1084
25.109 22.1852
25.0915 22.2521
25.0723 22.3263
25.0524 22.3969
25.0345 22.4709
25.0166 22.5372
24.9987 22.6116
24.9814 22.6755
24.9648 22.7488
24.9468 22.816
24.9286 22.8897
24.9099 22.9554
24.8913 23.0261
24.8722 23.091
24.8532 23.1624
24.8339 23.2274
24.8146 23.3009
24.7957 23.3653
24.7763 23.4356
24.7562 23.5009
24.7371 23.5728
24.7171 23.638
24.6971 23.7084
24.6762 23.7739
24.6548 23.8483
24.6323 23.9176
24.6112 23.9877
24.589 24.0543
24.566 24.1301
24.5419 24.1996
24.5195 24.2715
24.4967 24.3374
24.476 24.406
24.4557 24.4666
24.4363 24.5333
24.4153 24.5956
24.3952 24.6603
24.3741 24.7198
24.3531 24.7848
24.3324 24.8424
24.3112 24.9063
24.289 24.9658
24.2675 25.0327
24.2454 25.0932
24.2248 25.157
24.204 25.2139
24.1823 25.2787
24.1609 25.3356
24.1382 25.4016
24.1149 25.4619
24.0925 25.5267
24.0705 25.5843
24.0484 25.6495
24.0246 25.7108
24.0005 25.7791
23.9768 25.8398
23.9542 25.9048
23.9315 25.9636
23.9078 26.0286
23.8845 26.0865
23.8604 26.1505
23.8365 26.208
23.8137 26.2691
23.7919 26.3223
23.7739 26.3754
23.7534 26.427
23.7303 26.488
23.7097 26.5387
23.687 26.5965
23.6646 26.6489
23.6415 26.7058
23.62 26.7555
23.5981 26.8086
23.578 26.8544
23.5557 26.9091
23.5344 26.9576
23.5134 27.0076
23.4939 27.051
23.4733 27.1002
23.4532 27.1445
23.432 27.1943
23.4091 27.2435
23.3862 27.2955
23.3637 27.3433
23.3409 27.3946
23.318 27.4428
23.2933 27.4965
23.2692 27.5459
23.2425 27.6024
23.2162 27.6554
23.1884 27.7143
23.1612 27.7688
23.1334 27.8298
23.1039 27.8897
23.0725 27.9546
23.0408 28.0165
23.0061 28.0883
22.9708 28.157
22.9311 28.2365
22.8918 28.311
22.8507 28.392
22.8106 28.4668
22.7712 28.5451
22.733 28.6166
22.6926 28.6958
22.6527 28.7694
22.6118 28.8503
22.5727 28.9228
22.53 29.0036
22.4895 29.0761
22.4491 29.1558
22.4113 29.2255
22.3729 29.301
22.3338 29.3719
22.2942 29.45
22.2555 29.521
22.2174 29.5983
22.1796 29.6688
22.1435 29.7449
22.1096 29.8112
22.0765 29.8832
22.0425 29.9503
22.0095 30.0229
21.9766 30.0891
21.9445 30.1609
21.9133 30.225
21.8838 30.2941
21.8552 30.3552
21.8275 30.423
21.7986 30.4861
21.7718 30.5516
21.744 30.6125
21.7151 30.6815
21.6871 30.743
21.6603 30.8117
21.6323 30.876
21.606 30.9457
21.5772 31.0131
21.5497 31.0854
21.5214 31.1527
21.4947 31.2222
21.4664 31.289
21.4381 31.3648
21.4099 31.4337
21.3857 31.5057
21.3608 31.5713
21.3349 31.6464
21.3076 31.7172
21.2814 31.7924
21.2548 31.862
21.2294 31.9393
21.2034 32.0105
21.1796 32.0876
21.1546 32.1595
21.132 32.2369
21.1101 32.3042
21.0895 32.3812
21.0668 32.4534
21.0466 32.5294
21.0239 32.6018
21.004 32.6816
20.9827 32.7546
20.9632 32.8325
20.9421 32.9047
20.9224 32.9856
20.9005 33.0619
20.8809 33.1436
20.8605 33.2168
20.8398 33.2958
20.8194 33.3658
20.8002 33.4411
20.7801 33.5109
20.7605 33.5864
20.7395 33.6577
20.7186 33.7377
20.6978 33.8091
20.6765 33.8874
20.6544 33.961
20.6342 34.0374
20.6142 34.1062
20.5953 34.1816
20.5754 34.2513
20.5582 34.3236
20.54 34.3896
20.5248 34.4576
20.509 34.5182
20.4944 34.5815
20.4406 34.7485
20.4255 34.8162
20.4079 34.8789
20.392 34.9466
20.3735 35.0123
20.3566 35.0808
20.3395 35.1421
20.3039 35.2668
20.2868 35.3272
20.2712 35.3926
20.2547 35.4517
20.2384 35.516
20.2218 35.5743
20.2059 35.6398
20.1904 35.6961
20.1751 35.7563
20.1592 35.8113
20.1418 35.8749
20.1236 35.9352
20.1058 36.0009
20.0875 36.062
20.0697 36.1297
20.051 36.1936
20.0333 36.2641
19.9313 36.5803
19.9138 36.6721
19.8324 36.9445
19.8151 37.0398
19.796 37.1186
19.7761 37.2072
19.755 37.2874
19.7352 37.3711
19.715 37.4466
19.6939 37.5311
19.6737 37.6046
19.6532 37.6846
19.6328 37.7565
19.6115 37.834
19.5901 37.9058
19.568 37.9864
19.5467 38.0582
19.5253 38.1361
19.504 38.2075
19.4825 38.2854
19.4622 38.3537
19.4429 38.4258
19.4233 38.4923
19.404 38.5675
19.3837 38.6377
19.3632 38.7149
19.3431 38.7836
19.3254 38.8577
19.3074 38.9233
19.2896 38.994
19.2713 39.0581
19.2543 39.1236
19.2361 39.1854
19.2184 39.25
19.2004 39.3094
19.183 39.3777
19.1647 39.4408
19.1471 39.5057
19.1296 39.5635
19.1107 39.6287
19.0359 39.8435
19.016 39.9189
18.8811 40.2903
18.8549 40.3774
18.7854 40.559
18.6891 40.8207
18.6634 40.8888
18.6111 41.029
18.4844 41.3192
18.4218 41.4739
18.3894 41.5495
18.3554 41.6352
18.2951 41.7673
18.2628 41.8454
18.2336 41.9102
18.2036 41.9789
18.1756 42.0389
18.1461 42.1035
18.1182 42.1613
18.0878 42.2252
18.0587 42.2836
18.0281 42.3458
18.0008 42.3994
17.9725 42.4582
17.944 42.5139
17.916 42.5712
17.8891 42.6233
17.8605 42.6804
17.8335 42.7319
17.8036 42.7906
17.7751 42.8437
17.7452 42.9007
17.7162 42.9533
17.6853 43.0127
17.6563 43.0657
17.6264 43.1257
17.5947 43.1844
17.5649 43.2454
17.5364 43.2997
17.5084 43.3594
17.4812 43.4129
17.45 43.4726
17.4191 43.5288
17.3885 43.5869
17.3604 43.6381
17.3301 43.6965
17.301 43.7498
17.2729 43.8039
17.2464 43.8524
17.2176 43.9088
17.1898 43.9604
17.1626 44.0157
17.1353 44.0674
17.1075 44.1235
17.0803 44.175
17.0532 44.2314
17.0284 44.2801
17.0043 44.3312
16.9788 44.381
16.9537 44.4373
16.9291 44.4882
16.9059 44.5419
16.882 44.592
16.8593 44.6466
16.8361 44.6969
16.8126 44.7531
16.7897 44.803
16.7665 44.8566
16.7432 44.9062
16.7214 44.9601
16.6994 45.0093
16.68 45.0607
16.6607 45.1062
16.6429 45.1556
16.6249 45.1995
16.606 45.2508
16.5863 45.2976
16.5647 45.3491
16.5422 45.3983
16.52 45.4534
16.4976 45.5041
16.4756 45.5564
16.4524 45.6067
16.4295 45.6629
16.4074 45.713
16.3849 45.7701
16.3628 45.8211
16.3408 45.878
16.3188 45.9294
16.2979 45.9816
16.2774 46.0288
16.2562 46.0822
16.2341 46.1327
16.2139 46.1844
16.1951 46.2287
16.1759 46.2823
16.155 46.3333
16.1349 46.3866
16.1147 46.435
16.0968 46.4848
16.0781 46.5308
16.0597 46.5812
16.0417 46.6254
16.0232 46.6745
16.0046 46.7192
15.9849 46.7693
15.9642 46.8169
15.9434 46.8706
15.9223 46.9197
15.8987 46.9771
15.8737 47.0331
15.847 47.0948
15.8215 47.1502
15.7952 47.2099
15.7707 47.2625
15.7446 47.3227
15.7191 47.378
15.6944 47.4384
15.6692 47.4949
15.6442 47.5562
15.6199 47.6112
15.595 47.6704
15.5701 47.7252
15.5459 47.7836
15.5219 47.8371
15.5005 47.8925
15.4802 47.9405
15.4564 47.9955
15.4322 48.0475
15.406 48.1068
15.3805 48.1611
15.356 48.2173
15.3309 48.2708
15.3074 48.3267
15.2826 48.3807
15.2555 48.4416
15.2297 48.4966
15.2017 48.5603
15.174 48.6194
15.1476 48.6831
15.1206 48.7429
15.0952 48.8033
15.071 48.8568
15.0454 48.9168
15.0193 48.9734
14.9944 49.0339
14.9687 49.0907
14.9422 49.1511
14.9149 49.2088
14.8868 49.2719
14.8588 49.3307
14.8296 49.3944
14.8011 49.4534
14.7737 49.5154
14.7473 49.5715
14.7197 49.6372
14.6917 49.6985
14.663 49.7628
14.6362 49.8198
14.6096 49.8855
14.5827 49.946
14.5557 50.0101
14.5299 50.0671
14.5022 50.1291
14.4744 50.1872
14.4472 50.2504
14.4221 50.305
14.3984 50.3576
14.373 50.4101
14.3461 50.4701
14.3181 50.528
14.2888 50.5931
14.2602 50.6526
14.2324 50.7142
14.2044 50.7719
14.175 50.8384
14.1473 50.8968
14.1193 50.9608
14.0896 51.0227
14.0599 51.0899
14.0308 51.1509
14.0012 51.2159
13.974 51.2721
13.946 51.3361
13.9193 51.3927
13.8914 51.4557
13.8629 51.5152
13.8331 51.5811
13.8038 51.6415
13.7738 51.7072
13.7446 51.7671
13.7156 51.8332
13.6867 51.8939
13.6588 51.9587
13.6311 52.0177
13.6033 52.0817
13.5768 52.1382
13.5489 52.1998
13.5218 52.2555
13.4947 52.3132
13.4679 52.3668
13.4393 52.4277
13.4117 52.4831
13.3867 52.5395
13.3614 52.5918
13.3373 52.6476
13.3124 52.6998
13.2881 52.7564
13.2656 52.8049
13.2416 52.8604
13.2174 52.9115
13.1929 52.9682
13.1684 53.0199
13.1435 53.0751
13.1188 53.1258
13.094 53.1814
13.0709 53.2296
13.0459 53.2831
13.0193 53.3357
12.9895 53.3981
12.9626 53.4515
12.9389 53.5057
12.9139 53.5574
12.8872 53.6137
12.8623 53.6635
12.8377 53.7169
12.8147 53.7637
12.7909 53.8178
12.7665 53.8682
12.7384 53.9285
12.7117 53.9824
12.6847 54.0399
12.6602 54.0897
12.6334 54.1474
12.6064 54.2022
12.582 54.2576
12.5576 54.3091
12.5331 54.3654
12.5082 54.4185
12.4833 54.4764
12.4582 54.5303
12.4347 54.5878
12.4115 54.6399
12.3888 54.6975
12.3643 54.7531
12.3401 54.8142
12.2942 54.9132
12.2719 54.9777
12.1927 55.1468
12.1701 55.2192
12.1477 55.2786
12.1268 55.3444
12.1038 55.4054
12.0813 55.4697
12.0595 55.5259
12.0417 55.5828
12.0221 55.6362
12.0041 55.6948
11.9839 55.7504
11.9659 55.8083
11.9483 55.8578
11.9309 55.9133
11.9107 55.9676
11.8903 56.0254
11.8707 56.076
11.849 56.1351
11.828 56.1877
11.8073 56.245
11.7855 56.2997
11.7617 56.3641
11.7381 56.4232
11.7112 56.4917
11.6858 56.553
11.6599 56.6189
11.634 56.6808
11.61 56.7483
11.5863 56.8092
11.56 56.8765
11.5333 56.9401
11.506 57.0097
11.4799 57.0721
11.4516 57.1413
11.4233 57.2063
11.3938 57.2778
11.3654 57.3425
11.337 57.4117
11.3081 57.4769
11.2783 57.5478
11.1481 57.8153
11.0523 58.0521
10.9679 58.2386
10.9481 58.3071
10.9229 58.3716
10.8953 58.4347
10.836 58.5812
10.7894 58.6922
10.6672 58.986
10.5674 59.2133
10.5191 59.354
10.4815 59.4531
10.3233 59.8458
10.2886 59.9389
10.2507 60.0462
10.2182 60.1304
10.182 60.2241
10.1503 60.3017
10.1188 60.3858
10.0892 60.4595
10.0589 60.5409
10.0308 60.6113
10.0016 60.6866
9.97354 60.7544
9.94528 60.8266
9.91887 60.8907
9.89136 60.9631
9.86546 61.0269
9.84183 61.0922
9.81863 61.1513
9.7944 61.2185
9.77229 61.2756
9.74827 61.3398
9.72472 61.3984
9.70146 61.4574
9.67979 61.5096
9.65635 61.5677
9.63284 61.6232
9.60934 61.6851
9.58739 61.7394
9.56643 61.7988
9.54505 61.8536
9.52448 61.9099
9.50399 61.9612
9.48302 62.0151
9.46455 62.0602
9.4447 62.1118
9.42298 62.1634
9.40246 62.2152
9.38356 62.26
9.36329 62.3104
9.34168 62.3601
9.32155 62.411
9.3025 62.4559
9.28023 62.5073
9.25903 62.5541
9.23817 62.6056
9.21575 62.6565
9.19236 62.7121
9.16918 62.7636
9.14535 62.8192
9.12189 62.8706
9.09641 62.9281
9.06981 62.9843
9.04329 63.0433
9.01853 63.0954
8.99082 63.1554
8.96299 63.2126
8.93414 63.2769
8.90639 63.335
8.87889 63.3986
8.85149 63.4575
8.82408 63.5206
8.79611 63.5802
8.76912 63.6455
8.7401 63.7088
8.71029 63.7771
8.68206 63.8373
8.65354 63.9032
8.62231 63.9686
8.59019 64.0375
8.55815 64.1017
8.52406 64.174
8.49128 64.2393
8.45843 64.3089
8.42468 64.3753
8.39109 64.4447
8.35791 64.5091
8.32129 64.5825
8.28564 64.65
8.25022 64.7227
8.21612 64.7883
8.18226 64.859
8.14955 64.9225
8.11552 64.9895
8.08315 65.0497
8.047 65.1195
8.01285 65.182
7.9757 65.2538
7.93978 65.3191
7.90218 65.3902
7.86433 65.4576
7.82409 65.5311
7.76923 65.6248
7.71657 65.7191
7.68034 65.7834
7.64604 65.8513
7.61104 65.916
7.57619 65.9858
7.54104 66.0517
7.50866 66.1192
7.47541 66.1835
7.4446 66.2494
7.38077 66.3681
7.34761 66.4414
7.31619 66.5055
7.2855 66.5766
7.25495 66.6416
7.22564 66.7107
7.19707 66.7729
7.16548 66.8462
7.13375 66.9143
7.10458 66.9863
7.07577 67.0512
7.0457 67.1229
7.01465 67.1908
6.98381 67.2642
6.95276 67.3324
6.92312 67.405
6.89433 67.47
6.86427 67.5417
6.83505 67.6065
6.80787 67.6749
6.77976 67.7393
6.75332 67.8087
6.72712 67.8709
6.7001 67.9398
6.67262 68.0036
6.64287 68.0761
6.61275 68.1439
6.58363 68.2155
6.55577 68.2793
6.52781 68.3479
6.49926 68.4126
6.46955 68.4876
6.43926 68.5579
6.41045 68.6321
6.38082 68.7019
6.35112 68.7788
6.3196 68.8532
6.28896 68.9367
6.26086 69.0072
6.23338 69.0872
6.20455 69.1612
6.17589 69.2409
6.1466 69.3141
6.1176 69.3943
6.0885 69.467
6.06076 69.5402
6.03252 69.6083
6.00395 69.6824
5.97592 69.7494
5.94773 69.8217
5.91917 69.8891
5.88974 69.9668
5.86085 70.0368
5.83022 70.1141
5.7991 70.1865
5.76847 70.2627
5.73841 70.3322
5.7095 70.4029
5.68142 70.4671
5.65153 70.5438
5.62144 70.6144
5.59203 70.6904
5.56325 70.7584
5.53551 70.8305
5.50941 70.8926
5.48125 70.9663
5.45203 71.0345
5.42298 71.1079
5.39355 71.1749
5.36167 71.2486
5.33107 71.3142
5.30307 71.3806
5.27518 71.441
5.24469 71.5102
5.21604 71.5705
5.18777 71.6329
5.1587 71.6918
5.12799 71.7574
5.098 71.817
5.06736 71.8834
5.03727 71.9434
5.00589 72.0078
4.97479 72.0672
4.94372 72.1304
4.9133 72.1879
4.88119 72.2506
4.85214 72.3043
4.81876 72.3641
4.78695 72.419
4.75598 72.4775
4.72623 72.5307
4.69338 72.5919
4.66203 72.6473
4.63042 72.7065
4.59947 72.7612
4.56706 72.8221
4.53596 72.8773
4.50462 72.9344
4.47218 72.9902
4.43742 73.0535
4.40424 73.1111
4.36902 73.174
4.33584 73.2308
4.29993 73.2968
4.26529 73.3572
4.23069 73.4212
4.19581 73.4822
4.16036 73.5461
4.12725 73.6037
4.09116 73.669
4.05563 73.7308
4.02067 73.7988
3.98625 73.862
3.95198 73.9301
3.91848 73.9928
3.8851 74.0589
3.85323 74.1191
3.82349 74.1832
3.79368 74.2431
3.76584 74.3055
3.73905 74.3615
3.71402 74.4229
3.69019 74.4768
3.66763 74.5333
3.64538 74.5844
3.60155 74.6924
3.50631 74.8959
3.46215 75.0253
3.44093 75.0871
3.42251 75.156
3.40182 75.2188
3.38213 75.2895
3.36162 75.3528
3.34233 75.4225
3.32309 75.4832
3.30491 75.5482
3.28442 75.6102
3.26384 75.6804
3.24293 75.743
3.22298 75.8122
3.20293 75.8732
3.18152 75.9419
3.15907 76.0059
3.13852 76.0769
3.11572 76.1444
3.09387 76.2146
3.07166 76.2782
3.05042 76.3486
3.02801 76.4136
3.00543 76.4836
2.98234 76.5477
2.95935 76.617
2.93532 76.6819
2.90867 76.7523
2.88204 76.818
2.85811 76.8883
2.83444 76.9512
2.81032 77.0206
2.78729 77.0807
2.76485 77.1457
2.74338 77.2018
2.72182 77.265
2.69849 77.3247
2.67376 77.3876
2.64922 77.4453
2.62573 77.5036
2.60226 77.5576
2.57872 77.6171
2.53588 77.7113
2.51611 77.7629
2.4974 77.8069
2.47641 77.861
2.45532 77.9104
2.29616 78.2563
2.2741 78.3089
2.24818 78.367
2.20509 78.4536
2.17866 78.511
2.13141 78.6045
2.10709 78.6532
2.05341 78.7736
2.01244 78.8624
1.73831 79.4524
1.69847 79.5407
1.65184 79.6474
1.6161 79.7252
1.57668 79.8166
1.5418 79.893
1.50877 79.972
1.47957 80.0375
1.44808 80.1101
1.42078 80.1698
1.38942 80.2402
1.35998 80.3028
1.32907 80.3708
1.30016 80.431
1.26904 80.4983
1.23971 80.5588
1.20976 80.6229
1.18296 80.6777
1.15472 80.7373
1.12689 80.7933
1.09686 80.8542
1.06879 80.9091
1.04116 80.9693
0.925559 81.1876
0.898715 81.2563
0.874552 81.3101
0.849384 81.3716
0.82661 81.4228
0.806381 81.475
0.786148 81.5218
0.767605 81.5758
0.74784 81.6249
0.727183 81.6829
0.706611 81.7336
0.684819 81.7906
0.662205 81.8433
0.639793 81.8986
0.618427 81.9472
0.597125 82.0018
0.575709 82.0516
0.554038 82.1068
0.531002 82.1594
0.509099 82.2179
0.486799 82.2712
0.463636 82.3284
0.438273 82.3857
0.411359 82.4545
0.384763 82.517
0.358514 82.5848
0.33288 82.6459
0.310593 82.713
0.286014 82.7768
0.262509 82.8436
0.237404 82.9069
0.216096 82.9709
0.192839 83.0317
0.168466 83.1024
0.143656 83.167
0.120677 83.2385
0.0978242 83.3017
0.0737179 83.372
0.0501087 83.4347
0.0271825 83.5022
0.00268779 83.5669
-0.0190162 83.6378
-0.0418128 83.7031
-0.0635382 83.7696
-0.0851021 83.8293
-0.105943 83.8933
-0.126999 83.9516
-0.14901 84.0142
-0.17085 84.0715
-0.190938 84.132
-0.211695 84.1884
-0.233636 84.2517
-0.255143 84.3089
-0.279263 84.3749
-0.303936 84.4374
-0.327541 84.5043
-0.350123 84.5634
-0.375568 84.6286
-0.401687 84.6917
-0.429017 84.7571
-0.454403 84.8158
-0.481708 84.882
-0.508466 84.944
-0.535833 85.0137
-0.56522 85.083
-0.597934 85.1605
-0.628519 85.2297
-0.658964 85.3025
-0.687766 85.3678
-0.719135 85.4393
-0.750335 85.507
-0.779872 85.5806
-0.80895 85.6474
-0.840805 85.7233
-0.870029 85.7888
-0.900467 85.8608
-0.92916 85.9242
-0.957387 85.9917
-0.984216 86.051
-1.01017 86.113
-1.03673 86.171
-1.06402 86.2344
-1.09047 86.2913
-1.1183 86.3521
-1.14387 86.4049
-1.16985 86.4642
-1.19593 86.5188
-1.22342 86.5784
-1.25216 86.6359
-1.28132 86.6994
-1.31058 86.7583
-1.34293 86.8236
-1.37395 86.8829
-1.40451 86.947
-1.43338 87.0039
-1.46361 87.0677
-1.49384 87.127
-1.52603 87.1926
-1.55804 87.2537
-1.58798 87.315
-1.61539 87.3681
-1.64603 87.4277
-1.67671 87.4844
-1.70372 87.5423
-1.73053 87.5952
-1.76029 87.6544
-1.787 87.705
-1.81482 87.7606
-1.84149 87.811
-1.86726 87.8646
-1.89348 87.9153
-1.92293 87.9746
-1.95348 88.0323
-1.98646 88.0958
-2.01776 88.1536
-2.04896 88.2158
-2.07886 88.2722
-2.11104 88.337
-2.14275 88.3972
-2.17538 88.4623
-2.20746 88.5229
-2.23962 88.5926
-2.26975 88.6532
-2.30038 88.721
-2.33001 88.7814
-2.35997 88.8468
-2.389 88.9054
-2.41697 88.9637
-2.44468 89.0179
-2.47278 89.0793
-2.49991 89.1343
-2.52704 89.194
-2.55279 89.2468
-2.57873 89.3027
-2.60518 89.3557
-2.62907 89.4112
-2.65262 89.4614
-2.67821 89.5134
-2.70447 89.5642
-2.73258 89.6195
-2.75815 89.6687
-2.78523 89.7288
-2.8141 89.7884
-2.84302 89.8545
-2.8707 89.9137
-2.89965 89.979
-2.92962 90.0421
-2.96047 90.1102
-2.99064 90.1734
-3.01963 90.2394
-3.04865 90.3017
-3.07574 90.3705
-3.10234 90.4325
-3.12759 90.4989
-3.15352 90.5607
-3.17665 90.6246
-3.19883 90.6804
-3.22 90.7435
-3.24129 90.7996
-3.26137 90.8626
-3.28106 90.9167
-3.29692 90.9717
-3.31337 91.0198
-3.32986 91.0757
-3.34759 91.1263
-3.36566 91.1844
-3.3864 91.241
-3.40645 91.3001
-3.42621 91.3528
-3.44503 91.413
-3.46409 91.4668
-3.48436 91.5275
-3.50579 91.5849
-3.52505 91.6474
-3.54487 91.7041
-3.56363 91.7666
-3.58268 91.8227
-3.60092 91.881
-3.62056 91.9366
-3.63995 91.998
-3.65895 92.0528
-3.67696 92.116
-3.69662 92.1758
-3.71746 92.241
-3.73673 92.2972
-3.75214 92.3571
-3.76897 92.4126
-3.78342 92.4685
-3.79928 92.5207
-3.8163 92.5794
-3.83347 92.6326
-3.85237 92.6939
-3.87156 92.7507
-3.88841 92.811
-3.90606 92.8665
-3.92382 92.9258
-3.94212 92.9806
-3.96061 93.0421
-3.97959 93.0985
-3.997 93.1581
-4.07401 93.3593
-4.09572 93.4332
-4.11677 93.4941
-4.13873 93.5647
-4.16269 93.6319
-4.18804 93.7035
-4.21272 93.7679
-4.23806 93.8353
-4.2631 93.8978
-4.28853 93.9667
-4.31303 94.0284
-4.33737 94.0921
-4.36152 94.1508
-4.38747 94.2163
-4.41287 94.2764
-4.43693 94.3399
-4.46122 94.3989
-4.48803 94.466
-4.51348 94.5258
-4.53917 94.5885
-4.56546 94.6485
-4.59284 94.7125
-4.61806 94.7688
-4.64265 94.8291
-4.66715 94.8849
-4.69409 94.9498
-4.72032 95.0087
-4.74792 95.0767
-4.77507 95.1382
-4.80306 95.2048
-4.82921 95.2631
-4.86031 95.3311
-4.88992 95.3928
-4.9182 95.4567
-4.945 95.5138
-4.97401 95.5741
-5.00247 95.6308
-5.03181 95.694
-5.06204 95.7552
-5.09467 95.8228
-5.12475 95.8825
-5.15566 95.9467
-5.18599 96.0064
-5.21828 96.0717
-5.25027 96.1331
-5.28353 96.2
-5.31453 96.2592
-5.43251 96.4831
-5.51896 96.6406
-5.61421 96.8283
-5.64456 96.888
-5.69799 96.9833
-5.77032 97.1322
-5.81915 97.2307
-5.96511 97.5363
-6.01004 97.6339
-6.06381 97.7518
-6.10507 97.8391
-6.22923 98.1075
-6.26295 98.1844
-6.29936 98.2714
-6.35529 98.3906
-6.39085 98.4702
-6.42159 98.5362
-6.44975 98.6115
-6.47674 98.6771
-6.50348 98.7484
-6.5297 98.8123
-6.55506 98.8776
-6.57925 98.9357
-6.60075 98.9973
-6.62095 99.0502
-6.64208 99.1114
-6.66312 99.1666
-6.68581 99.2287
-6.70834 99.2857
-6.7282 99.3446
-6.74799 99.3978
-6.7693 99.4605
-6.79047 99.5172
-6.80902 99.5762
-6.82704 99.6277
-6.84329 99.6798
-6.86125 99.7301
-6.88017 99.786
-6.89811 99.8345
-6.91531 99.8894
-6.93292 99.9394
-6.95017 99.9945
-6.96757 100.044
-6.98624 100.101
-7.00583 100.154
-7.02602 100.213
-7.04712 100.269
-7.07024 100.33
-7.09296 100.386
-7.11816 100.45
-7.1426 100.508
-7.16627 100.572
-7.19042 100.632
-7.21593 100.694
-7.24091 100.752
-7.26599 100.814
-7.29064 100.872
-7.31557 100.932
-7.33809 100.984
-7.36191 101.041
-7.38663 101.096
-7.40919 101.153
-7.4315 101.205
-7.45054 101.256
-7.47125 101.305
-7.49264 101.36
-7.5138 101.41
-7.53806 101.467
-7.56285 101.52
-7.59223 101.585
-7.62257 101.647
-7.65193 101.711
-7.68123 101.771
-7.71265 101.841
-7.74495 101.908
-7.77799 101.979
-7.8106 102.045
-7.84549 102.118
-7.87942 102.186
-7.91316 102.255
-7.94581 102.318
-7.98176 102.39
-8.01487 102.452
-8.0478 102.518
-8.08005 102.579
-8.11563 102.648
-8.15021 102.711
-8.18578 102.778
-8.21853 102.838
-8.25225 102.906
-8.28705 102.971
-8.32363 103.042
-8.35818 103.105
-8.39474 103.176
-8.43114 103.241
-8.46874 103.312
-8.50512 103.376
-8.54231 103.443
-8.57864 103.506
-8.61523 103.572
-8.64995 103.632
-8.68627 103.697
-8.72101 103.756
-8.7581 103.823
-8.79638 103.888
-8.83527 103.952
-8.87257 104.011
-8.91148 104.078
-8.94915 104.139
-8.98885 104.206
-9.02672 104.267
-9.06709 104.332
-9.10636 104.393
-9.14777 104.459
-9.18757 104.519
-9.23364 104.589
-9.27654 104.651
-9.32235 104.722
-9.36577 104.786
-9.41047 104.853
-9.45297 104.914
-9.50054 104.984
-9.54513 105.047
-9.59052 105.115
-9.63223 105.175
-9.67643 105.24
-9.71823 105.299
-9.76396 105.366
-9.80599 105.425
-9.85061 105.493
-9.89402 105.555
-9.93758 105.622
-9.97892 105.682
-10.0209 105.749
-10.0613 105.808
-10.1037 105.874
-10.145 105.934
-10.1888 106
-10.2328 106.062
-10.2727 106.123
-10.3153 106.183
-10.3608 106.25
-10.3989 106.305
-10.4378 106.364
-10.4759 106.418
-10.5129 106.475
-10.5456 106.522
-10.5834 106.577
-10.6196 106.626
-10.6555 106.678
-10.6881 106.723
-10.7203 106.771
-10.7515 106.815
-10.7858 106.865
-10.8185 106.91
-10.8526 106.958
-10.8869 107.003
-10.9227 107.052
-10.9553 107.095
-10.989 107.143
-11.0225 107.187
-11.0584 107.234
-11.0909 107.275
-11.1239 107.321
-11.1584 107.365
-11.1984 107.419
-11.2348 107.466
-11.2706 107.514
-11.3055 107.558
-11.3434 107.61
-11.3804 107.657
-11.4201 107.707
-11.456 107.751
-11.4926 107.795
-11.5275 107.836
-11.5638 107.881
-11.5998 107.924
-11.6402 107.972
-11.6793 108.016
-11.72 108.067
-11.7579 108.112
-11.7962 108.161
-11.8337 108.206
-11.8758 108.256
-11.9128 108.298
-11.9494 108.342
-11.9864 108.385
-12.0294 108.435
-12.0679 108.478
-12.1072 108.525
-12.144 108.566
-12.1835 108.614
-12.2198 108.656
-12.2558 108.698
-12.2915 108.738
-12.3318 108.782
-12.3684 108.82
-12.4066 108.862
-12.4425 108.899
-12.4849 108.944
-12.528 108.988
-12.5731 109.037
-12.6133 109.078
-12.6557 109.124
-12.6955 109.164
-12.7396 109.211
-12.7809 109.252
-12.8244 109.297
-12.8636 109.335
-12.9057 109.377
-12.9483 109.418
-12.9918 109.459
-13.031 109.495
-13.0733 109.533
-13.1149 109.57
-13.1593 109.608
-13.2005 109.643
-13.2471 109.684
-13.2923 109.722
-13.3451 109.767
-13.3934 109.807
-13.4451 109.849
-13.4926 109.887
-13.5471 109.932
-13.5996 109.973
-13.6558 110.017
-13.707 110.056
-13.761 110.099
-13.8133 110.138
-13.8699 110.18
-13.9219 110.217
-13.9782 110.258
-14.0283 110.292
-14.0847 110.331
-14.1361 110.365
-14.1891 110.403
-14.3892 110.525
-14.4522 110.563
-14.5026 110.592
-14.5615 110.626
-14.6144 110.655
-14.6726 110.69
-14.7219 110.717
-14.7785 110.75
-14.8309 110.779
-14.887 110.808
-14.9403 110.834
-14.9988 110.863
-15.0507 110.887
-15.1067 110.913
-15.1566 110.934
-15.2153 110.959
-15.2697 110.981
-15.3289 111.007
-15.3844 111.029
-15.444 111.05
-15.4999 111.069
-15.5637 111.092
-15.7134 111.142
-15.7798 111.162
-15.8396 111.18
-15.9055 111.201
-15.9654 111.219
-16.0327 111.24
-16.0921 111.258
-16.1553 111.278
-16.2102 111.294
-16.2697 111.315
-16.3228 111.332
-16.3832 111.351
-16.438 111.366
-16.4971 111.384
-16.5528 111.399
-16.6135 111.416
-16.7234 111.441
-16.7845 111.46
-16.8389 111.474
-16.8988 111.491
-16.9535 111.505
-17.0099 111.52
-17.1676 111.551
-17.2328 111.567
-17.2945 111.58
-17.3594 111.591
-17.4215 111.601
-18.0006 111.688
-18.1874 111.708
-18.3361 111.726
-18.4071 111.733
-18.6852 111.763
-18.7623 111.771
-18.8442 111.779
-18.9169 111.784
-18.9987 111.789
-19.07 111.792
-19.3399 111.796
-19.4733 111.794
-19.5565 111.796
-19.629 111.795
-19.7118 111.798
-19.7847 111.797
-19.8606 111.795
-19.926 111.792
-19.9982 111.788
-20.0634 111.783
-20.1339 111.78
-20.1972 111.775
-20.264 111.774
-20.3254 111.77
-20.3954 111.77
-20.4585 111.766
-20.5285 111.764
-20.5917 111.76
-20.66 111.755
-20.722 111.749
-20.7913 111.744
-20.8569 111.737
-20.9341 111.732
-21.0047 111.724
-21.0817 111.718
-21.1555 111.708
-21.2321 111.698
-21.3032 111.686
-21.3815 111.677
-21.4528 111.667
-21.5324 111.657
-21.6058 111.646
-21.6848 111.636
-21.7568 111.625
-21.8361 111.616
-21.9041 111.606
-21.9807 111.594
-22.0516 111.582
-22.1291 111.572
-22.1958 111.561
-22.2653 111.554
-22.3288 111.544
-22.3959 111.535
-22.4565 111.525
-22.5207 111.516
-22.5817 111.505
-22.6487 111.493
-22.7107 111.481
-22.7759 111.468
-22.8345 111.455
-22.9005 111.442
-22.9615 111.429
-23.0273 111.414
-23.0873 111.4
-23.1548 111.386
-23.2158 111.372
-23.2821 111.358
-23.3436 111.343
-23.4097 111.327
-23.4685 111.312
-23.5321 111.299
-23.5895 111.285
-23.6515 111.272
-23.7085 111.258
-23.7705 111.246
-23.8283 111.232
-23.8907 111.219
-23.9484 111.206
-24.0046 111.194
-24.0558 111.182
-24.1153 111.17
-24.168 111.158
-24.2274 111.148
-24.2826 111.137
-24.3456 111.123
-24.4037 111.109
-24.466 111.095
-24.5189 111.081
-24.5744 111.07
-24.626 111.057
-24.6865 111.046
-24.7419 111.034
-24.806 111.022
-24.8677 111.007
-24.9361 110.991
-24.9996 110.974
-25.07 110.955
-25.1351 110.937
-25.2111 110.918
-25.2795 110.899
-25.3554 110.879
-25.4277 110.858
-25.5061 110.836
-25.5753 110.815
-25.6455 110.796
-25.7115 110.777
-25.784 110.756
-25.85 110.736
-25.9204 110.717
-25.9883 110.697
-26.0606 110.677
-26.1284 110.657
-26.1987 110.641
-26.2639 110.624
-26.3367 110.604
-26.4036 110.584
-26.4757 110.565
-26.5432 110.546
-26.6158 110.526
-26.6822 110.506
-26.7532 110.49
-26.8193 110.472
-26.8886 110.456
-26.9528 110.438
-27.0223 110.422
-27.0845 110.406
-27.1527 110.392
-27.2168 110.375
-27.2851 110.36
-27.3491 110.342
-27.42 110.325
-27.4857 110.306
-27.5608 110.287
-27.6279 110.267
-27.7046 110.249
-27.778 110.229
-27.8579 110.21
-27.9311 110.19
-28.0064 110.172
-28.072 110.154
-28.1444 110.137
-28.2118 110.118
-28.2839 110.1
-28.3524 110.081
-28.4242 110.061
-28.4924 110.04
-28.5667 110.02
-28.6337 110
-28.7076 109.982
-28.7752 109.963
-28.8532 109.944
-28.9254 109.924
-29.0018 109.907
-29.07 109.889
-29.1433 109.872
-29.209 109.855
-29.2808 109.838
-29.3455 109.82
-29.4153 109.806
-29.4792 109.79
-29.5479 109.775
-29.611 109.758
-29.6798 109.74
-29.7413 109.722
-29.8079 109.707
-29.8687 109.69
-29.9346 109.675
-29.9903 109.66
-30.0564 109.644
-30.1175 109.628
-30.1828 109.613
-30.2457 109.595
-30.3127 109.583
-30.3712 109.569
-30.436 109.554
-30.4971 109.537
-30.5652 109.521
-30.6278 109.504
-30.6984 109.488
-30.7647 109.47
-30.8335 109.453
-30.8953 109.436
-30.9637 109.421
-31.0253 109.405
-31.0941 109.39
-31.1551 109.374
-31.2197 109.359
-31.2761 109.343
-31.3401 109.327
-31.4002 109.309
-31.4672 109.294
-31.5283 109.277
-31.5941 109.26
-31.6542 109.242
-31.7148 109.225
-31.7663 109.209
-31.8263 109.19
-31.8808 109.171
-31.9426 109.151
-31.9974 109.132
-32.0541 109.114
-32.1059 109.095
-32.1656 109.071
-32.2226 109.048
-32.2865 109.023
-32.3475 108.998
-32.4081 108.973
-32.4614 108.95
-32.5216 108.924
-32.5802 108.898
-32.6471 108.873
