0.0220944 -3.01888
0.0526862 -2.9938
0.0858194 -2.96895
0.116869 -2.90784
0.131334 -2.87625
0.143362 -2.8254
0.1636 -2.78719
0.197189 -2.66579
0.230929 -2.58142
0.255576 -2.42606
0.281469 -2.32045
0.293955 -2.16906
0.315955 -2.06402
0.346202 -1.96863
0.378298 -1.89954
0.451827 -1.83992
0.50922 -1.79463
0.560985 -1.74811
0.6048 -1.71112
0.875758 -1.63236
1.05936 -1.57221
1.36638 -1.48868
1.57302 -1.42561
1.85302 -1.34665
2.04371 -1.2846
2.28096 -1.21229
2.44397 -1.15512
2.63709 -1.09416
2.77161 -1.04442
2.93024 -0.987889
3.04225 -0.941145
3.17267 -0.890406
3.26634 -0.847512
3.37397 -0.800242
3.45375 -0.75885
3.5459 -0.712438
3.61492 -0.67243
3.68985 -0.634926
3.74701 -0.601411
3.81437 -0.562189
3.86822 -0.525861
3.93109 -0.486322
3.98421 -0.447547
4.04558 -0.403119
4.0972 -0.361608
4.15399 -0.318745
4.20247 -0.27837
4.26193 -0.232108
4.31078 -0.190969
4.36333 -0.147102
4.40902 -0.106141
4.45925 -0.0614809
4.50685 -0.0161124
4.56012 0.0309338
4.60496 0.0726809
4.65447 0.115513
4.70015 0.15828
4.74978 0.198976
4.79232 0.236993
4.84173 0.279332
4.88588 0.32039
4.93552 0.362192
4.97882 0.401697
5.02697 0.441509
5.06748 0.47786
5.11865 0.522073
5.166 0.566596
5.21744 0.612629
5.26098 0.653826
5.3059 0.693065
5.3455 0.73026
5.38942 0.771924
5.42781 0.81013
5.47313 0.853246
5.51327 0.893433
5.55584 0.936965
5.59638 0.979963
5.64195 1.02563
5.68237 1.06773
5.72724 1.11522
5.77031 1.16217
5.81581 1.20736
5.85817 1.25162
5.9047 1.2974
5.94606 1.34028
5.99339 1.38643
6.03597 1.43042
6.08083 1.47504
6.12235 1.51875
6.16723 1.56636
6.21001 1.61357
6.25694 1.65948
6.29877 1.70299
6.34758 1.75256
6.39356 1.80214
6.44628 1.8522
6.49184 1.89865
6.5425 1.94779
6.58935 1.9969
6.63869 2.04831
6.68382 2.09786
6.73315 2.14969
6.77809 2.19918
6.82725 2.25145
6.87218 2.30126
6.9251 2.35437
6.97227 2.40439
7.02286 2.45386
7.06727 2.49985
7.11713 2.54738
7.16219 2.59339
7.21057 2.63943
7.25608 2.68595
7.30734 2.73415
7.35426 2.78112
7.40912 2.8292
7.45813 2.87543
7.51288 2.92378
7.563 2.97099
7.62034 3.01891
7.67075 3.06391
7.72615 3.11202
7.77673 3.15841
7.83259 3.20407
7.88247 3.24727
7.93754 3.28813
7.98949 3.33037
8.04856 3.37172
8.10162 3.41245
8.15801 3.45116
8.20792 3.48855
8.26437 3.52457
8.31608 3.56141
8.37184 3.59947
8.42092 3.6353
8.47985 3.67057
8.53361 3.70656
8.5899 3.73855
8.64072 3.77107
8.69938 3.80717
8.80469 3.8837
8.86761 3.9198
8.92293 3.95494
8.98737 3.98999
9.04496 4.02446
9.10801 4.0569
9.16558 4.08997
9.23033 4.12491
9.28712 4.15781
9.34804 4.18991
9.40286 4.22102
9.46262 4.25125
9.51718 4.28116
9.57946 4.3093
9.63629 4.33804
9.6992 4.36351
9.75633 4.39011
9.81774 4.41585
9.8675 4.43843
9.9244 4.45968
9.97541 4.48185
10.0321 4.50339
10.0872 4.52817
10.1462 4.55263
10.1987 4.5769
10.256 4.60315
10.4791 4.72678
10.5419 4.74962
10.594 4.77305
10.6519 4.79736
10.7022 4.82087
10.758 4.84315
10.8074 4.86544
10.8626 4.88963
10.9162 4.91576
10.9717 4.94138
11.0224 4.96669
11.0779 4.99272
11.126 5.0167
11.1801 5.04281
11.2289 5.06784
11.2835 5.09481
11.3334 5.12092
11.3899 5.14684
11.4409 5.17217
11.4964 5.1968
11.5455 5.22062
11.602 5.24723
11.656 5.27483
11.7182 5.30541
11.7752 5.33507
11.8335 5.36508
11.8871 5.3939
11.9443 5.42369
11.9969 5.45222
12.0538 5.47954
12.1073 5.50719
12.1645 5.5347
12.2161 5.5613
12.2737 5.58963
12.3269 5.61758
12.382 5.64117
12.4297 5.66363
12.4817 5.68841
12.5301 5.71324
12.5874 5.74135
12.6395 5.76853
12.6929 5.7941
12.7395 5.81776
12.7901 5.84387
12.8376 5.86946
12.8888 5.89529
12.9339 5.91903
12.9866 5.94646
13.0378 5.97424
13.0915 6.00156
13.2249 6.07544
13.2802 6.103
13.329 6.12909
13.47 6.20247
13.5176 6.22713
13.5721 6.25377
13.622 6.28
13.6765 6.30761
13.8183 6.38635
13.8808 6.41692
13.935 6.44553
14.1454 6.56116
14.2503 6.62165
14.3189 6.65727
14.3782 6.69007
14.4459 6.72587
14.5069 6.7595
14.7249 6.87751
14.884 6.96679
14.959 7.00446
15.0177 7.0362
15.0815 7.06674
15.3252 7.20675
15.4556 7.26976
15.5174 7.30146
15.5839 7.33584
15.6419 7.36825
15.7107 7.40483
15.7748 7.44146
15.8473 7.48027
15.9139 7.51837
15.9903 7.55967
16.0578 7.59841
16.1321 7.63935
16.2008 7.67956
16.2781 7.72356
16.3485 7.76562
16.423 7.80511
16.4926 7.84502
16.5685 7.88665
16.6374 7.9269
16.7102 7.96796
16.7768 8.00773
16.849 8.04753
16.9161 8.08723
16.991 8.12782
17.0587 8.16746
17.1297 8.20895
17.193 8.24804
17.2603 8.28501
17.3192 8.31989
17.383 8.3605
17.4431 8.4003
17.5068 8.44043
17.5636 8.47783
17.6246 8.51565
17.6803 8.55198
17.7433 8.58927
17.8009 8.62589
17.8625 8.66206
17.9202 8.69893
17.9805 8.73572
18.0326 8.76958
18.0942 8.80755
18.1503 8.84465
18.211 8.88318
18.2655 8.91998
18.3243 8.95767
18.3767 8.99341
18.4357 9.03291
18.4878 9.06958
18.5453 9.10922
18.5973 9.1468
18.6563 9.18807
18.7081 9.22598
18.766 9.26511
18.8185 9.30294
18.8781 9.34595
18.9334 9.38792
18.9915 9.43111
19.0455 9.47298
19.1052 9.51917
19.1572 9.56057
19.216 9.60505
19.2718 9.6492
19.3322 9.69743
19.3877 9.74291
19.4477 9.78805
19.5007 9.8298
19.5617 9.87428
19.6166 9.91679
19.6781 9.96114
19.7354 10.0057
19.7995 10.0509
19.8575 10.0952
19.917 10.138
19.9713 10.1804
20.034 10.2261
20.0912 10.2715
20.1509 10.3177
20.2037 10.3612
20.2626 10.4067
20.3168 10.4517
20.3722 10.4971
20.4217 10.5398
20.475 10.5868
20.5243 10.6318
20.5781 10.6794
20.6269 10.7241
20.6811 10.7703
20.7302 10.8144
20.7819 10.8606
20.8299 10.9053
20.8812 10.9522
20.9264 10.995
20.9771 11.0417
21.0242 11.0867
21.0774 11.1351
21.1259 11.1813
21.1769 11.2283
21.2207 11.2702
21.2684 11.3138
21.3108 11.3544
21.3587 11.3975
21.4023 11.4392
21.4528 11.4857
21.4975 11.5291
21.5454 11.5749
21.5903 11.6199
21.6369 11.665
21.6801 11.7087
21.7296 11.7555
21.7725 11.7982
21.8181 11.8401
21.8591 11.8803
21.9057 11.9236
21.9469 11.9644
21.992 12.0103
22.0333 12.0541
22.0805 12.1002
22.1233 12.1447
22.17 12.1877
22.2124 12.2302
22.2603 12.2765
22.3027 12.3203
22.3492 12.3687
22.389 12.4122
22.4334 12.4601
22.4744 12.5064
22.5187 12.5537
22.5591 12.5991
22.6053 12.6479
22.6471 12.6947
22.6954 12.7467
22.737 12.7937
22.7824 12.8439
22.8237 12.8919
22.8702 12.9454
22.9134 12.9973
22.9597 13.0529
23.0021 13.1056
23.0487 13.1636
23.0907 13.2172
23.1381 13.2737
23.1802 13.326
23.2264 13.3815
23.2692 13.4353
23.3172 13.4918
23.3602 13.5454
23.4063 13.6008
23.4482 13.6539
23.4949 13.7123
23.5369 13.7675
23.582 13.8249
23.6209 13.8765
23.6651 13.9333
23.7046 13.9866
23.7481 14.0431
23.7867 14.0961
23.8318 14.1539
23.8726 14.2097
23.9185 14.2719
23.9581 14.3283
24.0011 14.3878
24.039 14.4429
24.0811 14.502
24.1184 14.5572
24.1604 14.6181
24.1974 14.6745
24.2392 14.7335
24.2762 14.7894
24.3171 14.8481
24.3526 14.9026
24.3929 14.9642
24.4298 15.0239
24.4702 15.0872
24.5357 15.1998
24.6094 15.315
24.6461 15.3745
24.6799 15.4355
24.7578 15.5873
24.8145 15.7039
24.891 15.8592
24.9473 15.9803
25.0143 16.1279
25.0639 16.2442
25.1207 16.3785
25.1629 16.485
25.2135 16.6056
25.2519 16.7054
25.2947 16.8132
25.3272 16.9032
25.3647 17.0031
25.394 17.0907
25.4258 17.1903
25.4502 17.2753
25.4757 17.366
25.4961 17.4467
25.52 17.5343
25.5385 17.6114
25.5586 17.6968
25.5738 17.7706
25.5908 17.8527
25.6041 17.9269
25.62 18.0107
25.6321 18.0861
25.6444 18.1682
25.6535 18.2418
25.6633 18.3222
25.6702 18.3947
25.676 18.4748
25.6796 18.5469
25.682 18.6216
25.6812 18.9107
25.6743 19.006
25.6675 19.0856
25.6189 19.5227
25.565 19.843
25.549 19.944
25.5356 20.019
25.4867 20.2873
25.4309 20.5354
25.4163 20.6331
25.3168 21.0357
25.3111 21.136
25.3008 21.2103
25.2912 21.2942
25.2803 21.3627
25.27 21.4355
25.259 21.4967
25.2485 21.5633
25.2367 21.623
25.2262 21.6875
25.2151 21.7437
25.2042 21.8031
25.1928 21.8554
25.1791 21.9181
25.1644 21.9774
25.1505 22.0395
25.1361 22.0964
25.1226 22.1556
25.1086 22.2102
25.0941 22.2707
25.0786 22.3286
25.0609 22.3961
25.0424 22.461
25.0252 22.5281
25.0077 22.59
24.9906 22.6576
24.9739 22.7171
24.9583 22.7823
24.9406 22.8453
24.9225 22.9147
24.9039 22.978
24.8857 23.0463
24.8672 23.1084
24.8492 23.1768
24.8302 23.2404
24.8113 23.3118
24.7919 23.3767
24.7741 23.4442
24.7557 23.5054
24.7369 23.5754
24.7172 23.6396
24.6991 23.7068
24.6791 23.7711
24.6578 23.8446
24.6358 23.912
24.6152 23.9826
24.5938 24.0475
24.5718 24.1219
24.5482 24.1917
24.5261 24.2657
24.5037 24.3327
24.4826 24.4036
24.4612 24.4675
24.4393 24.5379
24.4167 24.6027
24.395 24.6692
24.3736 24.7285
24.3526 24.7921
24.332 24.8488
24.3119 24.9099
24.2905 24.9676
24.269 25.0334
24.2481 25.0905
24.2275 25.1535
24.2057 25.212
24.1844 25.2772
24.1621 25.3366
24.1396 25.4025
24.1172 25.4613
24.0948 25.5273
24.071 25.5886
24.047 25.6563
24.0229 25.7176
23.9989 25.7849
23.9752 25.8451
23.9528 25.9095
23.9311 25.9659
23.907 26.0316
23.8828 26.0911
23.8584 26.1548
23.8351 26.2106
23.8104 26.2732
23.7873 26.3279
23.7654 26.3863
23.7416 26.4432
23.7171 26.5059
23.6951 26.5589
23.6724 26.6157
23.6508 26.666
23.6287 26.7205
23.6074 26.7692
23.5865 26.8226
23.5671 26.8686
23.5459 26.9214
23.5243 26.9706
23.5029 27.0211
23.4837 27.0636
23.4635 27.1132
23.4434 27.1581
23.4245 27.2046
23.4041 27.25
23.3847 27.2966
23.3644 27.341
23.3412 27.3935
23.3178 27.4427
23.2932 27.497
23.2678 27.5494
23.2412 27.6066
23.2138 27.6619
23.1846 27.7238
23.1552 27.7823
23.1245 27.8485
22.9735 28.1262
22.9378 28.2048
22.8647 28.34
22.8223 28.4292
22.7827 28.5059
22.7434 28.5884
22.7035 28.6649
22.6629 28.7456
22.6247 28.817
22.5835 28.8996
22.5433 28.9744
22.5012 29.056
22.461 29.1289
22.4189 29.2089
22.3779 29.2821
22.3359 29.364
22.2966 29.4356
22.2581 29.5134
22.2194 29.5852
22.1807 29.6652
22.1432 29.7368
22.1087 29.8102
22.0755 29.8754
22.0423 29.9477
22.0105 30.0114
21.9788 30.0826
21.9455 30.1499
21.9151 30.22
21.8852 30.2828
21.8584 30.3465
21.8306 30.4058
21.8021 30.4729
21.7741 30.5333
21.7469 30.6001
21.7172 30.6651
21.691 30.7295
21.6633 30.7908
21.6355 30.8606
21.6066 30.9261
21.5769 31.001
21.5474 31.0692
21.5199 31.14
21.493 31.2037
21.4656 31.2773
21.4361 31.3483
21.4106 31.4225
21.3851 31.4889
21.3613 31.5624
21.3357 31.6313
21.3103 31.7071
21.2852 31.7747
21.2597 31.8515
21.2329 31.9239
21.2078 32.0022
21.1825 32.0735
21.1595 32.1528
21.1362 32.2238
21.1148 32.2995
21.0925 32.3684
21.0726 32.4439
21.05 32.5161
21.0275 32.5975
21.0042 32.6718
20.9832 32.7529
20.961 32.8271
20.9413 32.9086
20.9199 32.9841
20.9001 33.0632
20.8795 33.135
20.8605 33.2141
20.8402 33.2869
20.8207 33.365
20.8001 33.4372
20.7808 33.5147
20.761 33.5849
20.7415 33.6627
20.721 33.7343
20.7006 33.8123
20.6797 33.8837
20.6586 33.9606
20.6374 34.0312
20.6173 34.1084
20.5962 34.1806
20.5772 34.2535
20.5598 34.3149
20.5121 34.4807
20.497 34.5373
20.4309 34.7682
20.414 34.8327
20.3985 34.9055
20.381 34.9711
20.3617 35.044
20.344 35.1054
20.3081 35.2308
20.2895 35.2953
20.2718 35.3677
20.2539 35.4313
20.2375 35.5008
20.2198 35.5648
20.2019 35.6353
20.1856 35.6935
20.1704 35.7556
20.1546 35.8119
20.1389 35.8772
20.1217 35.9387
20.1054 36.0038
20.0869 36.0678
20.0668 36.1412
20.0472 36.2071
20.0299 36.2784
19.9304 36.591
19.9141 36.6851
19.895 36.7641
19.8348 36.9869
19.8144 37.0647
19.7949 37.1477
19.7747 37.2221
19.7548 37.3084
19.7344 37.3855
19.7157 37.4685
19.6958 37.5444
19.6776 37.6241
19.6585 37.6968
19.6378 37.7754
19.6175 37.8461
19.5953 37.9248
19.5731 37.9979
19.5508 38.0782
19.5301 38.1481
19.5095 38.2195
19.4886 38.2871
19.4677 38.3615
19.4478 38.4276
19.4288 38.4988
19.4094 38.5644
19.3908 38.6371
19.3714 38.7048
19.3508 38.7782
19.3309 38.8439
19.3109 38.9138
19.2907 38.9789
19.2703 39.0482
19.2516 39.1081
19.2327 39.1722
19.2137 39.2318
19.1959 39.2991
19.1768 39.3629
19.1578 39.4321
19.1397 39.4919
19.1224 39.5562
19.1033 39.6184
19.0633 39.7437
19.0436 39.8043
18.9681 40.0369
18.9484 40.0982
18.8654 40.3321
18.8432 40.3937
18.8222 40.4628
18.6888 40.7936
18.6585 40.8848
18.6307 40.9571
18.5219 41.2291
18.4924 41.3031
18.3464 41.6385
18.26 41.8219
18.2281 41.9046
18.1994 41.9704
18.1696 42.0405
18.1421 42.1005
18.1126 42.1668
18.0855 42.2239
18.057 42.2856
18.0285 42.3434
17.9991 42.4031
17.9711 42.4577
17.9404 42.5194
17.9126 42.5732
17.8855 42.6287
17.8602 42.6778
17.8317 42.7327
17.8024 42.7867
17.7743 42.8455
17.7458 42.9007
17.7164 42.9601
17.6875 43.0146
17.6553 43.0776
17.6238 43.1355
17.5916 43.196
17.5616 43.2501
17.5311 43.3094
17.5014 43.3638
17.4702 43.4238
17.4401 43.4785
17.4081 43.5405
17.3778 43.5963
17.3486 43.6537
17.3207 43.7057
17.293 43.7612
17.2664 43.8115
17.2399 43.8657
17.2129 43.917
17.183 43.9768
17.1549 44.0299
17.1261 44.0886
17.0982 44.1419
17.0721 44.1962
17.0475 44.2442
17.0241 44.2964
17.0009 44.3438
16.9774 44.3957
16.9533 44.4444
16.9302 44.4966
16.9069 44.5449
16.8835 44.6006
16.86 44.6512
16.8365 44.7053
16.8135 44.7542
16.7912 44.8065
16.7685 44.8549
16.7462 44.9106
16.7235 44.9615
16.7014 45.0161
16.6803 45.0638
16.6606 45.1138
16.6411 45.1586
16.6219 45.2053
16.6018 45.2496
16.5823 45.299
16.5625 45.3444
16.5435 45.3936
16.5223 45.4422
16.4983 45.4969
16.4739 45.5487
16.4496 45.6065
16.4253 45.6601
16.4019 45.7149
16.379 45.7651
16.3564 45.8196
16.3327 45.872
16.3107 45.9276
16.2892 45.9776
16.2671 46.0336
16.2457 46.0834
16.226 46.1345
16.2071 46.1793
16.1876 46.2302
16.1677 46.2771
16.1508 46.325
16.1332 46.3689
16.116 46.4194
16.0975 46.4665
16.0789 46.5155
16.0607 46.5592
16.0414 46.6088
16.0219 46.6548
16.0024 46.7061
15.9824 46.7536
15.9605 46.8081
15.9387 46.8579
15.9151 46.9143
15.8906 46.9683
15.8649 47.0301
15.8394 47.087
15.8145 47.1484
15.7893 47.2053
15.764 47.2662
15.7396 47.3211
15.7151 47.3797
15.6895 47.436
15.664 47.4958
15.6382 47.5523
15.6155 47.6109
15.5927 47.6642
15.5685 47.723
15.5447 47.7765
15.5211 47.8367
15.4987 47.889
15.4762 47.9435
15.4524 47.9961
15.4037 48.1035
15.3799 48.1565
15.3563 48.2154
15.3322 48.2694
15.3095 48.3268
15.2108 48.5256
15.1825 48.6002
15.131 48.7098
15.104 48.7775
15.0784 48.8354
15.052 48.9013
15.0249 48.9625
14.9975 49.0277
14.9706 49.0869
14.9408 49.1526
14.9113 49.2141
14.8841 49.2768
14.8567 49.3355
14.826 49.4033
14.7966 49.4647
14.7688 49.5304
14.7408 49.5914
14.7123 49.6574
14.6857 49.7152
14.6598 49.7759
14.6338 49.8323
14.6059 49.8955
14.5775 49.9552
14.5511 50.0166
14.5261 50.0705
14.5015 50.1302
14.4756 50.1869
14.4501 50.2453
14.426 50.2969
14.4041 50.3498
14.3798 50.4025
14.3533 50.4631
14.3263 50.5202
14.2984 50.5839
14.2701 50.6436
14.2417 50.7107
14.2128 50.7729
14.1814 50.8427
14.1528 50.9027
14.1228 50.9683
14.0919 51.0312
14.0619 51.0979
14.0321 51.1595
14.0035 51.2245
13.9756 51.2832
13.9472 51.349
13.92 51.4072
13.8943 51.4688
13.8675 51.5269
13.8381 51.5939
13.8091 51.655
13.7784 51.7241
13.7479 51.7877
13.7177 51.8559
13.6899 51.9147
13.6623 51.976
13.6338 52.0344
13.6052 52.0998
13.5774 52.1584
13.5489 52.2212
13.5218 52.2771
13.4976 52.3334
13.4726 52.3862
13.4472 52.4425
13.4219 52.4945
13.3966 52.5516
13.3716 52.6038
13.3443 52.663
13.3166 52.7187
13.2899 52.7749
13.2641 52.8261
13.239 52.8824
13.215 52.9325
13.1919 52.9846
13.1687 53.0328
13.142 53.0878
13.1166 53.1375
13.0915 53.191
13.0676 53.2389
13.0421 53.2948
13.0163 53.3468
12.992 53.4024
12.9659 53.4563
12.939 53.5152
12.9148 53.5649
12.8903 53.6196
12.8645 53.6721
12.8378 53.7259
12.6968 53.9776
12.6726 54.0482
12.6482 54.1051
12.6211 54.173
12.5953 54.2311
12.5695 54.2957
12.5448 54.3518
12.5188 54.4125
12.493 54.4682
12.4679 54.5285
12.4438 54.5821
12.4197 54.6402
12.3945 54.6957
12.3692 54.7575
12.3449 54.8126
12.3233 54.8715
12.2509 55.0248
12.2299 55.0886
12.2079 55.1443
12.1865 55.2098
12.1639 55.269
12.1412 55.3339
12.1181 55.3929
12.0962 55.4566
12.0733 55.5156
12.0495 55.5799
12.0265 55.6369
12.0055 55.6964
11.9833 55.7526
11.9624 55.8112
11.9431 55.8612
11.9217 55.9192
11.9003 55.9722
11.8805 56.0316
11.8592 56.0875
11.8377 56.1482
11.8171 56.2012
11.7976 56.2573
11.7765 56.3112
11.7507 56.376
11.7256 56.4353
11.6989 56.5025
11.6731 56.5639
11.6475 56.6308
11.6221 56.6927
11.597 56.7599
11.5726 56.8206
11.5464 56.8874
11.5208 56.9489
11.4937 57.0167
11.4672 57.0791
11.4405 57.1469
11.4142 57.2093
11.3883 57.2764
11.3636 57.3355
11.3367 57.4002
11.3075 57.4652
11.2767 57.5377
11.1935 57.7108
11.1428 57.8362
11.1003 57.9328
11.0024 58.1736
10.9593 58.2749
10.933 58.3507
10.8565 58.5191
10.7972 58.6645
10.7678 58.7354
10.7144 58.8497
10.6525 59.0138
10.6045 59.1331
10.3558 59.7328
10.3143 59.8418
10.2672 59.9741
10.2296 60.072
10.1895 60.1826
10.1543 60.2728
10.1152 60.3748
10.0826 60.4557
10.0502 60.5438
10.0199 60.6203
9.98835 60.7037
9.96147 60.7712
9.93438 60.8462
9.90716 60.9153
9.88166 60.9851
9.85713 61.0473
9.831 61.1158
9.80583 61.1777
9.78126 61.2425
9.75667 61.303
9.73195 61.3699
9.70854 61.429
9.68403 61.4943
9.65971 61.5546
9.6374 61.6149
9.61544 61.67
9.59195 61.7328
9.57129 61.7849
9.55071 61.8425
9.52979 61.8956
9.50862 61.9544
9.48985 62.0028
9.47334 62.0525
9.45449 62.1014
9.43337 62.1577
9.41361 62.2065
9.38999 62.2624
9.36664 62.315
9.34439 62.3692
9.32323 62.4178
9.30213 62.4677
9.28132 62.5143
9.2584 62.5675
9.23617 62.6166
9.21377 62.6717
9.19122 62.723
9.16848 62.78
9.14573 62.8323
9.1216 62.8898
9.09612 62.9457
9.07152 63.0029
9.04656 63.0569
9.02109 63.1161
8.99516 63.1717
8.9666 63.2333
8.93952 63.2891
8.91286 63.3502
8.88492 63.4093
8.8562 63.4751
8.82838 63.5347
8.79954 63.598
8.77068 63.6576
8.73822 63.7267
8.7071 63.7897
8.67856 63.8533
8.65037 63.9118
8.62364 63.9752
8.59558 64.0353
8.56389 64.1071
8.53183 64.1739
8.498 64.245
8.46402 64.3119
8.42771 64.3846
8.39427 64.4487
8.36215 64.5151
8.32852 64.58
8.2936 64.6513
8.25869 64.7182
8.22409 64.7892
8.191 64.8529
8.15521 64.9249
8.12039 64.9907
8.08285 65.0634
8.04715 65.1288
8.01276 65.197
7.97764 65.2618
7.94041 65.3356
7.90387 65.4032
7.86354 65.4801
7.82481 65.5499
7.7721 65.6489
7.71958 65.7422
7.68412 65.8096
7.64886 65.873
7.61202 65.9413
7.5748 66.0073
7.53893 66.0786
7.505 66.1426
7.47003 66.2127
7.43673 66.276
7.4043 66.3451
7.37188 66.4095
7.3415 66.4763
7.31121 66.5382
7.28186 66.6072
7.25198 66.6712
7.2223 66.7428
7.19212 66.809
7.16246 66.8804
7.13272 66.9458
7.10478 67.0129
7.07677 67.0746
7.04752 67.144
7.01719 67.2099
6.98848 67.2792
6.95948 67.3435
6.93041 67.4116
6.90121 67.4751
6.87291 67.5434
6.84513 67.6054
6.81848 67.6736
6.7913 67.7365
6.76516 67.8049
6.7384 67.8679
6.71283 67.9356
6.68653 67.998
6.65848 68.0665
6.62964 68.1314
6.60123 68.2041
6.57352 68.2691
6.54549 68.3404
6.51674 68.4072
6.48653 68.4839
6.45608 68.5549
6.42639 68.6326
6.396 68.7049
6.36676 68.7826
6.33551 68.8575
6.30264 68.9415
6.27272 69.0131
6.24471 69.0936
6.21569 69.1677
6.18603 69.2443
6.15567 69.3165
6.12429 69.397
6.09397 69.4693
6.06304 69.5426
6.03275 69.6108
6.00439 69.6833
5.97652 69.7495
5.94902 69.8233
5.92028 69.8928
5.88878 69.9703
5.8584 70.0405
5.82948 70.1196
5.79944 70.1931
5.7701 70.2694
5.74105 70.3387
5.71518 70.41
5.68906 70.4747
5.66135 70.5493
5.63284 70.6182
5.60411 70.6916
5.57579 70.758
5.54659 70.829
5.51956 70.8904
5.48938 70.9629
5.45979 71.0285
5.42707 71.1016
5.39592 71.1672
5.36508 71.2362
5.33554 71.298
5.30537 71.3675
5.27492 71.4319
5.24588 71.5023
5.21751 71.5646
5.18711 71.6312
5.15732 71.6917
5.12604 71.7602
5.09632 71.8205
5.06478 71.8871
5.03448 71.9466
5.00576 72.0068
4.97517 72.0656
4.94318 72.1298
4.9137 72.1855
4.88279 72.2468
4.85352 72.3012
4.82093 72.3644
4.78874 72.423
4.75751 72.4838
4.72701 72.5393
4.6956 72.5984
4.66388 72.6545
4.62729 72.7153
4.59293 72.7714
4.5576 72.8319
4.52587 72.8848
4.49306 72.9453
4.45933 73.0039
4.4249 73.0682
4.39208 73.1261
4.35932 73.1868
4.32739 73.2428
4.29257 73.3064
4.25919 73.3645
4.22569 73.4272
4.19119 73.4879
4.1574 73.5505
4.12535 73.6073
4.09082 73.6728
4.05791 73.7322
4.0243 73.7973
3.99078 73.8585
3.95807 73.9256
3.92617 73.9867
3.896 74.0504
3.86604 74.1093
3.83594 74.1731
3.80658 74.2317
3.77995 74.2917
3.7523 74.3491
3.72663 74.4114
3.70237 74.4659
3.67868 74.5275
3.65581 74.5818
3.63269 74.6418
3.58274 74.7498
3.55928 74.8147
3.53561 74.8727
3.46597 75.0474
3.44474 75.107
3.42553 75.1721
3.40436 75.2325
3.38382 75.3008
3.36278 75.3625
3.34365 75.4318
3.32451 75.4922
3.3063 75.5594
3.28577 75.6229
3.26548 75.6884
3.24572 75.7459
3.22621 75.8136
3.20449 75.8782
3.1825 75.951
3.16045 76.0158
3.13974 76.0833
3.11686 76.1485
3.0951 76.2179
3.07294 76.2809
3.05101 76.3524
3.02813 76.4181
3.00523 76.4879
2.98189 76.552
2.95853 76.6204
2.93411 76.6852
2.90847 76.757
2.88251 76.8236
2.85746 76.8922
2.83307 76.954
2.80927 77.0233
2.78691 77.0823
2.76303 77.1494
2.74061 77.2069
2.71642 77.2723
2.69139 77.3334
2.66697 77.3973
2.64259 77.4555
2.61973 77.5166
2.5965 77.5727
2.5733 77.6318
2.53073 77.7258
2.51149 77.7756
2.49309 77.8185
2.47469 77.8679
2.45624 77.9122
2.39686 78.0473
2.35469 78.1377
2.33218 78.196
2.31153 78.2437
2.28862 78.2966
2.22937 78.4148
2.18727 78.5092
2.16471 78.5587
2.13911 78.618
2.11585 78.6685
2.08863 78.7249
2.06265 78.7771
1.89936 79.1187
1.74008 79.4346
1.70982 79.5198
1.68361 79.5819
1.58793 79.7973
1.56283 79.8557
1.53732 79.9192
1.5122 79.9757
1.48179 80.0417
1.45595 80.0957
1.42825 80.1543
1.40107 80.2094
1.37496 80.2663
1.34988 80.3181
1.32585 80.3749
1.30158 80.4276
1.27441 80.4861
1.24812 80.5398
1.21968 80.5989
1.19175 80.6546
1.16666 80.714
1.14088 80.7698
1.11363 80.8297
1.08802 80.8828
1.06187 80.9413
1.03637 80.9944
0.91712 81.2299
0.890835 81.2829
0.867305 81.3405
0.845019 81.3896
0.822151 81.4457
0.800849 81.4935
0.779781 81.5464
0.759054 81.5936
0.740945 81.6429
0.723724 81.685
0.705938 81.7353
0.68635 81.7828
0.665371 81.8396
0.643467 81.8918
0.621624 81.9457
0.599237 81.9961
0.577817 82.0511
0.555791 82.1021
0.531993 82.1595
0.508454 82.2122
0.485148 82.2729
0.460559 82.3305
0.436901 82.394
0.411054 82.4555
0.386796 82.5178
0.361302 82.5773
0.337962 82.6417
0.313823 82.7013
0.291403 82.767
0.268483 82.8264
0.243229 82.8959
0.218426 82.9581
0.194133 83.0291
0.168255 83.0961
0.143377 83.1679
0.118169 83.2333
0.0946743 83.3064
0.070152 83.3734
0.0465491 83.4439
0.0226656 83.5081
-0.00145961 83.579
-0.0258813 83.6442
-0.0502228 83.714
-0.0726019 83.7739
-0.0938837 83.8365
-0.115434 83.8943
-0.135233 83.9569
-0.156316 84.0159
-0.175636 84.0795
-0.194524 84.1347
-0.21575 84.1993
-0.237577 84.2589
-0.261111 84.3206
-0.284367 84.3781
-0.308702 84.4403
-0.332279 84.4978
-0.356453 84.5627
-0.380402 84.6227
-0.407578 84.6925
-0.433402 84.7553
-0.459789 84.825
-0.48649 84.8905
-0.512336 84.9614
-0.538734 85.0274
-0.567947 85.1021
-0.598448 85.1742
-0.630452 85.2496
-0.660541 85.3172
-0.692218 85.389
-0.722585 85.455
-0.754374 85.5306
-0.784838 85.5987
-0.816545 85.6739
-0.847585 85.7427
-0.876629 85.8137
-0.904285 85.8763
-0.934488 85.9439
-0.963541 86.0053
-0.991951 86.0673
-1.01876 86.1229
-1.04804 86.183
-1.07605 86.2384
-1.10274 86.2973
-1.12803 86.3496
-1.15463 86.4081
-1.17969 86.4599
-1.20531 86.5199
-1.23203 86.5765
-1.26164 86.6411
-1.29056 86.6997
-1.32179 86.7614
-1.35295 86.82
-1.38375 86.8837
-1.41333 86.9412
-1.4448 87.0073
-1.47513 87.0669
-1.50475 87.1292
-1.535 87.1882
-1.56626 87.2519
-1.59557 87.3082
-1.624 87.367
-1.65291 87.4226
-1.6831 87.4828
-1.71024 87.5344
-1.73782 87.592
-1.76547 87.6456
-1.79066 87.7019
-1.81413 87.7504
-1.83803 87.8049
-1.86275 87.8557
-1.88926 87.9152
-1.9188 87.9744
-1.94972 88.0385
-1.98001 88.0972
-2.0119 88.159
-2.04441 88.219
-2.07837 88.285
-2.10999 88.3439
-2.14289 88.4117
-2.17407 88.4721
-2.20477 88.5367
-2.23601 88.5975
-2.26605 88.6611
-2.29581 88.7196
-2.32613 88.7824
-2.35506 88.8388
-2.38454 88.9002
-2.41247 88.955
-2.43946 89.0132
-2.46642 89.067
-2.49516 89.1298
-2.52341 89.187
-2.54938 89.2449
-2.57457 89.2968
-2.60061 89.3562
-2.62524 89.4083
-2.65125 89.4641
-2.67643 89.515
-2.70268 89.5707
-2.72728 89.6203
-2.7557 89.6786
-2.78439 89.7349
-2.81289 89.799
-2.84026 89.8568
-2.86672 89.9193
-2.89467 89.9797
-2.92278 90.0477
-2.95139 90.1112
-2.98161 90.1804
-3.01121 90.2442
-3.03955 90.3125
-3.06762 90.3754
-3.09284 90.4412
-3.11702 90.4991
-3.13911 90.5626
-3.20644 90.712
-3.2271 90.7805
-3.24695 90.8354
-3.28542 90.9409
-3.3038 90.9927
-3.32432 91.0562
-3.34582 91.1137
-3.36643 91.1757
-3.38835 91.2338
-3.4114 91.2968
-3.43264 91.3511
-3.4512 91.4105
-3.47037 91.4645
-3.48939 91.5249
-3.50997 91.5821
-3.52774 91.642
-3.547 91.6979
-3.56679 91.7595
-3.58666 91.8153
-3.60616 91.8788
-3.62663 91.9379
-3.64378 92.0006
-3.66216 92.058
-3.68063 92.1191
-3.70038 92.1771
-3.7205 92.2379
-3.73905 92.2907
-3.75423 92.3496
-3.77092 92.4043
-3.78453 92.463
-3.79986 92.5171
-3.81593 92.5776
-3.83263 92.6323
-3.85156 92.6938
-3.87078 92.7507
-3.88859 92.8095
-3.90686 92.864
-3.92509 92.9227
-3.9437 92.9771
-3.96132 93.0367
-3.97921 93.0907
-3.99715 93.1493
-4.01692 93.2065
-4.08149 93.3836
-4.10257 93.4428
-4.12324 93.5085
-4.14449 93.568
-4.16868 93.637
-4.19301 93.7009
-4.24318 93.8281
-4.26861 93.8916
-4.31889 94.0184
-4.34352 94.0796
-4.37065 94.1505
-4.39596 94.2122
-4.422 94.2797
-4.44719 94.3405
-4.47291 94.4059
-4.49838 94.466
-4.52272 94.5302
-4.54683 94.5885
-4.57168 94.6547
-4.59666 94.7151
-4.62243 94.7795
-4.64851 94.8398
-4.67696 94.9055
-4.80373 95.1672
-4.83475 95.2387
-4.88703 95.3464
-4.94399 95.4742
-4.97318 95.5375
-5.02732 95.6666
-5.05605 95.7327
-5.0888 95.8054
-5.11937 95.8686
-5.15222 95.9378
-5.21233 96.0534
-5.24843 96.1273
-5.28195 96.1918
-5.31843 96.2636
-5.35118 96.3252
-5.43989 96.4972
-5.52771 96.6576
-5.56328 96.7265
-5.59513 96.7848
-5.6908 96.959
-5.80861 97.1659
-5.89784 97.3368
-6.02756 97.5681
-6.05322 97.6469
-6.07418 97.7004
-6.09847 97.7684
-6.12309 97.8275
-6.147 97.8901
-6.17016 97.9445
-6.25414 98.1313
-6.27588 98.1839
-6.3445 98.3454
-6.36711 98.4014
-6.41598 98.5175
-6.44064 98.5761
-6.46172 98.6378
-6.48369 98.6933
-6.50602 98.7517
-6.52791 98.8041
-6.55084 98.8601
-6.57397 98.9131
-6.59446 98.9704
-6.61472 99.0217
-6.63215 99.0752
-6.65114 99.1258
-6.6706 99.1839
-6.69247 99.241
-6.71473 99.3051
-6.73497 99.3593
-6.75371 99.4152
-6.77251 99.4659
-6.79032 99.5217
-6.80899 99.5735
-6.82576 99.6279
-6.87978 99.7608
-6.89448 99.8189
-6.91104 99.8698
-6.92863 99.9287
-6.94697 99.982
-6.96677 100.041
-6.98605 100.093
-7.00552 100.15
-7.02572 100.204
-7.04657 100.265
-7.06792 100.321
-7.09175 100.384
-7.11491 100.441
-7.13822 100.502
-7.16086 100.558
-7.18443 100.619
-7.20824 100.676
-7.23356 100.738
-7.25781 100.794
-7.28143 100.854
-7.30453 100.909
-7.32759 100.969
-7.35141 101.025
-7.37489 101.088
-7.39782 101.144
-7.41902 101.199
-7.43846 101.245
-7.4619 101.301
-7.48681 101.355
-7.51081 101.414
-7.53436 101.467
-7.55852 101.525
-7.58621 101.585
-7.61481 101.653
-7.64309 101.714
-7.6736 101.785
-7.70524 101.852
-7.73752 101.926
-7.76889 101.991
-7.80079 102.059
-7.83221 102.121
-7.8657 102.191
-7.89859 102.256
-7.93239 102.325
-8.05641 102.548
-8.09135 102.625
-8.12607 102.693
-8.16309 102.769
-8.19873 102.836
-8.27199 102.97
-8.30971 103.038
-8.34633 103.108
-8.38186 103.172
-8.42019 103.243
-8.45743 103.309
-8.49541 103.377
-8.53172 103.44
-8.56789 103.506
-8.60255 103.565
-8.63855 103.631
-8.6729 103.69
-8.7082 103.756
-8.74416 103.817
-8.78462 103.887
-8.82128 103.948
-8.85932 104.015
-8.89715 104.077
-8.93794 104.146
-8.97763 104.209
-9.01803 104.275
-9.05666 104.335
-9.09906 104.4
-9.14005 104.461
-9.18524 104.53
-9.22878 104.594
-9.27608 104.664
-9.32128 104.729
-9.36854 104.797
-9.41141 104.857
-9.45627 104.922
-9.50094 104.986
-9.54724 105.052
-9.58941 105.111
-9.63587 105.178
-9.71854 105.292
-9.76386 105.362
-9.80529 105.423
-9.84742 105.487
-9.88753 105.545
-9.92959 105.608
-9.97017 105.666
-10.0112 105.73
-10.0518 105.788
-10.0938 105.851
-10.134 105.908
-10.1801 105.976
-10.2247 106.038
-10.268 106.102
-10.3138 106.165
-10.3594 106.235
-10.3976 106.29
-10.4372 106.351
-10.4756 106.406
-10.5146 106.464
-10.5486 106.511
-10.5856 106.567
-10.62 106.615
-10.6551 106.669
-10.6886 106.717
-10.7215 106.766
-10.7527 106.81
-10.7874 106.86
-10.819 106.904
-10.8523 106.952
-10.8869 106.998
-10.9246 107.049
-10.959 107.094
-10.9943 107.141
-11.0285 107.184
-11.0647 107.233
-11.0973 107.274
-11.1352 107.325
-11.1739 107.374
-11.2124 107.425
-11.2479 107.469
-11.2816 107.515
-11.3146 107.557
-11.3507 107.606
-11.3866 107.65
-11.4251 107.701
-11.4608 107.746
-11.4963 107.794
-11.5317 107.838
-11.57 107.886
-11.6064 107.93
-11.6465 107.98
-11.6841 108.025
-11.7242 108.077
-11.7626 108.124
-11.8019 108.172
-11.8406 108.218
-11.8826 108.266
-11.9217 108.309
-11.9614 108.355
-11.9988 108.397
-12.0414 108.448
-12.0796 108.491
-12.1197 108.536
-12.1578 108.578
-12.1952 108.62
-12.2292 108.658
-12.2654 108.698
-12.3 108.735
-12.3386 108.78
-12.3745 108.819
-12.4113 108.859
-12.4505 108.9
-12.4945 108.948
-12.5355 108.991
-12.5766 109.034
-12.614 109.072
-12.6546 109.116
-12.6926 109.154
-12.7346 109.198
-12.775 109.239
-12.8185 109.28
-12.8577 109.317
-12.8993 109.359
-12.9395 109.397
-12.982 109.44
-13.0221 109.478
-13.067 109.52
-13.1105 109.559
-13.1565 109.601
-13.1986 109.637
-13.2444 109.681
-13.2891 109.721
-13.3423 109.769
-13.3941 109.813
-13.4504 109.859
-13.5021 109.9
-13.5566 109.945
-13.6071 109.985
-13.6633 110.031
-13.7141 110.07
-13.7706 110.111
-13.8257 110.15
-13.8816 110.19
-13.9331 110.225
-13.9901 110.264
-14.043 110.298
-14.0997 110.337
-14.1502 110.37
-14.2027 110.404
-14.3386 110.485
-14.3943 110.521
-14.439 110.548
-14.5334 110.607
-14.5818 110.636
-14.6367 110.669
-14.6868 110.697
-14.7395 110.727
-14.788 110.753
-14.8449 110.784
-14.8979 110.811
-14.9538 110.84
-15.0922 110.903
-15.1548 110.933
-15.2118 110.958
-15.2708 110.983
-15.3244 111.004
-15.3868 111.029
-15.4423 111.05
-15.5039 111.071
-15.5605 111.091
-15.6223 111.112
-15.7325 111.148
-15.7997 111.17
-15.859 111.189
-15.9228 111.211
-15.9816 111.23
-16.048 111.25
-16.106 111.267
-16.1647 111.285
-16.2174 111.3
-16.2728 111.317
-16.3233 111.331
-16.381 111.349
-16.4342 111.364
-16.4902 111.381
-16.5441 111.395
-16.6048 111.414
-16.7069 111.44
-16.7629 111.459
-17.0081 111.512
-17.0794 111.532
-17.1413 111.546
-17.3203 111.581
-17.3823 111.593
-17.7529 111.657
-18.1614 111.699
-18.3982 111.731
-18.5959 111.745
-18.7644 111.761
-18.846 111.767
-19.4282 111.775
-19.5103 111.777
-19.6032 111.784
-19.682 111.786
-19.7656 111.787
-19.8352 111.785
-19.9105 111.784
-19.9784 111.782
-20.0545 111.781
-20.1223 111.779
-20.1919 111.777
-20.2534 111.773
-20.3236 111.771
-20.3875 111.766
-20.459 111.763
-20.5226 111.758
-20.5923 111.757
-20.6575 111.752
-20.7256 111.748
-20.7873 111.743
-20.8593 111.739
-20.9302 111.732
-21.0061 111.727
-21.0758 111.719
-21.1531 111.71
-21.2232 111.7
-21.3035 111.69
-21.3768 111.678
-21.4529 111.67
-21.5227 111.66
-21.6032 111.65
-21.6769 111.638
-21.7582 111.629
-21.8313 111.618
-21.9056 111.609
-21.9733 111.598
-22.0491 111.591
-22.1195 111.58
-22.1917 111.57
-22.2551 111.559
-22.322 111.55
-22.3828 111.539
-22.4476 111.532
-22.5088 111.522
-22.5784 111.513
-22.6424 111.503
-22.7095 111.491
-22.7686 111.48
-22.83 111.471
-22.8898 111.46
-22.9574 111.449
-23.0197 111.437
-23.0855 111.425
-23.1424 111.414
-23.2024 111.401
-23.2607 111.386
-23.3284 111.371
-23.3892 111.356
-23.4536 111.341
-23.5123 111.325
-23.578 111.31
-23.6365 111.295
-23.6989 111.28
-23.7559 111.266
-23.8206 111.253
-23.8803 111.239
-23.9457 111.226
-24.0014 111.213
-24.0631 111.2
-24.1224 111.186
-24.1849 111.171
-24.2405 111.156
-24.3017 111.143
-24.3553 111.13
-24.4128 111.119
-24.466 111.106
-24.5282 111.091
-24.5811 111.077
-24.6367 111.066
-24.6886 111.053
-24.7477 111.038
-24.804 111.023
-24.8695 111.005
-24.9306 110.987
-24.9991 110.97
-25.0607 110.952
-25.1279 110.934
-25.1939 110.915
-25.2669 110.897
-25.3358 110.878
-25.4122 110.858
-25.4829 110.837
-25.558 110.819
-25.6251 110.801
-25.698 110.784
-25.764 110.766
-25.8329 110.746
-25.8995 110.725
-25.9755 110.703
-26.0448 110.681
-26.1192 110.661
-26.1844 110.642
-26.2554 110.624
-26.3218 110.605
-26.393 110.588
-26.4594 110.57
-26.5303 110.552
-26.5984 110.532
-26.6685 110.514
-26.7333 110.495
-26.8041 110.48
-26.8675 110.464
-26.9376 110.447
-27.004 110.428
-27.0729 110.412
-27.1345 110.395
-27.2035 110.379
-27.2678 110.362
-27.3403 110.344
-27.4056 110.325
-27.4823 110.307
-27.5551 110.287
-27.6344 110.266
-27.7057 110.245
-27.7835 110.227
-27.8548 110.208
-27.9312 110.19
-27.9979 110.172
-28.0691 110.154
-28.1359 110.134
-28.2112 110.116
-28.2819 110.096
-28.3584 110.076
-28.4279 110.056
-28.505 110.035
-28.575 110.014
-28.6487 109.995
-28.7153 109.976
-28.7902 109.955
-28.8615 109.933
-28.9395 109.913
-29.0099 109.893
-29.0874 109.874
-29.1557 109.856
-29.2267 109.841
-29.2916 109.825
-29.3604 109.81
-29.4222 109.794
-29.4895 109.778
-29.5511 109.761
-29.6203 109.747
-29.6825 109.732
-29.7492 109.718
-29.8096 109.703
-29.8764 109.689
-29.9367 109.674
-29.9981 109.662
-30.0583 109.646
-30.1236 109.631
-30.1839 109.615
-30.2521 109.6
-30.3131 109.584
-30.3758 109.571
-30.4345 109.555
-30.5007 109.54
-30.5616 109.524
-30.627 109.51
-30.6877 109.495
-30.7581 109.478
-30.8216 109.461
-30.8911 109.446
-30.9557 109.429
-31.0272 109.413
-31.091 109.396
-31.1591 109.38
-31.221 109.362
-31.2838 109.344
-31.3418 109.326
-31.4068 109.309
-31.4649 109.291
-31.5305 109.271
-31.5891 109.25
-31.6524 109.227
-31.7067 109.206
-31.7659 109.186
-31.8217 109.166
-31.8866 109.143
-31.9451 109.12
-32.006 109.099
-32.0586 109.08
-32.1199 109.062
-32.1759 109.043
-32.2376 109.02
-32.2939 108.998
-32.3569 108.978
-32.4105 108.959
-32.4719 108.936
-32.5286 108.913
-32.5914 108.89
-32.6512 108.866
-32.7104 108.839
-32.765 108.814
-32.823 108.789
-32.8785 108.765
-32.9381 108.741
-32.9932 108.717
-33.0532 108.694
-33.1097 108.67
-33.1719 108.647
-33.2267 108.624
-33.2914 108.6
-33.3513 108.575
-33.4205 108.548
-33.4811 108.523
-33.5443 108.497
-33.6015 108.473
-33.6666 108.45
-33.7235 108.428
-33.7805 108.409
-33.8338 108.388
-33.8906 108.367
-33.9381 108.349
-33.9891 108.33
-34.0392 108.309
-34.0899 108.292
-34.1701 108.26
-34.2209 108.243
-34.2709 108.223
-34.3258 108.203
-34.3777 108.182
-34.4305 108.161
-34.4805 108.141
-34.5367 108.123
-34.5879 108.105
-34.6427 108.083
-34.6914 108.063
-34.7476 108.043
-34.7996 108.022
-34.8564 108.001
-34.9054 107.981
-34.9573 107.962
-35.0073 107.942
-35.0658 107.921
-35.1168 107.902
-35.1721 107.884
-35.2237 107.864
-35.2808 107.845
-35.3336 107.825
-35.3908 107.805
-35.438 107.786
-35.4876 107.77
-35.5322 107.753
-35.574 107.739
-35.6152 107.723
-35.6656 107.707
-35.7102 107.691
-35.7588 107.676
-35.8054 107.659
-35.8591 107.64
-35.9111 107.62
-35.9705 107.598
-36.0247 107.576
-36.0871 107.556
-36.1461 107.535
-36.2099 107.516
-36.2645 107.498
-36.3256 107.481
-36.3807 107.463
-36.4424 107.444
-36.6767 107.348
-36.7383 107.335
-36.9999 107.23
-37.0816 107.222
-37.2484 107.168
-37.3142 107.148
-37.5038 107.1
-37.6372 107.064
-37.9578 106.973
-38.2659 106.874
-38.427 106.842
-38.5353 106.815
-38.6568 106.783
-38.7531 106.755
-38.8568 106.727
-38.9417 106.702
-39.0288 106.681
-39.1023 106.66
-39.1793 106.64
-39.2455 106.62
-39.3157 106.603
-39.3759 106.586
-39.4413 106.57
-39.4994 106.554
-39.5643 106.539
-39.6228 106.524
-39.6915 106.507
-39.7508 106.49
-39.8143 106.472
-39.8726 106.455
-39.935 106.437
-39.9923 106.419
-40.0563 106.398
-40.1152 106.378
-40.1795 106.359
-40.2381 106.341
-40.3006 106.323
-40.3556 106.306
-40.415 106.288
-40.4751 106.269
-40.5468 106.247
-40.8238 106.146
-40.9018 106.128
-40.9684 106.108
-41.0451 106.086
-41.1107 106.065
