0.0290146 -3.01036
0.0626764 -2.99437
0.0981845 -2.9775
0.130058 -2.96235
0.164657 -2.94589
0.326669 -2.8676
0.44257 -2.80855
0.676903 -2.68507
0.837832 -2.59663
1.07841 -2.46691
1.24154 -2.3757
1.45786 -2.25618
1.60764 -2.16946
1.79557 -2.06317
1.9284 -1.9837
2.08789 -1.89097
2.19995 -1.82216
2.32815 -1.74515
2.41976 -1.68669
2.52582 -1.62049
2.60558 -1.56679
2.69726 -1.5053
2.76309 -1.45906
2.84137 -1.40993
2.90278 -1.36741
2.97122 -1.32374
3.02396 -1.28709
3.08339 -1.24759
3.13188 -1.21208
3.18777 -1.17242
3.23347 -1.13719
3.28487 -1.1009
3.32834 -1.06719
3.37928 -1.02959
3.42301 -0.994238
3.47119 -0.956554
3.51092 -0.92346
3.55316 -0.89002
3.5904 -0.858351
3.63402 -0.824718
3.6717 -0.793285
3.71337 -0.759597
3.75022 -0.727651
3.79174 -0.692748
3.82938 -0.65906
3.87101 -0.624843
3.90648 -0.593809
3.94653 -0.561885
3.98311 -0.530038
4.02571 -0.496012
4.06396 -0.462752
4.10714 -0.422864
4.14818 -0.383211
4.19523 -0.340668
4.23711 -0.300992
4.28356 -0.259488
4.32684 -0.218441
4.37558 -0.174664
4.419 -0.133498
4.4668 -0.0891458
4.51115 -0.0458859
4.56067 -0.00169591
4.60409 0.0392406
4.64915 0.0805426
4.69002 0.120104
4.73678 0.159503
4.77869 0.197917
4.82648 0.241488
4.8685 0.282221
4.91458 0.324159
4.95595 0.364229
5.00409 0.404885
5.0456 0.442854
5.09393 0.484012
5.13797 0.524948
5.1868 0.569964
5.23049 0.612606
5.27493 0.656414
5.31227 0.694316
5.35536 0.734882
5.39403 0.773278
5.43784 0.815004
5.47786 0.855209
5.52122 0.898946
5.56052 0.940044
5.60656 0.983804
5.64802 1.02551
5.69225 1.07016
5.73226 1.11217
5.77644 1.15823
5.81746 1.20246
5.86338 1.25122
5.90628 1.29815
5.95225 1.34536
5.99597 1.39229
6.0438 1.43776
6.08511 1.47951
6.13056 1.52388
6.17274 1.5678
6.21986 1.61515
6.26082 1.65837
6.30682 1.70658
6.3521 1.75647
6.40163 1.80724
6.44545 1.85443
6.49476 1.90554
6.53968 1.95458
6.59173 2.00741
6.63854 2.05785
6.69101 2.11185
6.73876 2.16376
6.78934 2.21758
6.83377 2.2667
6.88319 2.31814
6.9303 2.3698
6.97894 2.42195
7.02209 2.46962
7.07006 2.51784
7.11422 2.56472
7.16416 2.6124
7.20806 2.65697
7.25927 2.70374
7.3069 2.75088
7.35753 2.79682
7.40481 2.84298
7.45854 2.88901
7.50536 2.93203
7.56111 2.9768
7.61217 3.02191
7.66788 3.06526
7.7186 3.10861
7.77735 3.15324
7.83076 3.19779
7.88932 3.24026
7.94141 3.28173
7.99944 3.32287
8.05288 3.36469
8.11109 3.40256
8.16295 3.44029
8.21905 3.47635
8.27155 3.51434
8.32963 3.55237
8.38348 3.59127
8.441 3.62789
8.49391 3.66493
8.55385 3.70314
8.60582 3.73871
8.66219 3.77207
8.71675 3.80829
8.77842 3.84506
8.83562 3.88238
8.89536 3.91793
8.94987 3.95293
9.01032 3.98836
9.06551 4.02309
9.12722 4.05429
9.18395 4.08658
9.24655 4.11994
9.30196 4.15184
9.36441 4.18056
9.4205 4.20969
9.48185 4.23881
9.53742 4.26801
9.5984 4.2941
9.65186 4.31985
9.70939 4.34213
9.76407 4.36736
9.82419 4.39362
9.87314 4.41653
9.92956 4.43968
9.98027 4.46308
10.0346 4.48728
10.0856 4.5122
10.14 4.53508
10.1913 4.55927
10.2475 4.58608
10.4268 4.6854
10.4847 4.71469
10.5318 4.73971
10.588 4.76451
10.6397 4.78971
10.6966 4.81622
10.7457 4.84063
10.7993 4.86742
10.8475 4.89263
10.9058 4.91851
10.9578 4.94368
11.0164 4.96884
11.0687 4.99363
11.1244 5.01837
11.1742 5.04249
11.2311 5.06879
11.2815 5.09387
11.3361 5.12027
11.3857 5.1458
11.4418 5.17437
11.4922 5.20132
11.5475 5.22891
11.5973 5.25509
11.657 5.2849
11.7125 5.31422
11.7732 5.34344
11.8271 5.37105
11.8875 5.4005
11.9415 5.42844
12.0007 5.45772
12.0528 5.48488
12.1092 5.51115
12.1601 5.53679
12.2168 5.5645
12.2676 5.59083
12.3254 5.61797
12.3774 5.64426
12.433 5.67189
12.4822 5.69767
12.5357 5.72378
12.5881 5.75127
12.6424 5.77749
12.6902 5.802
12.742 5.82599
12.7901 5.85016
12.842 5.87558
12.8873 5.89912
12.9407 5.92471
12.992 5.95112
13.0482 5.97972
13.0979 6.0061
13.1506 6.0317
13.369 6.1509
13.4728 6.20026
13.5253 6.22705
13.6808 6.30582
13.7339 6.33301
13.9381 6.44515
13.993 6.47575
14.4382 6.71672
14.4965 6.74967
14.6151 6.8106
14.6716 6.84014
14.8803 6.95288
14.9377 6.98423
15.008 7.02109
15.0698 7.05538
15.1362 7.09004
15.1946 7.12228
15.2584 7.15528
15.3152 7.18667
15.3758 7.21695
15.4294 7.24589
15.4895 7.27613
15.5462 7.30725
15.6096 7.34286
15.6659 7.37586
15.729 7.40913
15.7896 7.44365
15.8605 7.48238
15.9261 7.52043
16.0005 7.56063
16.0673 7.59906
16.1403 7.64077
16.2079 7.68131
16.2846 7.72535
16.3545 7.7674
16.4303 7.80897
16.5011 7.85043
16.5787 7.89322
16.6493 7.9346
16.7207 7.97391
16.7861 8.01232
16.8575 8.04997
16.9241 8.08828
16.9973 8.13067
17.0623 8.17032
17.1297 8.20934
17.1917 8.24754
17.2582 8.28692
17.319 8.32508
17.384 8.36559
17.4433 8.4042
17.507 8.44239
17.564 8.47854
17.6271 8.51579
17.684 8.55177
17.7475 8.59197
17.8053 8.63047
17.8665 8.66909
17.9239 8.70755
17.987 8.74937
18.042 8.78729
18.1022 8.82677
18.1574 8.86484
18.2159 8.90301
18.2682 8.93897
18.3268 8.97547
18.3796 9.01086
18.4392 9.04804
18.4923 9.08368
18.5476 9.11997
18.5982 9.15541
18.6562 9.19353
18.7082 9.23008
18.7634 9.26859
18.8142 9.306
18.8722 9.34589
18.9256 9.38495
18.9843 9.42826
19.0372 9.4689
19.0986 9.51397
19.1526 9.5555
19.2126 9.59983
19.2692 9.64387
19.3328 9.69154
19.3888 9.73536
19.4492 9.78007
19.5049 9.82371
19.5662 9.87025
19.6227 9.91546
19.6846 9.96408
19.7391 10.0087
19.7986 10.055
19.854 10.1004
19.9125 10.1445
19.9651 10.1867
20.0267 10.2345
20.0838 10.2816
20.1444 10.3289
20.1964 10.3718
20.2545 10.4164
20.3098 10.4623
20.3672 10.5086
20.4174 10.5515
20.4718 10.5968
20.5216 10.6407
20.5751 10.6868
20.6236 10.7305
20.6776 10.7753
20.727 10.8187
20.78 10.8644
20.8264 10.9064
20.8777 10.9498
20.9254 10.9929
20.9772 11.0388
21.0249 11.0834
21.0785 11.1302
21.1273 11.1754
21.1785 11.2223
21.2225 11.2642
21.2711 11.3075
21.314 11.348
21.3615 11.3907
21.405 11.4322
21.4545 11.4781
21.4993 11.5218
21.5487 11.5693
21.5914 11.612
21.6403 11.6562
21.687 11.7018
21.7365 11.7495
21.7793 11.7928
21.8232 11.8342
21.8629 11.8741
21.9086 11.9193
21.9491 11.9612
21.9951 12.0055
22.0369 12.0483
22.083 12.0937
22.1252 12.1377
22.1699 12.1847
22.2124 12.2313
22.2602 12.2818
22.3029 12.3289
22.35 12.3765
22.3912 12.4208
22.437 12.4697
22.4775 12.5148
22.5222 12.5647
22.5636 12.6126
22.6086 12.6621
22.6479 12.707
22.6945 12.7582
22.7362 12.8061
22.783 12.8557
22.825 12.903
22.8716 12.9536
22.9132 13.0014
22.9593 13.0547
23.0023 13.1068
23.0507 13.1636
23.095 13.2179
23.1432 13.2741
23.1852 13.3253
23.2323 13.3822
23.2759 13.4373
23.3233 13.4938
23.3658 13.5471
23.4123 13.6027
23.4528 13.6536
23.4969 13.7063
23.5378 13.7586
23.5845 13.8182
23.6251 13.8725
23.6711 13.9304
23.7113 13.984
23.7562 14.0411
23.7957 14.0944
23.8406 14.1513
23.8812 14.2065
23.9258 14.2669
23.9645 14.322
24.0073 14.3824
24.0459 14.4395
24.0884 14.5008
24.1258 14.5573
24.1685 14.6169
24.2059 14.6724
24.2474 14.7309
24.2842 14.7864
24.3243 14.8449
24.3594 14.8992
24.3997 14.9612
24.4366 15.0213
24.4772 15.0806
24.7158 15.5101
24.998 16.0463
25.0342 16.1255
25.0792 16.2132
25.1134 16.2877
25.1516 16.3681
25.1831 16.4412
25.2167 16.5235
25.2451 16.5987
25.2766 16.6795
25.3026 16.7517
25.3328 16.8315
25.3578 16.9038
25.3845 16.9821
25.4067 17.0535
25.4311 17.1319
25.4519 17.2054
25.4755 17.2885
25.4947 17.3629
25.5153 17.4388
25.532 17.507
25.5501 17.581
25.5652 17.6505
25.5816 17.7307
25.5947 17.8022
25.6069 17.8841
25.6171 17.958
25.629 18.0392
25.6385 18.113
25.6492 18.1936
25.6573 18.2677
25.6645 18.3484
25.6695 18.4166
25.6749 18.496
25.6783 18.5696
25.6824 18.6452
25.6826 18.9511
25.6755 19.0388
25.6532 19.2937
25.6395 19.3902
25.6012 19.6515
25.5854 19.7463
25.5719 19.8219
25.5462 19.9725
25.5175 20.1473
25.4668 20.3968
25.4346 20.5835
25.4111 20.7069
25.3682 20.9291
25.3466 21.0388
25.3231 21.1647
25.3036 21.2593
25.283 21.3678
25.2646 21.4544
25.2463 21.5504
25.2302 21.6263
25.2145 21.7097
25.1988 21.7813
25.1814 21.8648
25.165 21.935
25.1496 22.008
25.1349 22.0704
25.1191 22.1414
25.1028 22.2059
25.0864 22.2771
25.0696 22.3422
25.0517 22.4176
25.0344 22.483
25.017 22.5526
24.998 22.6198
24.9803 22.689
24.9627 22.7507
24.9447 22.8225
24.926 22.8882
24.9078 22.9596
24.889 23.0247
24.87 23.0978
24.8508 23.1638
24.8327 23.2354
24.8138 23.3008
24.7953 23.3708
24.7763 23.4346
24.7587 23.5014
24.739 23.5659
24.7197 23.6364
24.6994 23.7014
24.6792 23.7742
24.6576 23.8422
24.6358 23.9159
24.6144 23.9812
24.5932 24.0543
24.5706 24.1227
24.5482 24.1964
24.5256 24.2631
24.504 24.3345
24.4828 24.3977
24.4612 24.4657
24.4383 24.53
24.4155 24.5997
24.393 24.662
24.3729 24.7275
24.3524 24.7859
24.3328 24.8491
24.3127 24.9059
24.2936 24.9684
24.2733 25.0254
24.2516 25.0916
24.2293 25.1517
24.208 25.2174
24.1859 25.2773
24.1635 25.3449
24.1397 25.4074
24.117 25.4741
24.0943 25.5335
24.072 25.6006
24.0489 25.6615
24.0249 25.7297
24.0012 25.7904
23.9789 25.8548
23.9569 25.9119
23.9349 25.9746
23.9121 26.032
23.8891 26.0959
23.8661 26.1533
23.8433 26.2159
23.8209 26.2712
23.7976 26.3309
23.7779 26.3786
23.7549 26.4361
23.7299 26.4934
23.7074 26.5501
23.6862 26.5998
23.6633 26.6571
23.6419 26.7069
23.6198 26.7624
23.5988 26.8114
23.5786 26.8614
23.5576 26.9091
23.5365 26.9598
23.5171 27.0035
23.4962 27.0504
23.4757 27.094
23.4539 27.1437
23.4322 27.1902
23.4091 27.2434
23.3862 27.2925
23.3628 27.3458
23.3405 27.3935
23.3167 27.4465
23.2936 27.495
23.269 27.5496
23.2438 27.6018
23.2184 27.6569
23.1917 27.7111
23.1625 27.7728
23.1343 27.8291
23.1048 27.8925
23.0743 27.9534
23.04 28.0233
23.0056 28.0896
22.9696 28.1628
22.9339 28.2313
22.894 28.3114
22.8535 28.388
22.8109 28.4706
22.7703 28.5457
22.7298 28.6244
22.6904 28.6969
22.6502 28.7744
22.6115 28.8449
22.5696 28.9255
22.529 28.9991
22.4876 29.0772
22.448 29.1478
22.4073 29.2261
22.3671 29.2981
22.326 29.3767
22.2857 29.4488
22.2476 29.5267
22.2108 29.5961
22.1741 29.672
22.1374 29.7416
22.1039 29.8144
22.0712 29.8792
22.0385 29.9513
22.005 30.0183
21.9739 30.0911
21.9424 30.1572
21.9146 30.2232
21.8869 30.2823
21.8589 30.3481
21.8302 30.4091
21.802 30.4768
21.7741 30.5375
21.7471 30.6055
21.7175 30.6712
21.6891 30.7408
21.6601 30.8053
21.6334 30.8729
21.6053 30.937
21.5768 31.0094
21.5481 31.0761
21.5217 31.1459
21.4955 31.2089
21.4689 31.2823
21.44 31.3532
21.4125 31.4276
21.3852 31.4952
21.3618 31.5672
21.3364 31.6353
21.3108 31.714
21.2849 31.7852
21.2604 31.8622
21.2354 31.9323
21.2102 32.0104
21.1848 32.0815
21.1609 32.1592
21.137 32.2291
21.1165 32.3047
21.0935 32.3763
21.073 32.4532
21.0508 32.5245
21.0279 32.6067
21.0044 32.6816
20.9839 32.7622
20.9621 32.8361
20.9425 32.9146
20.9211 32.9881
20.9 33.0693
20.8778 33.1444
20.8574 33.2269
20.8366 33.3005
20.8166 33.38
20.796 33.4521
20.7764 33.5275
20.7561 33.597
20.7381 33.674
20.7183 33.7462
20.6982 33.8246
20.6776 33.8964
20.6561 33.9747
20.6349 34.0457
20.6144 34.1211
20.5939 34.1899
20.5738 34.2641
20.5539 34.3313
20.5357 34.401
20.5175 34.4635
20.5013 34.5284
20.4843 34.5881
20.4683 34.6543
20.4521 34.7131
20.42 34.8278
20.4028 34.8892
20.3866 34.956
20.3698 35.0161
20.3525 35.0838
20.3343 35.147
20.2977 35.2739
20.28 35.3354
20.2624 35.4052
20.2442 35.468
20.229 35.5303
20.213 35.5872
20.1981 35.6502
20.1834 35.7049
20.1696 35.7632
20.1535 35.8208
20.1368 35.8863
20.1195 35.9463
20.1034 36.0101
20.0864 36.0693
20.0701 36.1347
20.0523 36.1972
20.0339 36.2684
20.0137 36.3381
19.9945 36.4157
19.9121 36.6789
19.8958 36.7635
19.8356 36.9702
19.817 37.059
19.7974 37.1351
19.7787 37.2209
19.758 37.3005
19.7383 37.3846
19.7183 37.4595
19.6984 37.5404
19.678 37.6142
19.6563 37.6942
19.6357 37.765
19.6147 37.8433
19.5935 37.916
19.571 37.9963
19.5494 38.068
19.5282 38.1452
19.5081 38.2134
19.4872 38.2884
19.4666 38.3567
19.4469 38.4281
19.4271 38.4941
19.4051 38.5684
19.3834 38.637
19.3605 38.7134
19.3387 38.7823
19.3189 38.8544
19.2997 38.9185
19.2803 38.9896
19.2609 39.0543
19.2451 39.1192
19.2277 39.1807
19.2105 39.248
19.1929 39.3091
19.1748 39.3752
19.1563 39.4363
19.1383 39.5045
19.1205 39.5644
19.1029 39.6293
19.0663 39.7403
19.0268 39.8674
18.9779 40.0161
18.9169 40.1832
18.8611 40.3382
18.7667 40.5734
18.588 41.0197
18.4859 41.2522
18.3989 41.4675
18.3578 41.5655
18.3132 41.6786
18.2754 41.767
18.2366 41.861
18.2029 41.9374
18.1681 42.0195
18.1371 42.0879
18.105 42.1634
18.0747 42.2292
18.0442 42.2996
18.0169 42.3583
17.9884 42.4231
17.9598 42.4826
17.9315 42.5463
17.9059 42.6
17.8802 42.6587
17.854 42.7129
17.8232 42.7745
17.7935 42.8306
17.7611 42.8923
17.7308 42.9476
17.7 43.0083
17.6709 43.0628
17.6398 43.1219
17.6084 43.1784
17.5786 43.2398
17.5495 43.2955
17.5196 43.3581
17.4907 43.4141
17.4614 43.4736
17.4314 43.53
17.4004 43.5879
17.3714 43.6399
17.3427 43.6971
17.3147 43.7497
17.2862 43.8075
17.2595 43.8584
17.2308 43.9155
17.2015 43.9701
17.1717 44.0289
17.1438 44.0812
17.115 44.1375
17.0882 44.1873
17.0609 44.2409
17.0349 44.2897
17.0116 44.3393
16.987 44.3875
16.963 44.4391
16.9393 44.4864
16.9158 44.5396
16.8917 44.5894
16.8676 44.6443
16.8434 44.6948
16.8189 44.7506
16.7959 44.7995
16.7729 44.8534
16.7493 44.9037
16.7274 44.9568
16.7069 45.0027
16.6873 45.0525
16.6671 45.0987
16.6467 45.1502
16.6274 45.1949
16.6081 45.2437
16.5882 45.2889
16.5672 45.3387
16.5455 45.3862
16.5226 45.4399
16.4997 45.4897
16.4756 45.5453
16.4509 45.5984
16.4269 45.656
16.4032 45.7086
16.3798 45.7652
16.3571 45.816
16.3348 45.8733
16.3132 45.9237
16.2915 45.9791
16.2701 46.0288
16.2513 46.0823
16.231 46.1324
16.2114 46.1853
16.1915 46.2332
16.1718 46.2845
16.1528 46.3297
16.1349 46.3795
16.1152 46.4273
16.0957 46.4761
16.0773 46.5188
16.0586 46.5668
16.0379 46.6143
16.0179 46.6676
15.999 46.7136
15.9782 46.7675
15.957 46.8174
15.9358 46.8725
15.9151 46.9217
15.8919 46.9763
15.8671 47.03
15.8419 47.0908
15.818 47.1444
15.7938 47.2052
15.7701 47.2596
15.7463 47.3199
15.7225 47.3749
15.6986 47.4357
15.6754 47.4896
15.6504 47.5497
15.6238 47.6085
15.5973 47.6735
15.5714 47.7322
15.5475 47.7902
15.5247 47.8414
15.5032 47.8959
15.4825 47.9438
15.4621 47.9979
15.4402 48.0494
15.4157 48.1069
15.3913 48.1599
15.3669 48.2176
15.3418 48.272
15.3171 48.3299
15.2915 48.3852
15.2661 48.4461
15.2412 48.5013
15.2121 48.5656
15.1843 48.624
15.1575 48.6875
15.1319 48.7443
15.1074 48.8029
15.0827 48.8575
15.055 48.9196
15.0261 48.9802
14.9989 49.0405
14.9727 49.0955
14.9463 49.1575
14.9194 49.2157
14.8906 49.2823
14.861 49.3457
14.8325 49.4113
14.8043 49.4716
14.7761 49.5354
14.7479 49.5951
14.7192 49.6615
14.6925 49.7196
14.6675 49.7787
14.6423 49.8338
14.6154 49.8953
14.5883 49.9528
14.5611 50.0159
14.535 50.0721
14.5082 50.1339
14.4809 50.192
14.4531 50.2529
14.4275 50.3061
14.403 50.3603
14.3769 50.4139
14.3494 50.4742
14.3217 50.5311
14.2945 50.5922
14.2666 50.6502
14.2369 50.7163
14.2073 50.7779
14.1765 50.846
14.1468 50.9076
14.116 50.9752
14.088 51.0333
14.0605 51.0969
14.0307 51.1594
14.0025 51.225
13.9749 51.2842
13.9476 51.3473
13.9218 51.4025
13.8934 51.4664
13.8649 51.5259
13.8338 51.5927
13.8046 51.6522
13.7745 51.7162
13.7445 51.7764
13.7133 51.8451
13.6848 51.9044
13.6565 51.9681
13.6291 52.0256
13.6016 52.0876
13.5743 52.1446
13.5467 52.2048
13.52 52.2593
13.4939 52.3152
13.4683 52.3668
13.443 52.4241
13.4173 52.4776
13.3909 52.5359
13.3651 52.5888
13.3394 52.647
13.3128 52.7021
13.2853 52.7639
13.2587 52.8194
13.2321 52.8785
13.2066 52.9311
13.1816 52.9878
13.1568 53.0395
13.1317 53.0961
13.1073 53.1467
13.0825 53.2029
13.0585 53.2531
13.0342 53.3071
13.0081 53.3599
12.9823 53.4164
12.9587 53.4647
12.9331 53.5212
12.9082 53.5721
12.8846 53.6248
12.8596 53.6757
12.8346 53.7303
12.8119 53.7767
12.7873 53.8287
12.7625 53.8777
12.7355 53.9345
12.7112 53.983
12.6846 54.0381
12.6599 54.0871
12.6336 54.146
12.6064 54.2022
12.5802 54.2597
12.554 54.3136
12.5287 54.3717
12.5042 54.4241
12.4798 54.4806
12.4546 54.5344
12.4315 54.5926
12.4092 54.644
12.3871 54.7007
12.3628 54.7564
12.3398 54.815
12.2451 55.0086
12.2207 55.0798
12.1948 55.1428
12.1719 55.2135
12.1489 55.2748
12.1261 55.3439
12.1028 55.4055
12.0826 55.4706
12.0602 55.5314
12.0386 55.5941
12.0176 55.6492
11.9984 55.7056
11.9773 55.7598
11.956 55.8176
11.9363 55.8672
11.915 55.9238
11.8923 55.9788
11.8685 56.0405
11.8455 56.0961
11.8249 56.1544
11.8036 56.2086
11.7811 56.2701
11.7579 56.3277
11.7342 56.3915
11.711 56.4491
11.688 56.5115
11.6646 56.5702
11.6402 56.6364
11.6151 56.6988
11.5899 56.7647
11.5654 56.8246
11.5399 56.8925
11.5146 56.9547
11.4894 57.0213
11.4641 57.0829
11.4366 57.1517
11.4096 57.2146
11.3819 57.2828
11.356 57.3427
11.3281 57.4095
11.2982 57.4759
11.2677 57.5496
11.1781 57.7373
11.127 57.8652
11.1064 57.9179
10.9263 58.3464
10.8835 58.4486
10.8589 58.5224
10.8321 58.5888
10.7105 58.866
10.6802 58.9393
10.5957 59.1408
10.49 59.37
10.4374 59.5119
10.4099 59.5827
10.384 59.6604
10.33 59.7888
10.3064 59.8628
10.283 59.926
10.2602 59.9966
10.2359 60.0618
10.2123 60.1317
10.1886 60.1943
10.1654 60.2638
10.1416 60.327
10.1176 60.3937
10.0926 60.4566
10.0667 60.531
10.042 60.5954
10.0177 60.6637
9.9933 60.726
9.96615 60.7958
9.9404 60.8583
9.91729 60.9198
9.89389 60.9775
9.8695 61.0413
9.84492 61.1012
9.82119 61.1632
9.79774 61.2205
9.77574 61.2809
9.75322 61.3376
9.73016 61.3996
9.70812 61.4549
9.68682 61.5144
9.66646 61.5669
9.64438 61.6267
9.62126 61.6843
9.59897 61.7462
9.57891 61.798
9.55922 61.8538
9.54013 61.9031
9.5215 61.958
9.50224 62.0084
9.48303 62.0595
9.46329 62.1075
9.43866 62.1635
9.41651 62.2124
9.3947 62.2618
9.37349 62.3081
9.35017 62.3619
9.32894 62.409
9.30738 62.4601
9.28625 62.5074
9.26268 62.5633
9.23973 62.6146
9.21609 62.6713
9.19273 62.7237
9.16931 62.7807
9.14612 62.833
9.1207 62.8932
9.09393 62.9517
9.06608 63.0138
9.03959 63.0699
9.01512 63.1256
8.98921 63.1801
8.96278 63.2388
8.93531 63.2958
8.9073 63.3578
8.87972 63.4151
8.85304 63.4768
8.82652 63.5338
8.79841 63.5979
8.76985 63.6583
8.7395 63.7268
8.70968 63.7894
8.68204 63.8529
8.6544 63.9114
8.62345 63.9796
8.59258 64.0428
8.5614 64.1109
8.52899 64.1763
8.4946 64.2467
8.46076 64.3122
8.42525 64.3848
8.39047 64.4519
8.35616 64.5217
8.32205 64.5869
8.28609 64.6594
8.25051 64.7269
8.21489 64.7982
8.18094 64.8623
8.14363 64.9335
8.10956 64.9957
8.07453 65.0637
8.03966 65.1274
8.00493 65.1965
7.96991 65.2614
7.93111 65.3355
7.89316 65.404
7.85377 65.4793
7.81531 65.5486
7.7617 65.6466
7.70864 65.7394
7.67334 65.8065
7.63821 65.8697
7.60112 65.9373
7.56427 66.0021
7.53082 66.0709
7.49811 66.1338
7.46446 66.2025
7.4325 66.2642
7.40162 66.3314
7.36985 66.3951
7.33754 66.465
7.30602 66.5288
7.27344 66.5985
7.24151 66.6631
7.21376 66.7311
7.18534 66.7941
7.15516 66.8659
7.12572 66.9305
7.09595 67.0006
7.06709 67.0635
7.03768 67.131
7.00757 67.1952
6.97765 67.2659
6.94803 67.3307
6.92049 67.3993
6.89196 67.4636
6.86397 67.5346
6.83637 67.5984
6.8095 67.6699
6.78203 67.7353
6.75476 67.8057
6.72726 67.87
6.69946 67.9405
6.67175 68.0047
6.64415 68.075
6.61558 68.141
6.58735 68.2125
6.55943 68.2774
6.53317 68.3495
6.50598 68.4159
6.47649 68.4909
6.44631 68.5612
6.41863 68.635
6.38982 68.7042
6.35932 68.7803
6.32724 68.8542
6.29561 68.9374
6.26642 69.0085
6.23619 69.0888
6.20587 69.1623
6.17648 69.2409
6.14629 69.3143
6.11561 69.3928
6.08602 69.4631
6.0566 69.5382
6.02725 69.6074
5.99847 69.6829
5.97001 69.7515
5.93963 69.8272
5.90912 69.8977
5.88049 69.973
5.85191 70.0417
5.82284 70.1162
5.79267 70.1869
5.76481 70.2622
5.73759 70.329
5.71251 70.4002
5.68629 70.4658
5.65884 70.5413
5.63063 70.6105
5.6015 70.6838
5.5743 70.7474
5.54585 70.82
5.51807 70.8848
5.48886 70.9568
5.45992 71.0221
5.4289 71.0962
5.39743 71.165
5.36485 71.2376
5.33412 71.3018
5.30361 71.3762
5.27358 71.4427
5.24239 71.5116
5.21265 71.5728
5.18398 71.6392
5.15527 71.6995
5.12393 71.7648
5.09454 71.8224
5.06434 71.8863
5.03525 71.9435
5.00578 72.0051
4.97523 72.0638
4.94477 72.1255
4.91474 72.182
4.88322 72.2455
4.85459 72.2997
4.82127 72.3616
4.78861 72.4193
4.75469 72.4799
4.72279 72.5347
4.69049 72.5913
4.65786 72.6464
4.62307 72.7048
4.59 72.759
4.55331 72.8222
4.52011 72.8777
4.48553 72.9389
4.45064 72.998
4.41422 73.0609
4.38158 73.1157
4.34953 73.1761
4.31738 73.2331
4.28329 73.2981
4.24983 73.358
4.21738 73.4204
4.1839 73.4804
4.15114 73.5423
4.11974 73.5986
4.08532 73.6651
4.05084 73.7277
4.0167 73.7977
3.98279 73.8621
3.9497 73.9301
3.91717 73.9923
3.8858 74.0583
3.85571 74.1176
3.82613 74.1811
3.79676 74.24
3.77051 74.3025
3.74344 74.3609
3.71859 74.423
3.69484 74.4773
3.67067 74.5377
3.648 74.5901
3.62506 74.6507
3.46714 74.9732
3.44939 75.0516
3.42987 75.1129
3.41428 75.1786
3.39539 75.2397
3.37617 75.3068
3.3568 75.366
3.33885 75.4312
3.31954 75.491
3.2999 75.5588
3.27814 75.6233
3.25692 75.6912
3.23639 75.7506
3.21581 75.8168
3.19365 75.8799
3.1712 75.9497
3.14899 76.0123
3.12674 76.082
3.10286 76.1486
3.08173 76.2188
3.06 76.2824
3.03824 76.3529
3.01469 76.4197
2.99151 76.4957
2.96854 76.5625
2.94665 76.6335
2.92332 76.6995
2.89986 76.7737
2.87528 76.8419
2.85247 76.9115
2.8295 76.9738
2.80776 77.0401
2.78671 77.0972
2.76546 77.1605
2.74385 77.2174
2.72063 77.2815
2.69678 77.3407
2.67391 77.4028
2.65054 77.46
2.62605 77.5203
2.60209 77.5753
2.57847 77.6351
2.53552 77.7296
2.51512 77.7816
2.35154 78.103
2.32459 78.1728
2.30146 78.225
2.20902 78.4244
2.12226 78.5986
2.08128 78.7122
2.06143 78.7652
2.03908 78.8279
1.97772 78.9598
1.9556 79.0188
1.84791 79.2385
1.77242 79.4152
1.6975 79.572
1.6639 79.6506
1.63547 79.7119
1.60685 79.7763
1.58017 79.8333
1.55486 79.8904
1.53109 79.9411
1.50536 79.9987
1.47934 80.0535
1.45342 80.1075
1.42999 80.1548
1.40702 80.2057
1.38422 80.2533
1.35585 80.3093
1.32966 80.3599
1.30126 80.4145
1.27494 80.4643
1.24784 80.522
1.21951 80.5792
1.19161 80.6407
1.16473 80.6965
1.13719 80.7587
1.10976 80.8164
1.08165 80.8767
1.05491 80.931
1.02858 80.9887
0.914875 81.2036
0.890479 81.2718
0.867554 81.3253
0.846287 81.3835
0.825396 81.4336
0.806049 81.4863
0.785211 81.5355
0.76415 81.588
0.74372 81.6345
0.725171 81.6842
0.706989 81.7277
0.687158 81.7792
0.66583 81.8283
0.643218 81.8838
0.62204 81.9319
0.599339 81.9894
0.57699 82.041
0.557256 82.0963
0.534979 82.15
0.513645 82.2092
0.490902 82.2646
0.467211 82.3257
0.442178 82.3841
0.417225 82.4484
0.392071 82.5077
0.369002 82.5747
0.345568 82.6351
0.324325 82.7003
0.300131 82.7634
0.276106 82.8306
0.250633 82.8941
0.228197 82.9614
0.203754 83.0253
0.178597 83.1013
0.153091 83.1697
0.127661 83.2407
0.103117 83.3039
0.0787388 83.3727
0.0549218 83.4344
0.0330102 83.5009
0.00945213 83.5643
-0.0143228 83.6348
-0.0376037 83.698
-0.0590349 83.7679
-0.0809412 83.831
-0.10329 83.8987
-0.125314 83.9594
-0.146177 84.0218
-0.16582 84.0758
-0.185278 84.1355
-0.206157 84.1924
-0.226606 84.2541
-0.247177 84.3101
-0.27059 84.3758
-0.29358 84.4355
-0.317173 84.497
-0.34055 84.5545
-0.366155 84.6202
-0.392369 84.6836
-0.421001 84.752
-0.447673 84.8137
-0.476919 84.8815
-0.505069 84.9448
-0.532599 85.0149
-0.561177 85.0826
-0.593857 85.1616
-0.624549 85.232
-0.656145 85.307
-0.686116 85.3746
-0.717314 85.4472
-0.748041 85.5149
-0.780185 85.5895
-0.811242 85.6575
-0.844212 85.7342
-0.874161 85.8002
-0.903912 85.8711
-0.932169 85.9339
-0.96195 86.0034
-0.99071 86.0658
-1.01721 86.1302
-1.04305 86.1877
-1.07044 86.2496
-1.09725 86.3061
-1.1236 86.3661
-1.14803 86.4179
-1.174 86.4723
-1.19982 86.5233
-1.22754 86.5821
-1.25574 86.638
-1.28506 86.7015
-1.31444 86.7604
-1.34603 86.8243
-1.37654 86.8827
-1.4093 86.9456
-1.44013 87.0026
-1.47295 87.0674
-1.50487 87.1274
-1.53639 87.1916
-1.56794 87.2519
-1.5989 87.3115
-1.62767 87.3646
-1.65759 87.4236
-1.68748 87.4794
-1.714 87.5365
-1.73896 87.5864
-1.76378 87.6411
-1.78828 87.6905
-1.81337 87.7438
-1.83828 87.7928
-1.86451 87.846
-1.89104 87.8964
-1.91921 87.9537
-1.94895 88.01
-1.98037 88.0755
-2.01068 88.1347
-2.04419 88.2045
-2.07676 88.268
-2.10753 88.3329
-2.13863 88.3936
-2.17155 88.4601
-2.20284 88.5198
-2.2349 88.588
-2.26529 88.6483
-2.29489 88.7127
-2.32386 88.7709
-2.3536 88.835
-2.38212 88.8922
-2.40908 88.9555
-2.43514 89.0111
-2.46281 89.0719
-2.48979 89.1268
-2.51824 89.1854
-2.54517 89.2379
-2.57189 89.2939
-2.59833 89.346
-2.6224 89.4016
-2.64636 89.4523
-2.67088 89.5082
-2.69653 89.5619
-2.72491 89.6227
-2.75168 89.6771
-2.77638 89.7352
-2.80286 89.7921
-2.83247 89.8577
-2.86058 89.9167
-2.88783 89.9828
-2.9157 90.0446
-2.94404 90.1126
-2.97285 90.1763
-3.00042 90.2433
-3.02901 90.307
-3.05837 90.3774
-3.08703 90.4417
-3.1139 90.5113
-3.13887 90.5712
-3.165 90.6377
-3.19081 90.6985
-3.21299 90.7598
-3.23493 90.8148
-3.25507 90.8751
-3.27479 90.9276
-3.29132 90.9804
-3.30819 91.0271
-3.32436 91.0815
-3.34188 91.1312
-3.36094 91.1876
-3.38231 91.2432
-3.4023 91.3023
-3.42201 91.355
-3.44186 91.4132
-3.46158 91.4657
-3.48032 91.5242
-3.50075 91.5802
-3.51893 91.6396
-3.5379 91.694
-3.55668 91.7553
-3.57616 91.8114
-3.59576 91.8709
-3.616 91.9267
-3.63496 91.9893
-3.65367 92.0449
-3.67115 92.1036
-3.69049 92.1606
-3.71016 92.2266
-3.72947 92.2852
-3.74736 92.3487
-3.76525 92.4052
-3.78164 92.4632
-3.79835 92.5159
-3.816 92.5769
-3.83379 92.6322
-3.85246 92.6949
-3.87151 92.7526
-3.88856 92.8113
-3.90635 92.8657
-3.92431 92.9291
-3.94303 92.9872
-3.96133 93.0545
-3.9802 93.1148
-3.99855 93.177
-4.10126 93.4402
-4.12459 93.5197
-4.14671 93.5832
-4.17213 93.6551
-4.19727 93.7206
-4.22267 93.7919
-4.24666 93.8545
-4.27089 93.9201
-4.29477 93.9802
-4.32119 94.0475
-4.34704 94.1095
-4.37192 94.1754
-4.39691 94.2366
-4.42354 94.3041
-4.44857 94.3639
-4.47615 94.4298
-4.50358 94.4919
-4.53097 94.5586
-4.55742 94.6192
-4.58347 94.6819
-4.60865 94.7389
-4.63454 94.8009
-4.66028 94.8586
-4.68751 94.9224
-4.71442 94.9817
-4.74237 95.0447
-4.77007 95.1039
-4.79825 95.1696
-4.82501 95.2282
-4.8512 95.2902
-4.8759 95.3447
-4.90244 95.406
-4.92965 95.4643
-4.95811 95.5265
-4.98522 95.5827
-5.01378 95.6456
-5.04257 95.7049
-5.07405 95.7727
-5.10544 95.8361
-5.13623 95.9006
-5.16635 95.9602
-5.19778 96.0253
-5.31175 96.2377
-5.40054 96.4169
-5.51063 96.6186
-5.54981 96.6992
-5.58328 96.7628
-5.71002 97.0055
-5.86099 97.2748
-5.89789 97.3554
-5.92873 97.4166
-5.95807 97.4815
-6.00668 97.5916
-6.12736 97.8305
-6.17735 97.9627
-6.21402 98.0517
-6.25918 98.1586
-6.32162 98.2931
-6.36324 98.3923
-6.39805 98.4708
-6.4315 98.5568
-6.46045 98.6266
-6.48908 98.7054
-6.51433 98.7698
-6.53903 98.8419
-6.56441 98.9075
-6.58868 98.981
-6.61182 99.0439
-6.63397 99.1075
-6.65512 99.1631
-6.67618 99.2234
-6.69778 99.2794
-6.71899 99.342
-6.73954 99.3975
-6.76184 99.4613
-6.78418 99.52
-6.80461 99.5805
-6.82457 99.6346
-6.84305 99.6912
-6.86172 99.7426
-6.87799 99.8015
-6.89417 99.852
-6.91131 99.9062
-6.92809 99.954
-6.94545 100.008
-6.96422 100.06
-6.98434 100.121
-7.00435 100.175
-7.02552 100.235
-7.04637 100.289
-7.06836 100.35
-7.09125 100.408
-7.11605 100.471
-7.1403 100.529
-7.16508 100.591
-7.18886 100.647
-7.21291 100.709
-7.23755 100.767
-7.26214 100.827
-7.28651 100.883
-7.30915 100.942
-7.33025 100.993
-7.35299 101.049
-7.37748 101.104
-7.40153 101.163
-7.42315 101.213
-7.44343 101.265
-7.46637 101.317
-7.48843 101.372
-7.51049 101.421
-7.53333 101.477
-7.55692 101.529
-7.58411 101.592
-7.61161 101.651
-7.64062 101.714
-7.66965 101.773
-7.70234 101.842
-7.73557 101.909
-7.76888 101.982
-7.80248 102.05
-7.8377 102.124
-7.87156 102.19
-7.90571 102.262
-7.93862 102.327
-7.97488 102.399
-8.0082 102.463
-8.04231 102.531
-8.07533 102.593
-8.11214 102.662
-8.14698 102.726
-8.18041 102.791
-8.21319 102.851
-8.25051 102.92
-8.28658 102.983
-8.32433 103.053
-8.36019 103.117
-8.39722 103.184
-8.43412 103.249
-8.47283 103.319
-8.50986 103.383
-8.54707 103.451
-8.5834 103.514
-8.61882 103.579
-8.65278 103.638
-8.68829 103.703
-8.72363 103.763
-8.76161 103.828
-8.79918 103.888
-8.83876 103.955
-8.87794 104.018
-8.91582 104.084
-8.95282 104.145
-8.99155 104.211
-9.02881 104.27
-9.06823 104.333
-9.10689 104.392
-9.14859 104.456
-9.18795 104.514
-9.23466 104.582
-9.27855 104.645
-9.32792 104.718
-9.37417 104.784
-9.421 104.854
-9.46534 104.918
-9.51309 104.988
-9.55686 105.051
-9.60025 105.118
-9.6407 105.178
-9.68499 105.242
-9.72742 105.302
-9.76952 105.369
-9.81023 105.429
-9.85471 105.497
-9.89934 105.561
-9.94184 105.627
-9.98035 105.684
-10.0207 105.745
-10.0596 105.801
-10.0998 105.862
-10.1396 105.918
-10.1835 105.982
-10.2273 106.043
-10.2691 106.105
-10.3127 106.166
-10.3596 106.235
-10.3986 106.291
-10.439 106.35
-10.4782 106.405
-10.5158 106.461
-10.5489 106.508
-10.5859 106.563
-10.6204 106.611
-10.6552 106.666
-10.6877 106.713
-10.7189 106.762
-10.7501 106.806
-10.7856 106.856
-10.8189 106.901
-10.8532 106.947
-10.8878 106.992
-10.9245 107.04
-10.9558 107.08
-10.9881 107.124
-11.022 107.167
-11.0577 107.214
-11.0893 107.255
-11.1234 107.303
-11.1578 107.348
-11.1947 107.398
-11.2304 107.443
-11.2652 107.492
-11.2995 107.536
-11.3383 107.587
-11.3754 107.634
-11.4143 107.682
-11.4501 107.725
-11.4865 107.771
-11.5224 107.814
-11.559 107.86
-11.5944 107.902
-11.633 107.952
-11.6703 107.997
-11.7119 108.048
-11.7509 108.094
-11.7899 108.144
-11.8279 108.19
-11.8687 108.24
-11.905 108.282
-11.9415 108.329
-11.9784 108.374
-12.0219 108.425
-12.0608 108.469
-12.1009 108.515
-12.1382 108.556
-12.1802 108.604
-12.218 108.645
-12.2565 108.688
-12.2932 108.727
-12.3325 108.773
-12.3688 108.813
-12.4066 108.858
-12.4422 108.897
-12.4848 108.943
-12.5265 108.986
-12.5701 109.032
-12.6104 109.073
-12.6535 109.117
-12.6931 109.157
-12.7366 109.202
-12.778 109.243
-12.8215 109.289
-12.8606 109.328
-12.904 109.372
-12.9452 109.411
-12.9892 109.455
-13.0308 109.495
-13.0734 109.535
-13.1151 109.572
-13.1598 109.614
-13.2011 109.65
-13.2482 109.692
-13.2937 109.732
-13.3456 109.779
-13.3967 109.824
-13.4525 109.873
-13.5039 109.916
-13.5599 109.962
-13.6123 110.004
-13.6684 110.047
-13.7192 110.084
-13.7724 110.122
-13.8242 110.158
-13.8798 110.199
-13.9311 110.236
-13.988 110.276
-14.04 110.311
-14.096 110.35
-14.1491 110.385
-14.2039 110.421
-14.3336 110.5
-14.3855 110.532
-14.4296 110.558
-14.5248 110.614
-14.5736 110.642
-14.6289 110.677
-14.6793 110.706
-14.7319 110.736
-14.7802 110.762
-14.8387 110.792
-14.8899 110.818
-14.9474 110.845
-15.0005 110.87
-15.0577 110.897
-15.1099 110.92
-15.1695 110.945
-15.2257 110.967
-15.2861 110.992
-15.3409 111.013
-15.4038 111.037
-15.4617 111.058
-15.5251 111.08
-15.5815 111.099
-15.6392 111.12
-15.7419 111.154
-15.8089 111.174
-15.869 111.192
-15.9339 111.212
-15.9938 111.23
-16.0592 111.251
-16.1156 111.268
-16.1726 111.286
-16.2248 111.302
-16.2811 111.32
-16.3322 111.335
-16.3901 111.354
-16.4434 111.37
-16.4991 111.383
-16.5527 111.396
-16.6144 111.415
-17.0176 111.5
-17.0852 111.518
-17.1445 111.531
-17.2151 111.548
-17.3337 111.57
-17.4635 111.596
-17.5309 111.608
-17.731 111.639
-17.9769 111.667
-18.0579 111.681
-18.1819 111.695
-18.2632 111.707
-18.4536 111.721
-18.6032 111.741
-18.6763 111.749
-18.8233 111.763
-19.0192 111.772
-19.243 111.778
-19.3194 111.779
-19.4073 111.786
-19.4782 111.789
-19.5588 111.793
-19.6325 111.795
-19.714 111.795
-19.7844 111.793
-19.8599 111.798
-19.9284 111.798
-20.0015 111.8
-20.0682 111.798
-20.1407 111.796
-20.2029 111.793
-20.2691 111.792
-20.3302 111.789
-20.3979 111.787
-20.4605 111.784
-20.5294 111.781
-20.5916 111.776
-20.6609 111.771
-20.7246 111.765
-20.7939 111.758
-20.8595 111.75
-20.9367 111.741
-21.0082 111.731
-21.0848 111.723
-21.1558 111.713
-21.2323 111.703
-21.3045 111.691
-21.3835 111.684
-21.4511 111.676
-21.5285 111.667
-21.6036 111.655
-21.6837 111.645
-21.7574 111.633
-21.8365 111.621
-21.9044 111.609
-21.9793 111.596
-22.0492 111.583
-22.124 111.57
-22.19 111.558
-22.2574 111.549
-22.3189 111.539
-22.3837 111.53
-22.4424 111.519
-22.5087 111.508
-22.5678 111.496
-22.6327 111.484
-22.6958 111.471
-22.7615 111.461
-22.8185 111.451
-22.8836 111.437
-22.9454 111.423
-23.0127 111.409
-23.0736 111.395
-23.1376 111.382
-23.1946 111.369
-23.2598 111.357
-23.3207 111.343
-23.3877 111.331
-23.4471 111.319
-23.5114 111.305
-23.5702 111.29
-23.6341 111.277
-23.6935 111.263
-23.7602 111.249
-23.8195 111.236
-23.8869 111.224
-23.9478 111.211
-24.0069 111.2
-24.0598 111.188
-24.1246 111.176
-24.1815 111.164
-24.2433 111.153
-24.2991 111.141
-24.3596 111.131
-24.4109 111.121
-24.4678 111.113
-24.5242 111.101
-24.5842 111.09
-24.6382 111.077
-24.6983 111.064
-24.7521 111.05
-24.813 111.033
-24.8726 111.015
-24.9403 110.997
-25.0034 110.978
-25.0718 110.959
-25.1357 110.94
-25.2069 110.921
-25.2722 110.902
-25.3433 110.882
-25.4106 110.862
-25.4869 110.84
-25.5564 110.819
-25.6283 110.8
-25.6945 110.78
-25.7708 110.759
-25.8409 110.737
-25.9156 110.719
-25.9854 110.7
-26.0588 110.68
-26.1282 110.66
-26.1978 110.642
-26.2619 110.623
-26.332 110.605
-26.396 110.586
-26.4681 110.569
-26.5362 110.55
-26.609 110.532
-26.6774 110.513
-26.7481 110.492
-26.8135 110.471
-26.8809 110.453
-26.9438 110.434
-27.0142 110.418
-27.077 110.401
-27.1446 110.387
-27.208 110.371
-27.278 110.354
-27.343 110.336
-27.4144 110.318
-27.4814 110.299
-27.5607 110.281
-27.633 110.262
-27.7109 110.243
-27.7803 110.224
-27.8551 110.207
-27.9265 110.188
-28.0031 110.169
-28.0695 110.151
-28.1401 110.135
-28.209 110.116
-28.2837 110.097
-28.3535 110.077
-28.4285 110.059
-28.4984 110.039
-28.5751 110.018
-28.6455 109.997
-28.7196 109.977
-28.7865 109.957
-28.8597 109.937
-28.9288 109.916
-28.9996 109.897
-29.065 109.877
-29.1362 109.858
-29.2028 109.839
-29.2776 109.823
-29.3425 109.807
-29.4128 109.791
-29.4752 109.775
-29.5438 109.76
-29.608 109.743
-29.6779 109.726
-29.7401 109.709
-29.8082 109.695
-29.8693 109.68
-29.9366 109.664
-29.9932 109.65
-30.0581 109.637
-30.1192 109.622
-30.1862 109.606
-30.2489 109.59
-30.3121 109.577
-30.3679 109.564
-30.4312 109.549
-30.492 109.533
-30.561 109.515
-30.6213 109.498
-30.6874 109.484
-30.7495 109.469
-30.8176 109.452
-30.8809 109.435
-30.9495 109.419
-31.0113 109.402
-31.08 109.386
-31.1409 109.369
-31.2079 109.353
-31.2658 109.337
-31.3303 109.323
-31.389 109.307
-31.4573 109.289
-31.5203 109.27
-31.5867 109.251
-31.6472 109.231
-31.708 109.216
-31.7597 109.2
-31.823 109.182
-31.8804 109.163
-31.9438 109.143
-31.9989 109.124
-32.0579 109.104
-32.1121 109.084
-32.1711 109.062
-32.2261 109.041
-32.288 109.02
-32.3454 108.999
-32.4013 108.976
-32.4532 108.955
-32.5124 108.93
-32.5703 108.904
-32.6346 108.879
-32.6909 108.855
-32.7521 108.829
-32.8068 108.805
-32.8709 108.78
-32.9296 108.755
-32.9906 108.733
-33.0456 108.711
-33.1102 108.687
-33.168 108.664
-33.2286 108.639
-33.2839 108.615
-33.3443 108.589
-33.4027 108.563
-33.4673 108.537
-33.5241 108.512
-33.5888 108.488
-33.6476 108.464
-33.7099 108.44
-33.7652 108.416
-33.8234 108.395
-33.8763 108.374
-33.9264 108.355
-33.9737 108.336
-34.0284 108.316
-34.0781 108.295
-34.1298 108.278
-34.3026 108.202
-34.3603 108.185
-34.4113 108.166
-34.4687 108.144
-34.5197 108.122
-34.5749 108.101
-34.6244 108.081
-34.6751 108.063
-34.7228 108.045
-34.7802 108.025
-34.8321 108.005
-34.8849 107.988
-34.933 107.97
-34.9892 107.949
-35.0422 107.927
-35.098 107.907
-35.1477 107.887
-35.2052 107.868
-35.2573 107.849
-35.3164 107.827
-35.369 107.807
-35.4245 107.785
-35.4741 107.765
-35.5286 107.743
-35.5738 107.725
-35.6199 107.708
-35.6642 107.689
-35.7103 107.673
-35.7569 107.654
-35.808 107.637
-35.8563 107.619
-35.9079 107.599
-35.9578 107.579
-36.0139 107.56
-36.0699 107.539
-36.1321 107.518
-36.1897 107.498
-36.2469 107.48
-36.3011 107.461
-36.3584 107.444
-36.4129 107.426
-36.4762 107.409
-36.6686 107.335
-36.7323 107.324
-36.8285 107.293
-36.8893 107.28
-36.9464 107.263
-37.3473 107.12
-37.681 106.991
-37.761 106.99
-37.8251 106.979
-38.0591 106.915
-38.2355 106.859
-38.3826 106.827
-38.4524 106.811
-38.5936 106.778
-38.6641 106.761
-38.7383 106.75
-38.8043 106.736
-38.8769 106.723
-38.944 106.707
-39.0138 106.69
-39.0783 106.672
-39.1445 106.655
-39.2045 106.638
-39.2664 106.623
-39.3222 106.607
-39.3837 106.592
-39.4375 106.576
-39.4966 106.562
-39.5516 106.546
-39.6092 106.531
-39.663 106.515
-39.7244 106.497
-39.7809 106.479
-39.8437 106.463
-39.898 106.447
-39.958 106.432
-40.0162 106.415
-40.0795 106.399
-40.1364 106.382
-40.1967 106.364
-40.2533 106.347
-40.317 106.329
-40.3727 106.313
-40.4332 106.293
-40.4935 106.272
-40.5596 106.25
-40.8365 106.146
-40.915 106.124
-40.9819 106.101
-41.0539 106.078
-41.1162 106.056
