0.0162746 -3.00837
0.0498602 -2.99222
0.0871101 -2.97431
0.122544 -2.95729
0.157986 -2.94026
0.297604 -2.8599
0.397604 -2.80093
0.623031 -2.6843
0.781878 -2.59839
1.02059 -2.47497
1.18318 -2.38751
1.40268 -2.26878
1.55418 -2.18308
1.7428 -2.07762
1.87541 -1.9992
2.03607 -1.90933
2.1504 -1.84106
2.28207 -1.76521
2.37561 -1.70778
2.48482 -1.64375
2.56331 -1.59452
2.6558 -1.53558
2.72675 -1.48666
2.80293 -1.4375
2.8618 -1.39627
2.93125 -1.35112
2.98512 -1.31299
3.04721 -1.27235
3.09615 -1.23731
3.15152 -1.20111
3.19737 -1.16761
3.24707 -1.13453
3.28844 -1.10394
3.33695 -1.06915
3.37937 -1.03545
3.42791 -0.998159
3.46885 -0.96433
3.51269 -0.930122
3.55206 -0.8969
3.59499 -0.859503
3.63293 -0.825067
3.67444 -0.79051
3.71117 -0.758
3.75219 -0.72286
3.7893 -0.689238
3.83201 -0.655171
3.86935 -0.623079
3.90938 -0.592112
3.94469 -0.562263
3.98296 -0.528657
4.01817 -0.49592
4.05791 -0.460547
4.0962 -0.424448
4.14099 -0.383208
4.1827 -0.343024
4.22617 -0.301803
4.26569 -0.262974
4.31381 -0.220169
4.35539 -0.181256
4.40067 -0.144182
4.44412 -0.104944
4.49432 -0.0632489
4.53742 -0.0246404
4.58274 0.0181185
4.62381 0.0585296
4.66999 0.101134
4.7137 0.143984
4.76398 0.188066
4.80653 0.227754
4.85432 0.271441
4.89647 0.31238
4.94338 0.355752
4.9867 0.398254
5.03725 0.441363
5.08043 0.481098
5.1311 0.528093
5.17684 0.572959
5.22344 0.615589
5.26247 0.653066
5.30535 0.692123
5.34405 0.729699
5.38725 0.771286
5.42515 0.809455
5.46894 0.85179
5.51011 0.893749
5.55615 0.941138
5.59762 0.985162
5.643 1.03187
5.68463 1.07615
5.72978 1.12224
5.77081 1.16574
5.81611 1.21066
5.85875 1.25524
5.90579 1.30482
5.94747 1.35014
5.99574 1.39825
6.03892 1.44351
6.08556 1.48878
6.12823 1.53291
6.17581 1.57955
6.22031 1.62614
6.26612 1.66995
6.30854 1.71364
6.3592 1.76413
6.40603 1.81383
6.45627 1.86483
6.50027 1.91187
6.54892 1.96273
6.59512 2.01373
6.64579 2.06581
6.6926 2.11686
6.74475 2.17281
6.79047 2.22373
6.84057 2.27545
6.8867 2.32571
6.93854 2.37959
6.98525 2.43039
7.03504 2.47866
7.07894 2.52389
7.1286 2.56998
7.17352 2.61508
7.22197 2.65983
7.26557 2.70323
7.31696 2.74997
7.36595 2.7983
7.41745 2.84643
7.46432 2.89269
7.51621 2.93492
7.564 2.97768
7.61859 3.0198
7.667 3.06082
7.72226 3.10364
7.77305 3.14686
7.83172 3.188
7.88339 3.22833
7.93921 3.26792
7.99253 3.3103
8.05101 3.35309
8.10277 3.39382
8.15909 3.43101
8.21042 3.46879
8.27001 3.5097
8.3228 3.54878
8.379 3.58669
8.42781 3.62197
8.48357 3.65925
8.5376 3.69846
8.59622 3.7328
8.6483 3.76663
8.71126 3.80419
8.76881 3.84182
8.8313 3.8788
8.88702 3.91447
8.94664 3.94957
9.00302 3.98561
9.06405 4.02002
9.11864 4.05323
9.17886 4.08576
9.23543 4.11922
9.29844 4.14844
9.35564 4.1786
9.41763 4.20862
9.47329 4.23832
9.53657 4.2697
9.59363 4.30036
9.65593 4.32773
9.71069 4.35446
9.77192 4.38096
9.82808 4.40811
9.88162 4.43187
9.93103 4.45601
9.9851 4.47939
10.0334 4.50234
10.0895 4.52461
10.1391 4.54676
10.1936 4.56857
10.2449 4.59208
10.2969 4.6148
10.3437 4.6372
10.489 4.71071
10.5376 4.73414
10.5904 4.75939
10.6401 4.78499
10.698 4.81092
10.7489 4.83569
10.8025 4.85758
10.8496 4.87915
10.9051 4.90579
10.9559 4.93176
11.0135 4.9591
11.0651 4.98527
11.12 5.01052
11.1736 5.03753
11.2316 5.06681
11.2826 5.09371
11.3391 5.12295
11.3889 5.1497
11.4437 5.17761
11.4933 5.20414
11.5476 5.22966
11.5967 5.2545
11.656 5.28276
11.7095 5.31005
11.7682 5.33935
11.8222 5.36783
11.8834 5.39774
11.938 5.42599
11.9951 5.45566
12.0468 5.48355
12.1024 5.50987
12.1523 5.53517
12.2085 5.56164
12.2589 5.58716
12.3149 5.61325
12.3676 5.64002
12.4255 5.66957
12.4744 5.69561
12.5256 5.72014
12.5765 5.74659
12.6308 5.77353
12.6787 5.79857
12.7279 5.82037
12.7747 5.84318
12.8274 5.8707
13.0071 5.97048
13.0689 5.9988
13.1765 6.05481
13.2573 6.0981
13.4254 6.18551
13.6135 6.28769
13.7921 6.3738
13.9317 6.44687
14.2839 6.63118
14.3648 6.67397
14.5176 6.75532
14.5914 6.79541
14.7886 6.90093
14.8555 6.93677
14.9291 6.97798
14.9931 7.01504
15.0617 7.05253
15.1224 7.08708
15.187 7.11997
15.2459 7.15211
15.3099 7.18313
15.3669 7.21339
15.4326 7.24469
15.4895 7.27444
15.5512 7.30564
15.609 7.33753
15.6753 7.37063
15.7353 7.40335
15.8042 7.44054
15.8674 7.47686
15.9388 7.51383
16.0046 7.55073
16.0767 7.59106
16.1441 7.63089
16.2191 7.67234
16.2889 7.71338
16.3644 7.75416
16.4326 7.79361
16.5063 7.83484
16.5754 7.87591
16.6515 7.92036
16.719 7.96141
16.7926 8.00146
16.86 8.04088
16.9324 8.07974
17 8.11914
17.0683 8.16027
17.1293 8.19855
17.196 8.23932
17.2553 8.2771
17.3185 8.31628
17.3777 8.35469
17.4431 8.39467
17.5017 8.43227
17.5637 8.47198
17.6195 8.50913
17.6805 8.54971
17.7379 8.58921
17.8008 8.63189
17.8567 8.67088
17.9185 8.71046
17.9737 8.74762
18.0375 8.78599
18.0967 8.82456
18.158 8.86163
18.2118 8.89657
18.2714 8.93473
18.3263 8.97227
18.3862 9.01195
18.4386 9.04845
18.4959 9.08437
18.5465 9.11854
18.6043 9.15646
18.6579 9.1941
18.714 9.23337
18.764 9.27003
18.8191 9.30969
18.8715 9.34921
18.931 9.39186
18.9827 9.43066
19.0395 9.47306
19.0936 9.51527
19.1532 9.55979
19.2079 9.60255
19.2701 9.65032
19.3274 9.69601
19.3896 9.74097
19.4434 9.78211
19.5068 9.82723
19.5649 9.87157
19.6276 9.91873
19.6847 9.96406
19.7477 10.0123
19.8039 10.0577
19.8648 10.1063
19.9193 10.1516
19.9772 10.1952
20.0327 10.2401
20.0948 10.2872
20.1492 10.3311
20.2057 10.3753
20.2586 10.4197
20.3167 10.4679
20.3675 10.512
20.4211 10.557
20.4705 10.6005
20.5247 10.6453
20.5745 10.689
20.6284 10.7317
20.6783 10.7744
20.7332 10.8181
20.7825 10.8603
20.8354 10.9035
20.8823 10.9445
20.9333 10.9893
20.9798 11.0322
21.0312 11.0795
21.0796 11.1259
21.1328 11.1739
21.1799 11.2185
21.2298 11.263
21.2738 11.3043
21.3215 11.3491
21.3638 11.3906
21.4126 11.4361
21.4578 11.4805
21.5089 11.5265
21.5553 11.5709
21.6039 11.6163
21.6452 11.6568
21.6946 11.702
21.7403 11.7469
21.7881 11.7915
21.8279 11.8307
21.8735 11.8719
21.9155 11.913
21.9622 11.9577
22.0043 12.0006
22.0509 12.0482
22.0927 12.0928
22.1385 12.1388
22.1804 12.1831
22.2276 12.2321
22.271 12.2793
22.3177 12.3282
22.361 12.376
22.4071 12.4239
22.4475 12.4681
22.4905 12.5122
22.5307 12.5564
22.5737 12.6034
22.611 12.6459
22.6541 12.6932
22.6948 12.7401
22.7383 12.7888
22.7774 12.8346
22.824 12.888
22.8661 12.9384
22.9127 12.9943
22.954 13.0453
23.0019 13.1027
23.0461 13.1576
23.0941 13.2143
23.1373 13.2676
23.1839 13.3215
23.226 13.3728
23.2731 13.4297
23.3164 13.4845
23.3643 13.5419
23.4053 13.5932
23.4498 13.6464
23.4886 13.6955
23.5338 13.7541
23.5753 13.81
23.619 13.8679
23.6587 13.9224
23.7024 13.9832
23.741 14.0382
23.7842 14.0977
23.8225 14.1527
23.8654 14.2114
23.9045 14.2677
23.948 14.3279
23.9869 14.3846
24.0317 14.4461
24.0711 14.5033
24.1142 14.5621
24.1528 14.6184
24.1951 14.6761
24.2321 14.7304
24.2739 14.7892
24.3106 14.8445
24.3518 14.901
24.3893 14.9572
24.432 15.0191
24.6182 15.3489
24.6518 15.4108
24.7486 15.5972
24.8133 15.7295
24.8969 15.8988
24.9571 16.0279
25.0274 16.1745
25.0786 16.2888
25.1373 16.4159
25.1809 16.5184
25.2302 16.6351
25.2676 16.7316
25.3085 16.8363
25.3401 16.9254
25.3745 17.0222
25.4017 17.1076
25.4323 17.2053
25.4559 17.2891
25.4817 17.3773
25.5017 17.4535
25.5232 17.5352
25.5405 17.6096
25.5602 17.6954
25.5753 17.7704
25.5914 17.854
25.6041 17.9299
25.6183 18.0147
25.6293 18.0901
25.6411 18.1725
25.6499 18.2467
25.6586 18.3275
25.6647 18.4002
25.671 18.4819
25.675 18.556
25.6783 18.6356
25.678 18.9447
25.6668 19.1019
25.6132 19.6095
25.5824 19.7896
25.5665 19.8713
25.5514 19.9575
25.4327 20.4878
25.4059 20.6645
25.3397 20.9488
25.3324 21.0503
25.3211 21.1276
25.3091 21.2156
25.2967 21.2875
25.2861 21.3579
25.2745 21.4189
25.2631 21.484
25.251 21.5417
25.239 21.6072
25.2258 21.6674
25.2131 21.7329
25.2011 21.7874
25.1891 21.8469
25.1757 21.9038
25.1612 21.9694
25.1467 22.0282
25.134 22.0891
25.1209 22.1436
25.1077 22.2038
25.093 22.2614
25.0781 22.325
25.0621 22.3852
25.0433 22.4554
25.0256 22.5174
25.0089 22.5841
24.9904 22.6495
24.9731 22.7192
24.9559 22.7811
24.9387 22.8507
24.9203 22.9156
24.9028 22.9854
24.8851 23.0475
24.8689 23.1126
24.851 23.1748
24.8329 23.2438
24.814 23.3075
24.7956 23.3765
24.7765 23.4395
24.7587 23.5056
24.7392 23.5687
24.7199 23.6377
24.7 23.7004
24.681 23.7693
24.66 23.8351
24.637 23.9092
24.6146 23.9753
24.5925 24.0473
24.5694 24.1151
24.5469 24.1904
24.5248 24.2569
24.503 24.3276
24.4812 24.3915
24.4605 24.4589
24.4394 24.52
24.4188 24.5865
24.3977 24.6469
24.3771 24.7139
24.356 24.774
24.3365 24.8375
24.3164 24.8946
24.2963 24.9552
24.2755 25.0111
24.2542 25.0769
24.2322 25.1366
24.2114 25.204
24.1888 25.2667
24.1663 25.3354
24.1431 25.3973
24.1208 25.464
24.0983 25.5233
24.0745 25.5912
24.0518 25.6499
24.0275 25.7156
24.0023 25.7773
23.9792 25.841
23.9571 25.8972
23.9354 25.9578
23.913 26.0138
23.8891 26.0784
23.8656 26.1362
23.8414 26.2025
23.8173 26.2622
23.7939 26.323
23.7749 26.37
23.7519 26.4282
23.7266 26.4865
23.7029 26.546
23.681 26.5975
23.6585 26.6557
23.6352 26.7105
23.6123 26.7675
23.5912 26.8168
23.5691 26.8706
23.5478 26.9189
23.5257 26.9743
23.5055 27.0213
23.4862 27.0706
23.4662 27.1167
23.4455 27.168
23.4249 27.2147
23.4021 27.2667
23.3794 27.3151
23.3577 27.3651
23.336 27.4114
23.3127 27.4625
23.2896 27.51
23.2661 27.5625
23.2414 27.6136
23.2149 27.671
23.1884 27.7248
23.1592 27.7862
23.1306 27.843
23.1 27.9052
23.0692 27.9648
23.0355 28.0326
23.0013 28.0981
22.9642 28.1734
22.9266 28.2453
22.886 28.3269
22.8456 28.4034
22.804 28.4866
22.7648 28.5606
22.7274 28.638
22.6887 28.7116
22.6489 28.7892
22.6117 28.8577
22.5727 28.9346
22.5335 29.0063
22.494 29.0829
22.4557 29.1523
22.4157 29.2317
22.3775 29.3019
22.339 29.3774
22.2992 29.4491
22.2597 29.5295
22.2218 29.6005
22.1852 29.6782
22.1486 29.7489
22.1152 29.8225
22.0833 29.8869
22.0493 29.9579
22.0145 30.0248
21.9814 30.0974
21.9487 30.1634
21.9188 30.2289
21.8898 30.2878
21.8619 30.3518
21.8349 30.4086
21.8069 30.4746
21.7782 30.5359
21.7506 30.6018
21.7207 30.6662
21.6935 30.7332
21.6651 30.7961
21.637 30.8661
21.608 30.9317
21.5795 31.0057
21.5507 31.0733
21.5227 31.1473
21.495 31.2139
21.4671 31.2879
21.4373 31.359
21.4117 31.4294
21.3864 31.4927
21.3611 31.5657
21.3345 31.6344
21.3095 31.7086
21.2843 31.7762
21.2603 31.8505
21.235 31.9202
21.2113 31.9966
21.1869 32.0667
21.164 32.1445
21.1405 32.2151
21.1185 32.2951
21.0948 32.3693
21.0729 32.4489
21.0498 32.5219
21.0278 32.6029
21.0051 32.6761
20.9858 32.7543
20.9644 32.8272
20.9437 32.9083
20.9216 32.9836
20.8998 33.0677
20.878 33.1428
20.8587 33.2233
20.8381 33.2969
20.818 33.3745
20.7974 33.4454
20.7779 33.52
20.758 33.5882
20.7379 33.6683
20.7167 33.7425
20.6965 33.8216
20.6757 33.8937
20.655 33.9727
20.6341 34.0443
20.613 34.1203
20.5921 34.1894
20.5717 34.2649
20.5519 34.3321
20.5335 34.4029
20.515 34.4667
20.4991 34.5318
20.4831 34.5897
20.4691 34.6474
20.4365 34.7515
20.4201 34.8173
20.4023 34.8785
20.3846 34.9442
20.3668 35.0039
20.3492 35.0719
20.3308 35.1353
20.2943 35.2639
20.2768 35.3263
20.2597 35.3937
20.2422 35.454
20.2263 35.5173
20.2095 35.5755
20.1935 35.6422
20.1769 35.7021
20.1609 35.7666
20.1453 35.8225
20.1292 35.8875
20.1119 35.9487
20.0967 36.0115
20.0801 36.0707
20.064 36.1353
20.0463 36.1972
20.0283 36.2668
19.9484 36.5162
19.9159 36.663
19.841 36.9184
19.8232 37.0196
19.8038 37.1013
19.7832 37.1933
19.7617 37.2757
19.7397 37.3671
19.7178 37.4479
19.6992 37.5319
19.6803 37.6058
19.6615 37.6866
19.642 37.76
19.6213 37.8397
19.6006 37.9124
19.5792 37.9933
19.5584 38.0654
19.5361 38.1448
19.5153 38.2144
19.4939 38.289
19.4729 38.357
19.4527 38.4289
19.4327 38.4947
19.4132 38.5655
19.3927 38.6335
19.371 38.7077
19.3506 38.7737
19.3312 38.8451
19.3118 38.91
19.2919 38.981
19.2721 39.0458
19.2554 39.11
19.2374 39.171
19.2189 39.2371
19.2004 39.2975
19.1818 39.366
19.1628 39.4292
19.1444 39.4966
19.1268 39.5551
19.1097 39.6187
19.0914 39.6785
19.0346 39.8574
19.0151 39.9194
18.9166 40.2102
18.8963 40.2707
18.7924 40.5668
18.7693 40.6328
18.6772 40.8797
18.6286 41.0006
18.5982 41.0826
18.5688 41.1546
18.4794 41.3615
18.3919 41.5515
18.3296 41.6995
18.3002 41.7673
18.2668 41.8417
18.2355 41.9077
18.2035 41.9771
18.1742 42.0376
18.1462 42.101
18.1192 42.1581
18.0898 42.2197
18.062 42.2753
18.0316 42.3383
18.0043 42.3923
17.977 42.4501
17.9491 42.5051
17.9222 42.5654
17.8959 42.6195
17.868 42.678
17.8415 42.7304
17.8116 42.7897
17.7824 42.8443
17.7531 42.9026
17.7254 42.9546
17.6958 43.0131
17.6674 43.0662
17.6386 43.1243
17.6086 43.1802
17.5773 43.2394
17.5472 43.2936
17.5179 43.3531
17.4897 43.4064
17.4595 43.4681
17.4289 43.526
17.397 43.5865
17.3674 43.6403
17.3366 43.6972
17.3072 43.7495
17.2783 43.8056
17.2514 43.8554
17.2231 43.9117
17.195 43.9641
17.1672 44.0192
17.1399 44.0704
17.1126 44.1256
17.0868 44.1748
17.0615 44.2286
17.0371 44.2769
17.0099 44.3308
16.9824 44.3827
16.957 44.4351
16.9331 44.4819
16.9094 44.5354
16.8852 44.5853
16.8627 44.6394
16.8392 44.6902
16.8165 44.7443
16.795 44.7914
16.7726 44.8465
16.7498 44.897
16.7285 44.9493
16.7089 44.9939
16.69 45.0429
16.6699 45.0892
16.6497 45.1376
16.6305 45.1803
16.6098 45.2303
16.5891 45.2763
16.5695 45.3262
16.5486 45.3736
16.5265 45.4278
16.505 45.4763
16.4811 45.5337
16.4561 45.5886
16.4327 45.6489
16.4093 45.7034
16.3876 45.7602
16.3667 45.8099
16.3443 45.8659
16.322 45.9168
16.3003 45.9711
16.2789 46.0203
16.2595 46.0709
16.2386 46.1196
16.2202 46.1689
16.2011 46.2145
16.1816 46.266
16.1627 46.3112
16.1452 46.3592
16.1263 46.405
16.1067 46.4582
16.0882 46.5038
16.0688 46.5537
16.0477 46.6025
16.025 46.658
16.0045 46.7053
15.9825 46.7593
15.9604 46.8092
15.9388 46.8632
15.9178 46.9117
15.8949 46.9676
15.8704 47.0222
15.8437 47.0844
15.818 47.1407
15.7916 47.2025
15.7671 47.2564
15.7417 47.3173
15.7167 47.373
15.6925 47.4324
15.6676 47.4884
15.6425 47.5509
15.6167 47.6095
15.591 47.6734
15.5664 47.7296
15.5432 47.7862
15.5199 47.8386
15.497 47.8956
15.4745 47.9467
15.4534 48.0015
15.4314 48.0528
15.408 48.1108
15.3844 48.1642
15.3596 48.2224
15.3343 48.2772
15.3096 48.3358
15.2841 48.3915
15.257 48.4537
15.2311 48.5096
15.2039 48.5727
15.1774 48.6303
15.1508 48.6925
15.1256 48.7477
15.1002 48.8066
15.0753 48.8605
15.0488 48.9207
15.0204 48.9806
14.9935 49.0424
14.9675 49.0984
14.9409 49.1592
14.9137 49.2173
14.8868 49.2791
14.8596 49.3373
14.8305 49.4028
14.8021 49.4631
14.7741 49.5275
14.7462 49.5877
14.7177 49.6534
14.6911 49.7109
14.6664 49.7686
14.6411 49.823
14.6165 49.886
14.5907 49.9448
14.5651 50.0064
14.54 50.0618
14.5131 50.1234
14.4858 50.1813
14.4568 50.2447
14.4305 50.2995
14.406 50.3556
14.38 50.4103
14.3534 50.4708
14.3263 50.5278
14.298 50.5894
14.2704 50.646
14.2415 50.7099
14.2116 50.7712
14.1805 50.839
14.1505 50.9003
14.1199 50.9694
14.0921 51.0285
14.064 51.0952
14.0338 51.1597
14.0049 51.2282
13.9767 51.2892
13.9489 51.354
13.9228 51.4103
13.8955 51.4733
13.8687 51.5304
13.8391 51.595
13.8098 51.6548
13.7798 51.7195
13.7494 51.7808
13.7192 51.8439
13.6916 51.8989
13.6643 51.9606
13.6378 52.0161
13.6096 52.0782
13.5818 52.1351
13.5528 52.1984
13.5252 52.2548
13.4999 52.3137
13.4742 52.3681
13.4481 52.4271
13.4223 52.4808
13.3958 52.54
13.3698 52.5935
13.3441 52.6496
13.3181 52.7021
13.2898 52.7618
13.2627 52.8159
13.2361 52.874
13.2107 52.926
13.1877 52.9794
13.1646 53.0283
13.1406 53.0836
13.1165 53.1343
13.0904 53.1906
13.0662 53.2398
13.0419 53.294
13.0157 53.347
12.9896 53.4038
12.9657 53.4524
12.9401 53.5096
12.9152 53.5609
12.8915 53.617
12.8664 53.6701
12.841 53.7269
12.8182 53.7748
12.7946 53.8279
12.7705 53.8777
12.7431 53.936
12.7184 53.9859
12.6925 54.0424
12.6686 54.0914
12.6421 54.1482
12.6146 54.2036
12.5885 54.2619
12.5624 54.3163
12.5389 54.3726
12.5147 54.4256
12.4916 54.4825
12.468 54.5354
12.4461 54.5926
12.4229 54.6464
12.3988 54.705
12.3747 54.759
12.3508 54.8203
12.2553 55.0164
12.2281 55.0875
12.2016 55.1487
12.1789 55.2148
12.1558 55.2737
12.1332 55.3435
12.1101 55.4055
12.0913 55.47
12.0704 55.5296
12.05 55.5928
12.0296 55.6484
12.0102 55.7079
11.989 55.7641
11.9686 55.8203
11.9495 55.8687
11.9289 55.9241
11.9066 55.9784
11.8847 56.0378
11.863 56.092
11.8419 56.1503
11.8204 56.2045
11.7965 56.2676
11.7725 56.3263
11.75 56.3895
11.7268 56.4484
11.7024 56.5119
11.6784 56.5701
11.6547 56.6355
11.6299 56.6977
11.6063 56.7609
11.5828 56.819
11.5562 56.884
11.5302 56.9444
11.5033 57.0109
11.4769 57.0724
11.4495 57.1399
11.4226 57.202
11.3946 57.2686
11.3685 57.3275
11.3417 57.3935
11.3127 57.459
11.2808 57.5334
11.1967 57.7083
11.1447 57.8377
11.0698 58.0247
11.0296 58.1221
10.9083 58.4032
10.8656 58.5048
10.6943 58.8962
10.6577 58.9853
10.5641 59.2172
10.4477 59.4754
10.4104 59.5866
10.3779 59.6706
10.3441 59.7686
10.3135 59.8492
10.2848 59.9334
10.257 60.0068
10.2281 60.0876
10.201 60.1571
10.1738 60.2332
10.1473 60.3009
10.1216 60.372
10.0956 60.4377
10.0685 60.514
10.0436 60.5787
10.0181 60.6482
9.99299 60.7114
9.96665 60.7828
9.94256 60.8438
9.92148 60.9046
9.89772 60.9654
9.87373 61.0311
9.85141 61.088
9.8284 61.15
9.80455 61.2092
9.78061 61.2714
9.75644 61.3302
9.73464 61.3936
9.71398 61.4486
9.69126 61.5082
9.66972 61.5613
9.64724 61.6212
9.62388 61.6788
9.6021 61.7399
9.58182 61.7925
9.55944 61.852
9.53888 61.9031
9.52038 61.9552
9.5012 62.0039
9.48532 62.0523
9.46859 62.0969
9.44808 62.1509
9.42802 62.1998
9.40504 62.256
9.38212 62.3087
9.36027 62.3637
9.33935 62.4127
9.31821 62.4631
9.29736 62.51
9.27541 62.5616
9.25413 62.609
9.22934 62.6636
9.20479 62.7155
9.17982 62.7708
9.15517 62.8228
9.12959 62.8811
9.10378 62.9364
9.07855 62.9937
9.05318 63.0477
9.02859 63.1062
9.00387 63.1603
8.97718 63.2195
8.94923 63.2775
8.92162 63.3411
8.89511 63.398
8.86834 63.4588
8.84131 63.516
8.81389 63.5796
8.78593 63.6394
8.75613 63.7079
8.72621 63.7713
8.69562 63.8381
8.66606 63.8987
8.63857 63.9633
8.61099 64.0224
8.58004 64.0915
8.54779 64.1576
8.51343 64.2304
8.4791 64.2984
8.44272 64.372
8.40771 64.4392
8.37264 64.5108
8.3387 64.5762
8.30244 64.6471
8.266 64.7147
8.22884 64.7866
8.19407 64.8508
8.15608 64.9227
8.11984 64.9884
8.08219 65.059
8.04663 65.1228
8.01077 65.1927
7.97463 65.2586
7.93571 65.3299
7.89767 65.3964
7.85888 65.4702
7.8208 65.5385
7.76671 65.6367
7.71282 65.7305
7.67464 65.8031
7.63799 65.8691
7.60093 65.941
7.56409 66.0083
7.52945 66.0801
7.49598 66.1449
7.4626 66.2151
7.4308 66.2777
7.39862 66.3461
7.36653 66.4097
7.33475 66.4795
7.3029 66.5445
7.27354 66.6129
7.24349 66.6769
7.21688 66.742
7.18921 66.8032
7.15904 66.8743
7.12962 66.9384
7.10169 67.0055
7.07351 67.0674
7.04394 67.1366
7.01404 67.2012
6.98533 67.272
6.95651 67.3369
6.92794 67.4058
6.89924 67.4696
6.87062 67.5419
6.84232 67.6071
6.81348 67.6786
6.78509 67.7433
6.75814 67.8124
6.73084 67.8759
6.70271 67.9453
6.67477 68.0087
6.64667 68.0775
6.61778 68.1427
6.58903 68.2152
6.56108 68.2802
6.53362 68.3467
6.5054 68.4101
6.47538 68.4843
6.44489 68.5541
6.41679 68.6259
6.38775 68.6938
6.35646 68.7716
6.32484 68.8447
6.29123 68.9308
6.26026 69.005
6.23046 69.0852
6.2003 69.1591
6.16992 69.2375
6.13952 69.3098
6.11041 69.3883
6.08106 69.46
6.05205 69.5372
6.02326 69.6073
5.99361 69.6846
5.96491 69.7537
5.93631 69.8268
5.90732 69.8949
5.87862 69.9714
5.84975 70.0415
5.82102 70.1183
5.79113 70.1905
5.76276 70.2681
5.7348 70.3373
5.7077 70.408
5.6805 70.4728
5.65083 70.5446
5.62106 70.6117
5.59072 70.6855
5.56242 70.7501
5.53607 70.8191
5.50963 70.8815
5.4801 70.9563
5.45 71.0252
5.41954 71.1
5.3892 71.1679
5.35839 71.243
5.32884 71.309
5.30077 71.3781
5.27285 71.4402
5.24407 71.5076
5.21587 71.5679
5.18595 71.6335
5.15647 71.6934
5.12464 71.7639
5.09338 71.8275
5.06267 71.8963
5.03253 71.9579
5.001 72.0237
4.96979 72.084
4.93825 72.1464
4.90751 72.2035
4.87479 72.2644
4.84535 72.317
4.81201 72.3802
4.7793 72.4388
4.74698 72.4982
4.71668 72.5512
4.68411 72.6114
4.65131 72.6687
4.61544 72.7283
4.58169 72.7833
4.54555 72.8436
4.51331 72.8963
4.47855 72.9558
4.44484 73.0117
4.40939 73.0738
4.3763 73.1298
4.3432 73.1882
4.31037 73.2438
4.27384 73.3073
4.23882 73.3661
4.20554 73.4269
4.17155 73.4859
4.13781 73.5482
4.10581 73.6048
4.07214 73.6705
4.03978 73.73
4.00808 73.7931
3.97634 73.8521
3.94435 73.9178
3.91184 73.9797
3.88175 74.0474
3.85197 74.1085
3.82227 74.1754
3.79299 74.2363
3.76527 74.3025
3.7387 74.3609
3.71398 74.4209
3.68902 74.4763
3.66458 74.5376
3.64075 74.5926
3.61735 74.6537
3.45995 74.9749
3.44326 75.0452
3.42228 75.1067
3.40446 75.1755
3.38526 75.2362
3.36615 75.3047
3.34601 75.3667
3.32903 75.4324
3.31084 75.4914
3.29451 75.5542
3.27546 75.6141
3.25615 75.681
3.23604 75.7415
3.21444 75.8097
3.19333 75.8701
3.17286 75.9368
3.15103 75.9995
3.1286 76.0702
3.10483 76.1369
3.0807 76.2092
3.05704 76.274
3.03388 76.3477
3.01022 76.4147
2.98684 76.4865
2.96321 76.5518
2.94007 76.6199
2.91607 76.6837
2.89145 76.7537
2.8661 76.8192
2.8431 76.8858
2.82 76.9462
2.79717 77.0119
2.77542 77.0687
2.75309 77.1336
2.73078 77.1915
2.70709 77.2581
2.68291 77.3188
2.65846 77.3849
2.63408 77.4446
2.61107 77.5052
2.58806 77.5604
2.56425 77.6227
2.54282 77.675
2.52124 77.7294
2.50082 77.7771
2.47945 77.8274
2.36294 78.0569
2.31686 78.1711
2.27154 78.2688
2.2491 78.3297
2.14455 78.5381
2.12113 78.6017
2.09798 78.6549
2.0512 78.7611
2.0299 78.8106
1.96882 78.95
1.9452 79.0046
1.92031 79.057
1.86467 79.1873
1.8204 79.2868
1.76223 79.4182
1.71812 79.5153
1.66826 79.6308
1.6293 79.7181
1.58269 79.8198
1.54315 79.9029
1.50161 79.9909
1.46674 80.0626
1.4288 80.1413
1.39614 80.2073
1.36334 80.2783
1.33438 80.3384
1.30236 80.4078
1.27331 80.4679
1.24864 80.5309
1.22322 80.5889
1.19471 80.6566
1.16671 80.7176
1.13822 80.7823
1.11066 80.8407
1.08215 80.9035
1.05575 80.9582
0.938254 81.2027
0.912619 81.2587
0.886147 81.3192
0.862364 81.3696
0.839557 81.425
0.81885 81.4714
0.797223 81.5243
0.776492 81.5709
0.753627 81.6251
0.732827 81.6713
0.713386 81.7206
0.691292 81.77
0.669011 81.8263
0.647192 81.8765
0.62548 81.9304
0.604418 81.9784
0.584993 82.0325
0.563338 82.0846
0.537968 82.1448
0.513904 82.1984
0.491266 82.262
0.467761 82.3203
0.446551 82.3829
0.42169 82.445
0.395299 82.51
0.368445 82.5713
0.343354 82.6357
0.318091 82.6953
0.29276 82.7652
0.267043 82.8293
0.242777 82.8976
0.218884 82.9584
0.195049 83.0239
0.169923 83.0863
0.146092 83.1588
0.121123 83.2258
0.0987809 83.2965
0.0754598 83.3611
0.05138 83.4293
0.0280238 83.4901
0.0052868 83.5597
-0.0188182 83.6254
-0.0413296 83.6927
-0.0629358 83.752
-0.0851384 83.8183
-0.107466 83.8789
-0.130898 83.9426
-0.154313 84.0022
-0.1771 84.065
-0.19822 84.1198
-0.22096 84.1835
-0.243736 84.2425
-0.264372 84.3062
-0.287038 84.3678
-0.311821 84.4363
-0.335352 84.497
-0.360428 84.5615
-0.384974 84.6212
-0.410789 84.6873
-0.435748 84.7479
-0.461477 84.8129
-0.487451 84.8748
-0.51524 84.9451
-0.54258 85.01
-0.574162 85.0875
-0.606191 85.1614
-0.636115 85.2384
-0.664855 85.307
-0.69537 85.3823
-0.724953 85.4506
-0.756505 85.5271
-0.786982 85.5961
-0.819822 85.6701
-0.85115 85.7372
-0.881348 85.8052
-0.91006 85.8665
-0.938507 85.9331
-0.96611 85.9933
-0.992946 86.0575
-1.01857 86.1141
-1.04639 86.178
-1.07347 86.2358
-1.10041 86.2983
-1.12549 86.3524
-1.15174 86.4138
-1.17706 86.4683
-1.20327 86.5292
-1.22907 86.5841
-1.25697 86.646
-1.28544 86.704
-1.31604 86.7694
-1.3478 86.8321
-1.38008 86.8964
-1.40996 86.9531
-1.44052 87.0123
-1.47026 87.0674
-1.50213 87.1302
-1.53382 87.1895
-1.56604 87.2543
-1.59391 87.3079
-1.62062 87.3631
-1.64766 87.4152
-1.67624 87.4734
-1.70522 87.5284
-1.7351 87.5915
-1.76326 87.6469
-1.78975 87.7044
-1.8141 87.7536
-1.84061 87.8095
-1.86803 87.8629
-1.89657 87.9195
-1.9247 87.9722
-1.95388 88.0306
-1.98473 88.0883
-2.01713 88.1535
-2.04912 88.2141
-2.08243 88.2817
-2.11367 88.3416
-2.14639 88.4093
-2.17745 88.4697
-2.20777 88.5351
-2.23879 88.5965
-2.26965 88.6633
-2.29996 88.7239
-2.3312 88.7913
-2.36176 88.8525
-2.39297 88.9147
-2.421 88.9682
-2.44938 89.0294
-2.47725 89.0853
-2.50501 89.1457
-2.53209 89.2004
-2.55785 89.2576
-2.58291 89.3091
-2.60938 89.3681
-2.63448 89.4203
-2.65865 89.4763
-2.68265 89.5273
-2.70579 89.5804
-2.73037 89.6319
-2.75633 89.6915
-2.78218 89.7465
-2.80947 89.8066
-2.83605 89.8619
-2.86249 89.9261
-2.88945 89.9858
-2.9189 90.0539
-2.94913 90.1188
-2.98111 90.1892
-3.01167 90.2534
-3.04162 90.3236
-3.07105 90.3882
-3.09734 90.4553
-3.12316 90.516
-3.14887 90.5838
-3.17295 90.6423
-3.19393 90.7046
-3.21561 90.7611
-3.23527 90.8242
-3.2563 90.8819
-3.27371 90.9415
-3.2903 90.9909
-3.30602 91.0435
-3.32288 91.0914
-3.34168 91.1484
-3.3626 91.2035
-3.38252 91.2645
-3.40245 91.3189
-3.4212 91.3738
-3.44081 91.4253
-3.45937 91.4822
-3.47932 91.5362
-3.49942 91.5973
-3.5196 91.6525
-3.53963 91.7125
-3.55996 91.7679
-3.58003 91.8265
-3.59988 91.88
-3.61776 91.9383
-3.63641 91.9924
-3.65462 92.0562
-3.67386 92.1149
-3.69134 92.1799
-3.71025 92.2401
-3.72868 92.3011
-3.74685 92.3558
-3.76161 92.4149
-3.77656 92.4665
-3.79265 92.526
-3.80989 92.5813
-3.82889 92.6406
-3.84909 92.6984
-3.86772 92.764
-3.88674 92.8234
-3.905 92.8858
-3.92402 92.9435
-3.94302 93.005
-3.9609 93.0581
-3.97907 93.1151
-3.99707 93.1668
-4.01826 93.2253
-4.06124 93.3334
-4.10486 93.4617
-4.12813 93.5278
-4.1493 93.5953
-4.17108 93.6565
-4.19574 93.7236
-4.2194 93.784
-4.24539 93.8468
-4.27054 93.9056
-4.29701 93.9707
-4.32364 94.0333
-4.35126 94.1014
-4.37685 94.1616
-4.40414 94.2262
-4.43052 94.2862
-4.45608 94.3511
-4.48193 94.4122
-4.50813 94.479
-4.53289 94.538
-4.55743 94.6007
-4.58292 94.6606
-4.60686 94.7222
-4.63033 94.7777
-4.65671 94.8414
-4.68329 94.9012
-4.70918 94.9657
-4.73417 95.0232
-4.76091 95.0898
-4.78746 95.1505
-4.8146 95.2158
-4.84066 95.274
-4.86627 95.336
-4.89043 95.3902
-4.91653 95.4522
-4.94255 95.5091
-4.96999 95.5714
-4.99844 95.6312
-5.02828 95.6976
-5.05854 95.7603
-5.08979 95.8287
-5.11871 95.8883
-5.14977 95.9537
-5.18069 96.0149
-5.21307 96.0812
-5.30199 96.2465
-5.33544 96.3144
-5.42005 96.4684
-5.4569 96.5418
-5.7147 97.0003
-5.75753 97.098
-5.79175 97.1669
-5.85406 97.2976
-5.88584 97.3631
-5.91878 97.4318
-6.09101 97.7446
-6.13876 97.8668
-6.28528 98.1607
-6.31072 98.2426
-6.3352 98.3049
-6.35932 98.3734
-6.38292 98.4321
-6.40697 98.4964
-6.43088 98.554
-6.45354 98.6164
-6.47645 98.6728
-6.49824 98.7348
-6.51976 98.7896
-6.54268 98.8448
-6.56549 98.8966
-6.58862 98.958
-6.61075 99.0124
-6.63084 99.0693
-6.65111 99.1212
-6.67289 99.1787
-6.69422 99.2313
-6.71511 99.2915
-6.73587 99.3462
-6.75481 99.4049
-6.7757 99.4617
-6.79572 99.5214
-6.81472 99.5734
-6.83277 99.6334
-6.85057 99.6858
-6.86565 99.7443
-6.88281 99.7986
-6.89852 99.8545
-6.91579 99.9064
-6.93232 99.9614
-6.94996 100.012
-6.97254 100.07
-6.9939 100.122
-7.01407 100.178
-7.03447 100.231
-7.05472 100.288
-7.07594 100.343
-7.09968 100.404
-7.12303 100.46
-7.14572 100.52
-7.16769 100.574
-7.19035 100.634
-7.21401 100.692
-7.23856 100.755
-7.26204 100.811
-7.2841 100.87
-7.30586 100.923
-7.32936 100.979
-7.353 101.032
-7.37778 101.092
-7.40139 101.145
-7.42487 101.2
-7.44627 101.247
-7.46805 101.3
-7.49097 101.351
-7.51433 101.408
-7.53791 101.461
-7.5638 101.523
-7.59103 101.582
-7.61883 101.644
-7.64786 101.704
-7.67764 101.772
-7.70808 101.836
-7.74275 101.914
-7.77611 101.983
-7.81215 102.057
-7.84694 102.126
-7.88056 102.2
-7.91423 102.268
-7.94991 102.342
-7.98401 102.409
-8.01805 102.479
-8.04947 102.54
-8.08137 102.606
-8.11069 102.663
-8.14442 102.727
-8.17854 102.788
-8.21394 102.854
-8.24844 102.915
-8.28418 102.981
-8.31943 103.043
-8.356 103.111
-8.3916 103.174
-8.42883 103.243
-8.4638 103.305
-8.50011 103.372
-8.5364 103.435
-8.57452 103.503
-8.61037 103.564
-8.64696 103.63
-8.68169 103.689
-8.71882 103.754
-8.75636 103.816
-8.79633 103.884
-8.83226 103.943
-8.87129 104.01
-8.90978 104.073
-8.95009 104.139
-8.98948 104.2
-9.03038 104.263
-9.06936 104.321
-9.1077 104.382
-9.1429 104.436
-9.18779 104.501
-9.23163 104.563
-9.27755 104.634
-9.32225 104.7
-9.37078 104.772
-9.41555 104.837
-9.46463 104.906
-9.51045 104.969
-9.55784 105.036
-9.60194 105.096
-9.64752 105.163
-9.69078 105.225
-9.73577 105.293
-9.7791 105.355
-9.82306 105.422
-9.86218 105.479
-9.90309 105.543
-9.94296 105.602
-9.98264 105.665
-10.0206 105.721
-10.0621 105.787
-10.1032 105.847
-10.1473 105.915
-10.1906 105.977
-10.2365 106.048
-10.2756 106.105
-10.3204 106.175
-10.3659 106.24
-10.4086 106.306
-10.4501 106.366
-10.492 106.429
-10.5302 106.483
-10.5657 106.538
-10.5994 106.586
-10.6349 106.639
-10.668 106.686
-10.7012 106.735
-10.7325 106.779
-10.7643 106.826
-10.7946 106.868
-10.8271 106.915
-10.8577 106.956
-10.8903 107.002
-10.9218 107.044
-10.9561 107.091
-10.9884 107.133
-11.024 107.179
-11.0587 107.223
-11.0947 107.268
-11.1312 107.313
-11.1692 107.363
-11.2055 107.409
-11.2433 107.46
-11.2774 107.503
-11.313 107.551
-11.3465 107.594
-11.3827 107.644
-11.4185 107.689
-11.455 107.737
-11.4913 107.781
-11.5315 107.833
-11.5678 107.877
-11.606 107.927
-11.6436 107.972
-11.6803 108.02
-11.7167 108.064
-11.7571 108.114
-11.7938 108.158
-11.8339 108.205
-11.8729 108.25
-11.9138 108.299
-11.9506 108.342
-11.9902 108.39
-12.0301 108.435
-12.0729 108.485
-12.1129 108.53
-12.1528 108.576
-12.1904 108.618
-12.2278 108.66
-12.2621 108.696
-12.3013 108.74
-12.3383 108.779
-12.3776 108.823
-12.4136 108.862
-12.4532 108.905
-12.492 108.945
-12.5363 108.995
-12.5783 109.039
-12.6221 109.085
-12.6618 109.126
-12.7022 109.169
-12.74 109.207
-12.7816 109.252
-12.8216 109.292
-12.8647 109.334
-12.906 109.372
-12.9493 109.415
-12.9889 109.453
-13.0324 109.498
-13.0739 109.538
-13.1194 109.582
-13.1617 109.621
-13.2095 109.665
-13.2546 109.704
-13.3045 109.747
-13.3531 109.788
-13.4065 109.835
-13.4575 109.878
-13.511 109.923
-13.5597 109.963
-13.6161 110.005
-13.6685 110.043
-13.722 110.082
-13.7697 110.117
-13.8251 110.156
-13.8775 110.192
-13.9349 110.232
-13.988 110.268
-14.0438 110.305
-14.0956 110.339
-14.1517 110.378
-14.1998 110.409
-14.3418 110.499
-14.4755 110.576
-14.5776 110.639
-14.6283 110.668
-14.6883 110.703
-14.7382 110.73
-14.7926 110.763
-14.8453 110.792
-14.9013 110.819
-14.9534 110.843
-15.0113 110.871
-15.0625 110.895
-15.1203 110.922
-15.1748 110.946
-15.2337 110.973
-15.2863 110.996
-15.3443 111.018
-15.4008 111.039
-15.4613 111.06
-15.5176 111.079
-15.578 111.1
-15.7332 111.151
-15.8019 111.172
-15.8618 111.19
-15.9244 111.21
-15.9823 111.228
-16.0466 111.248
-16.105 111.266
-16.166 111.284
-16.2189 111.299
-16.2766 111.318
-16.3305 111.334
-16.3926 111.352
-16.4474 111.367
-16.5035 111.383
-16.5573 111.398
-16.6181 111.416
-16.9218 111.483
-16.9892 111.506
-17.1484 111.539
-17.2203 111.559
-17.7163 111.636
-17.8848 111.667
-17.9642 111.679
-18.253 111.721
-18.3309 111.732
-18.6077 111.762
-18.8595 111.774
-18.9574 111.786
-19.0382 111.792
-19.1247 111.804
-19.3166 111.808
-19.4056 111.811
-19.4778 111.81
-19.5604 111.813
-19.6345 111.812
-19.7142 111.812
-19.7833 111.81
-19.8566 111.809
-19.9237 111.806
-19.9961 111.805
-20.0624 111.802
-20.1349 111.8
-20.1972 111.796
-20.264 111.793
-20.3255 111.789
-20.3924 111.785
-20.4531 111.78
-20.5194 111.776
-20.5812 111.77
-20.6508 111.761
-20.7131 111.753
-20.7845 111.747
-20.8515 111.738
-20.9309 111.733
-21.0042 111.724
-21.0816 111.719
-21.155 111.711
-21.2346 111.701
-21.3086 111.69
-21.3857 111.681
-21.4572 111.67
-21.5358 111.658
-21.6079 111.646
-21.6849 111.635
-21.7556 111.623
-21.8348 111.611
-21.9028 111.599
-21.9778 111.59
-22.0477 111.579
-22.1251 111.569
-22.1927 111.558
-22.2644 111.55
-22.3288 111.54
-22.3976 111.532
-22.4589 111.523
-22.5261 111.514
-22.589 111.502
-22.6576 111.492
-22.7207 111.48
-22.7853 111.469
-22.8417 111.459
-22.9065 111.445
-22.968 111.431
-23.0309 111.415
-23.0884 111.4
-23.1504 111.389
-23.2041 111.379
-23.2675 111.367
-23.3275 111.354
-23.3965 111.341
-23.4588 111.326
-23.5233 111.313
-23.5825 111.3
-23.6449 111.286
-23.7014 111.272
-23.7623 111.258
-23.8191 111.244
-23.8831 111.233
-23.9416 111.22
-24.0033 111.209
-24.0581 111.197
-24.1227 111.185
-24.1804 111.172
-24.2402 111.16
-24.2938 111.148
-24.3549 111.137
-24.4095 111.124
-24.4717 111.112
-24.5295 111.098
-24.5876 111.085
-24.6403 111.072
-24.7017 111.059
-24.7563 111.045
-24.818 111.03
-24.8783 111.013
-24.9427 110.994
-25.0036 110.975
-25.0708 110.954
-25.1348 110.933
-25.2067 110.912
-25.2718 110.891
-25.3433 110.871
-25.4118 110.85
-25.4862 110.83
-25.5545 110.81
-25.624 110.795
-25.6883 110.778
-25.7598 110.76
-25.8258 110.742
-25.9014 110.723
-25.9719 110.702
-26.0483 110.683
-26.1197 110.662
-26.1954 110.643
-26.2639 110.624
-26.3351 110.607
-26.4002 110.589
-26.4724 110.572
-26.5406 110.552
-26.6163 110.535
-26.6847 110.517
-26.7548 110.503
-26.8209 110.486
-26.8902 110.469
-26.9543 110.452
-27.0268 110.434
-27.0909 110.417
-27.1582 110.401
-27.2215 110.384
-27.2915 110.367
-27.3566 110.349
-27.4272 110.33
-27.4937 110.31
-27.5688 110.286
-27.6356 110.265
-27.7098 110.247
-27.7788 110.228
-27.8519 110.208
-27.9193 110.188
-27.989 110.17
-28.0528 110.151
-28.1244 110.134
-28.1922 110.115
-28.2674 110.096
-28.3372 110.076
-28.4108 110.058
-28.4809 110.038
-28.5603 110.019
-28.6299 110.001
-28.7053 109.983
-28.7747 109.964
-28.8531 109.947
-28.9249 109.928
-28.9987 109.909
-29.0652 109.891
-29.1375 109.873
-29.2054 109.853
-29.28 109.837
-29.3475 109.819
-29.4216 109.802
-29.4865 109.786
-29.5573 109.771
-29.6217 109.755
-29.6916 109.739
-29.7539 109.723
-29.8205 109.71
-29.8814 109.695
-29.946 109.682
-30.0028 109.668
-30.0676 109.655
-30.1271 109.641
-30.1931 109.626
-30.2561 109.609
-30.3227 109.594
-30.3829 109.579
-30.4496 109.561
-30.5094 109.544
-30.5774 109.528
-30.6405 109.51
-30.7087 109.494
-30.7706 109.478
-30.8366 109.463
-30.8985 109.447
-30.9656 109.429
-31.0264 109.411
-31.0944 109.393
-31.1558 109.375
-31.2219 109.359
-31.2806 109.343
-31.3454 109.325
-31.4038 109.307
-31.4691 109.288
-31.5301 109.268
-31.5955 109.249
-31.6554 109.23
-31.7143 109.213
-31.7648 109.197
-31.8225 109.18
-31.8755 109.162
-31.9337 109.142
-31.9861 109.123
-32.0433 109.104
-32.0963 109.085
-32.155 109.064
-32.2096 109.043
-32.2719 109.021
-32.3291 109
-32.3885 108.978
-32.4428 108.956
-32.5048 108.931
-32.5646 108.906
-32.631 108.88
-32.689 108.856
-32.7519 108.831
-32.8085 108.806
-32.8703 108.783
-32.9254 108.761
-32.9874 108.737
-33.044 108.714
-33.107 108.691
-33.1638 108.669
-33.2237 108.649
-33.2784 108.628
-33.3396 108.602
-33.3984 108.576
-33.4617 108.551
-33.5177 108.528
-33.5801 108.501
-33.6374 108.476
-33.6987 108.452
-33.7541 108.428
-33.8107 108.404
-33.8626 108.381
-33.9134 108.362
-33.9611 108.343
-34.0155 108.323
-34.0651 108.303
-34.1148 108.287
-34.2854 108.211
-34.3469 108.191
-34.4007 108.17
-34.4546 108.152
-34.5025 108.133
-34.5585 108.11
-34.6112 108.088
-34.6675 108.065
-34.7176 108.044
-34.7732 108.023
-34.8239 108.002
-34.877 107.984
-34.928 107.964
-34.9849 107.942
-35.0376 107.92
-35.0952 107.901
-35.1459 107.882
-35.2016 107.862
-35.2527 107.842
-35.3072 107.821
-35.3569 107.801
-35.4059 107.783
-35.4513 107.764
-35.5016 107.747
-35.5427 107.732
-35.5917 107.715
-35.6381 107.697
-35.6884 107.681
-35.7351 107.665
-35.7884 107.648
-35.8386 107.63
-35.8957 107.612
-35.9491 107.592
-36.007 107.572
-36.0642 107.549
-36.1294 107.528
-36.1889 107.507
-36.2516 107.486
-36.31 107.464
-36.3689 107.445
-36.4226 107.426
-36.4813 107.41
-36.5326 107.394
-36.8262 107.288
-36.8788 107.272
-37.0411 107.226
-37.2598 107.166
-37.3638 107.138
-37.9895 106.938
-38.2026 106.87
-38.337 106.842
-38.4326 106.818
-38.5466 106.793
-38.6408 106.769
-38.7441 106.744
-38.8291 106.722
-38.9186 106.699
-38.9947 106.677
-39.0717 106.659
-39.1388 106.64
-39.2112 106.624
-39.2736 106.607
-39.3403 106.591
-39.3975 106.575
-39.4639 106.561
-39.5237 106.545
-39.588 106.531
-39.6449 106.516
-39.7086 106.5
-39.7672 106.482
-39.8293 106.464
-39.8829 106.447
-39.939 106.433
-39.9944 106.416
-40.0558 106.4
-40.1115 106.384
-40.1775 106.364
-40.2371 106.344
-40.3033 106.323
-40.3607 106.303
-40.4235 106.283
-40.4839 106.262
-40.5526 106.242
-40.8285 106.141
-40.9064 106.121
-40.9731 106.1
-41.0498 106.078
-41.1169 106.057
