0.027005 -2.99717
0.0606309 -2.98104
0.0960811 -2.96402
0.224456 -2.89744
0.322095 -2.84454
0.528349 -2.73817
0.673166 -2.66004
0.903076 -2.54087
1.061 -2.45532
1.27961 -2.34176
1.43079 -2.25919
1.63034 -2.15247
1.76991 -2.07323
1.94198 -1.9759
2.06363 -1.90284
2.20521 -1.81934
2.30585 -1.75634
2.42467 -1.68655
2.50885 -1.63407
2.60822 -1.57231
2.68358 -1.52159
2.76495 -1.46757
2.82787 -1.42254
2.90094 -1.37414
2.95593 -1.33508
3.01982 -1.29256
3.07038 -1.25586
3.127 -1.21568
3.17222 -1.18105
3.22424 -1.14532
3.268 -1.11213
3.31809 -1.07671
3.36099 -1.04311
3.41089 -1.0061
3.45268 -0.972446
3.49679 -0.937376
3.53606 -0.903854
3.5798 -0.868045
3.61823 -0.834605
3.66135 -0.801479
3.69909 -0.769875
3.74121 -0.734795
3.77902 -0.70121
3.82218 -0.663809
3.85983 -0.629586
3.89986 -0.596895
3.93466 -0.566465
3.97525 -0.530678
4.01221 -0.496287
4.05454 -0.46102
4.09449 -0.424978
4.14071 -0.382712
4.18265 -0.342602
4.22763 -0.301982
4.26855 -0.263062
4.31631 -0.21946
4.35971 -0.177791
4.4056 -0.13706
4.44812 -0.0968829
4.49611 -0.054367
4.5391 -0.0138023
4.58767 0.0324821
4.62951 0.0737246
4.67543 0.117262
4.71949 0.161224
4.76842 0.207734
4.81085 0.249763
4.85799 0.291139
4.89972 0.330601
4.9472 0.372506
4.98954 0.412564
5.03455 0.455011
5.07306 0.493044
5.12072 0.535287
5.16533 0.578021
5.21494 0.622324
5.2573 0.662425
5.30244 0.701237
5.34218 0.738157
5.38748 0.779381
5.42676 0.817301
5.47209 0.859727
5.51425 0.901736
5.56057 0.948054
5.60222 0.991397
5.64703 1.03724
5.68696 1.07945
5.73277 1.12594
5.77644 1.17226
5.82266 1.21664
5.86548 1.26037
5.91211 1.30566
5.95355 1.34821
6.00097 1.39417
6.0436 1.43805
6.09003 1.48329
6.13256 1.5274
6.17943 1.575
6.22283 1.62143
6.26724 1.66594
6.30787 1.70905
6.35544 1.75855
6.40064 1.80807
6.4511 1.85862
6.49523 1.90538
6.54446 1.95489
6.59038 2.00424
6.64223 2.05522
6.68897 2.10449
6.74212 2.15615
6.78869 2.20452
6.83834 2.2562
6.88465 2.3069
6.93752 2.35907
6.98492 2.40875
7.03582 2.45809
7.08044 2.50398
7.13042 2.55096
7.17492 2.59584
7.22353 2.64208
7.26766 2.68693
7.31528 2.73432
7.36116 2.78223
7.41282 2.83101
7.4598 2.87767
7.51068 2.92529
7.55783 2.9715
7.61156 3.01966
7.6594 3.06457
7.71456 3.10987
7.76318 3.15249
7.81853 3.19548
7.87012 3.23911
7.92836 3.28044
7.98161 3.32232
8.04228 3.36349
8.09633 3.40414
8.1547 3.44265
8.20586 3.47992
8.26059 3.51728
8.31119 3.55497
8.3685 3.59152
8.42004 3.62774
8.47873 3.66525
8.53366 3.70379
8.58996 3.74012
8.64056 3.77521
8.69945 3.81164
8.75354 3.84788
8.81626 3.88632
8.87369 3.92418
8.93554 3.95758
8.99234 3.99172
9.05411 4.02594
9.10919 4.05902
9.17096 4.09194
9.2282 4.12547
9.29144 4.15535
9.34877 4.18593
9.41167 4.21619
9.4679 4.24606
9.53008 4.27392
9.58613 4.30214
9.64603 4.32749
9.69895 4.35274
9.75898 4.38163
9.81094 4.40815
9.8626 4.4286
9.91301 4.45199
9.96868 4.47569
10.018 4.49885
10.0768 4.52164
10.1278 4.54396
10.1856 4.56963
10.2393 4.5958
10.2936 4.61788
10.342 4.63987
10.4911 4.71558
10.5413 4.73993
10.5959 4.7661
10.6467 4.79227
10.7053 4.81947
10.7568 4.84505
10.8093 4.8671
10.8558 4.88877
10.9122 4.9143
10.9639 4.93975
11.0217 4.96732
11.0735 4.99366
11.1323 5.02153
11.1856 5.0486
11.2388 5.07483
11.2885 5.1009
11.3437 5.12513
11.3925 5.14865
11.4497 5.17352
11.5 5.1976
11.5547 5.22217
11.6047 5.24675
11.6645 5.27719
11.7201 5.30691
11.7789 5.33597
11.8316 5.36348
11.8917 5.39272
11.9455 5.42054
12.0056 5.45074
12.0582 5.47849
12.1164 5.50401
12.1685 5.52916
12.2264 5.55535
12.2787 5.58124
12.3337 5.60705
12.3826 5.63178
12.4345 5.65795
12.4807 5.68241
12.5337 5.70813
12.5857 5.73538
12.6379 5.76241
12.6844 5.78742
12.7351 5.81202
12.7826 5.83659
12.8349 5.86299
13.0087 5.9586
13.0684 5.98666
13.1797 6.04187
13.2656 6.08661
13.3737 6.14069
13.6119 6.26948
13.8528 6.39111
13.987 6.46341
14.1538 6.54584
14.2375 6.58831
14.3979 6.67559
14.4714 6.71632
14.5541 6.75975
14.6252 6.79875
14.8242 6.90328
14.8936 6.93973
14.9654 6.97624
15.0265 7.00934
15.0929 7.04452
15.1514 7.0771
15.2152 7.10811
15.2723 7.13834
15.3314 7.16887
15.3867 7.19966
15.4468 7.23081
15.5008 7.26077
15.5581 7.29025
15.6123 7.32044
15.675 7.35423
15.7329 7.38735
15.7996 7.42697
15.8613 7.46486
15.932 7.50481
15.9974 7.54362
16.0689 7.58435
16.1358 7.62442
16.2083 7.66479
16.2765 7.70508
16.3505 7.74838
16.4194 7.79052
16.496 7.83369
16.5651 7.87472
16.6405 7.91536
16.7088 7.95468
16.7819 7.99685
16.8488 8.03744
16.9225 8.07814
16.9909 8.11872
17.062 8.1581
17.1247 8.19527
17.1927 8.23479
17.2528 8.27176
17.3148 8.3082
17.3732 8.34485
17.4377 8.385
17.4957 8.42271
17.5613 8.46388
17.6212 8.5032
17.6853 8.54265
17.7442 8.58106
17.8064 8.6203
17.8614 8.65686
17.925 8.69972
17.9847 8.74142
18.0455 8.77875
18.0991 8.8138
18.1579 8.85193
18.2106 8.88794
18.2695 8.92807
18.324 8.96687
18.3826 9.00586
18.4341 9.0419
18.4897 9.08057
18.5393 9.1165
18.5955 9.15406
18.648 9.19145
18.7036 9.22952
18.7532 9.26541
18.8104 9.30475
18.8641 9.34408
18.9247 9.38662
18.9772 9.42533
19.0361 9.46806
19.0916 9.51047
19.1514 9.55471
19.2063 9.59729
19.2677 9.64425
19.3236 9.68879
19.3825 9.73415
19.4348 9.77594
19.4934 9.82241
19.5461 9.86561
19.6062 9.91051
19.6631 9.95563
19.7247 10.0014
19.7796 10.0447
19.8429 10.0921
19.8989 10.1367
19.9609 10.1793
20.0189 10.2236
20.0804 10.2726
20.1345 10.3178
20.1893 10.3622
20.24 10.4055
20.2986 10.4535
20.3503 10.4981
20.4056 10.5443
20.4561 10.5886
20.5102 10.6344
20.5588 10.6774
20.6116 10.7262
20.6613 10.7733
20.7154 10.822
20.7642 10.8675
20.8184 10.9147
20.8644 10.9567
20.915 11.0005
20.9626 11.0441
21.0178 11.0927
21.0686 11.1399
21.1246 11.19
21.1735 11.2359
21.2265 11.2817
21.2731 11.3245
21.3219 11.3669
21.3653 11.407
21.4126 11.45
21.4569 11.4927
21.5054 11.5372
21.55 11.5806
21.5975 11.6214
21.6382 11.6589
21.6867 11.7021
21.7292 11.7426
21.7749 11.7825
21.8151 11.8206
21.8613 11.8633
21.9036 11.9053
21.9513 11.9508
21.994 11.9942
22.0422 12.0406
22.085 12.0844
22.1304 12.1326
22.1723 12.1786
22.2185 12.228
22.2613 12.2755
22.3078 12.3246
22.3498 12.371
22.3954 12.4199
22.4366 12.4661
22.4797 12.5113
22.5194 12.5555
22.5644 12.6018
22.6045 12.6457
22.649 12.6919
22.6898 12.7372
22.7363 12.7875
22.7779 12.835
22.8255 12.8871
22.8683 12.9367
22.9156 12.9912
22.9573 13.0413
23.0061 13.0978
23.0509 13.1523
23.0981 13.2096
23.1408 13.2633
23.1866 13.3184
23.2287 13.3713
23.2773 13.4276
23.3199 13.4798
23.3675 13.5353
23.4089 13.5865
23.4532 13.6391
23.4919 13.6877
23.5363 13.7455
23.5778 13.8017
23.623 13.8612
23.6637 13.917
23.7079 13.9795
23.7463 14.0351
23.7907 14.0929
23.8298 14.1467
23.8738 14.206
23.9141 14.2632
23.9577 14.3221
23.9957 14.3762
24.0384 14.4362
24.0772 14.4935
24.1198 14.5528
24.1566 14.6069
24.1974 14.6641
24.2345 14.7196
24.2759 14.7783
24.3122 14.8332
24.3525 14.8919
24.3894 14.9496
24.4315 15.0126
24.4676 15.0702
24.6044 15.2937
24.642 15.3544
24.6757 15.4157
24.7559 15.5731
24.8137 15.6925
24.8919 15.8514
24.9492 15.9748
25.018 16.1248
25.069 16.2434
25.1261 16.3748
25.1685 16.4794
25.2179 16.6023
25.2553 16.7027
25.2976 16.8102
25.3299 16.9007
25.3677 17.0027
25.3972 17.092
25.4303 17.1913
25.4556 17.2761
25.4824 17.3659
25.503 17.443
25.5253 17.5262
25.543 17.6016
25.5629 17.6887
25.578 17.7635
25.5945 17.8474
25.6075 17.923
25.6224 18.0071
25.6338 18.0826
25.646 18.1642
25.655 18.238
25.664 18.3168
25.6701 18.3846
25.6757 18.4659
25.6792 18.5377
25.6817 18.6172
25.6826 18.691
25.678 18.9616
25.6736 19.0337
25.6607 19.1762
25.5913 19.7306
25.5611 19.9138
25.4571 20.3982
25.4408 20.5181
25.3099 21.0487
25.3041 21.1659
25.2941 21.2454
25.2849 21.3252
25.2741 21.3919
25.2617 21.4642
25.2493 21.5257
25.237 21.5944
25.2246 21.6538
25.2129 21.7185
25.2005 21.7765
25.1869 21.8417
25.1726 21.9017
25.1588 21.9691
25.1449 22.0287
25.1324 22.0897
25.1191 22.1454
25.1063 22.2069
25.0921 22.2649
25.0772 22.3286
25.061 22.3896
25.0452 22.4576
25.0294 22.5182
25.0131 22.5852
24.9958 22.648
24.9789 22.7136
24.9613 22.7748
24.9433 22.8456
24.9244 22.9114
24.9065 22.9799
24.888 23.0431
24.8707 23.1087
24.8525 23.1696
24.834 23.2391
24.8148 23.3032
24.7954 23.3744
24.7758 23.4389
24.7572 23.5064
24.737 23.5713
24.7182 23.6408
24.699 23.7031
24.6803 23.7733
24.6591 23.8408
24.6368 23.916
24.6143 23.9842
24.592 24.0579
24.5688 24.1262
24.5469 24.1994
24.5243 24.2664
24.5018 24.3389
24.4789 24.4056
24.4574 24.4753
24.4354 24.5389
24.4146 24.607
24.3939 24.6673
24.3735 24.7324
24.3532 24.79
24.3336 24.8539
24.3134 24.9112
24.2919 24.9748
24.2691 25.0348
24.2469 25.1001
24.2246 25.159
24.2037 25.2224
24.1819 25.2808
24.1598 25.3453
24.1364 25.4058
24.1139 25.473
24.0914 25.5326
24.0684 25.5996
24.0448 25.6604
24.0221 25.7279
23.9989 25.7891
23.9759 25.8551
23.9537 25.9128
23.9315 25.976
23.9084 26.0344
23.8857 26.097
23.862 26.1553
23.8381 26.2213
23.8147 26.2796
23.7913 26.3407
23.7708 26.3905
23.7461 26.4502
23.7215 26.5059
23.6979 26.562
23.6745 26.6142
23.6508 26.6728
23.6296 26.7222
23.6091 26.7733
23.5893 26.819
23.5689 26.8683
23.5478 26.9156
23.5251 26.9699
23.5045 27.0163
23.4845 27.0656
23.4646 27.1108
23.4431 27.1644
23.4224 27.2118
23.4017 27.2596
23.3796 27.3065
23.3571 27.3581
23.3353 27.4047
23.3125 27.4555
23.2902 27.5022
23.2656 27.555
23.24 27.6069
23.2123 27.6646
23.1857 27.7177
23.1581 27.776
23.1309 27.8302
23.1007 27.8926
23.0708 27.9511
23.0378 28.0184
23.0036 28.0842
22.9661 28.158
22.9283 28.2289
22.8878 28.3097
22.8476 28.3856
22.8076 28.4659
22.7682 28.5404
22.7291 28.621
22.6909 28.6941
22.6518 28.7721
22.6142 28.8423
22.574 28.9206
22.5343 28.9929
22.493 29.0717
22.4533 29.1428
22.412 29.2214
22.372 29.2929
22.331 29.3725
22.2906 29.4453
22.2527 29.5236
22.2154 29.5942
22.1791 29.6702
22.143 29.7393
22.1095 29.8113
22.0774 29.8747
22.0457 29.9438
22.0125 30.0093
21.9804 30.0811
21.9483 30.1466
21.9174 30.2167
21.8873 30.2794
21.8592 30.3463
21.8306 30.4076
21.8052 30.4723
21.7799 30.5299
21.7541 30.5961
21.726 30.6595
21.6969 30.7301
21.6664 30.7971
21.6394 30.8673
21.611 30.933
21.5821 31.0075
21.5528 31.0759
21.5247 31.1472
21.4965 31.213
21.4697 31.2849
21.4419 31.3523
21.4156 31.4278
21.3896 31.495
21.3658 31.5676
21.3394 31.6375
21.3122 31.7158
21.2855 31.7861
21.2604 31.8637
21.2348 31.9346
21.2105 32.0112
21.1857 32.0814
21.1628 32.1575
21.1387 32.2283
21.1164 32.3065
21.0927 32.379
21.0703 32.4564
21.0473 32.527
21.025 32.6082
21.0014 32.6833
20.9825 32.7618
20.9617 32.8343
20.9432 32.9126
20.9224 32.986
20.9019 33.0663
20.8801 33.1408
20.8608 33.2207
20.8407 33.2927
20.8226 33.3652
20.8038 33.431
20.7833 33.5077
20.7625 33.578
20.7424 33.6565
20.7212 33.7296
20.6999 33.8082
20.6785 33.8801
20.6564 33.9605
20.6348 34.0331
20.6132 34.1127
20.5914 34.1861
20.5716 34.2635
20.5526 34.3306
20.535 34.4009
20.5174 34.4635
20.5023 34.5265
20.4858 34.5856
20.4724 34.646
20.4409 34.7507
20.4253 34.8151
20.4079 34.8755
20.3921 34.9405
20.3742 35.0035
20.3574 35.0719
20.3404 35.1331
20.3048 35.2583
20.2877 35.3189
20.2715 35.3859
20.2546 35.4458
20.2385 35.5124
20.2219 35.572
20.2045 35.641
20.1881 35.6995
20.1721 35.7611
20.1559 35.8171
20.14 35.8806
20.1231 35.9399
20.1067 36.0065
20.0893 36.0681
20.0718 36.1345
20.0533 36.1976
20.0341 36.2688
19.955 36.5139
19.9332 36.6043
19.9118 36.6804
19.8296 36.9769
19.8087 37.0569
19.7896 37.1464
19.7693 37.2253
19.7486 37.3119
19.7276 37.3896
19.7067 37.4734
19.6854 37.5498
19.6671 37.6285
19.6486 37.6987
19.6305 37.7744
19.6118 37.8435
19.5927 37.9195
19.5725 37.9916
19.55 38.0687
19.5287 38.1378
19.5072 38.2117
19.4858 38.2807
19.4643 38.3567
19.4441 38.4232
19.4245 38.4992
19.4046 38.5686
19.3846 38.6414
19.3642 38.7091
19.3441 38.7828
19.3248 38.8478
19.3069 38.917
19.2874 38.9835
19.2684 39.053
19.2507 39.1123
19.2328 39.1777
19.2142 39.2393
19.1967 39.3055
19.1779 39.3686
19.1586 39.4369
19.1403 39.4962
19.1228 39.5606
19.031 39.8279
19.0116 39.9028
18.8641 40.3084
18.8203 40.459
18.7349 40.6834
18.7047 40.7794
18.6303 40.9638
18.5722 41.1214
18.49 41.3137
18.4564 41.403
18.3975 41.5358
18.3328 41.6919
18.302 41.7645
18.2694 41.8407
18.2384 41.9081
18.2065 41.9809
18.1775 42.0431
18.1482 42.1071
18.1203 42.1646
18.0938 42.2244
18.0678 42.2788
18.0385 42.3409
18.012 42.3943
17.9849 42.4511
17.9582 42.5036
17.9302 42.559
17.9027 42.611
17.8741 42.6685
17.847 42.7202
17.8171 42.7812
17.788 42.8369
17.7572 42.8953
17.7285 42.9475
17.6964 43.008
17.6662 43.0623
17.6356 43.1221
17.6035 43.1809
17.5724 43.2427
17.5431 43.2975
17.5133 43.3599
17.4843 43.416
17.4536 43.4755
17.4227 43.5319
17.3914 43.5907
17.3621 43.6433
17.3321 43.7013
17.3033 43.7544
17.2747 43.8116
17.2481 43.862
17.2179 43.9204
17.1876 43.9758
17.1581 44.0333
17.1303 44.0848
17.1011 44.1411
17.0752 44.1892
17.0494 44.2413
17.0247 44.2885
17.0019 44.3381
16.9774 44.3868
16.9519 44.4421
16.9277 44.4912
16.9041 44.5439
16.8798 44.5936
16.8554 44.6505
16.8311 44.7024
16.8054 44.7611
16.7816 44.8118
16.7595 44.8645
16.7382 44.9111
16.716 44.9635
16.6937 45.0119
16.6742 45.0615
16.6539 45.1076
16.6343 45.1572
16.6155 45.2006
16.5966 45.2479
16.577 45.2922
16.557 45.3438
16.5356 45.393
16.5153 45.446
16.494 45.4956
16.4712 45.5485
16.4479 45.5986
16.4232 45.6553
16.399 45.7074
16.3766 45.7634
16.3552 45.8126
16.3337 45.8675
16.3125 45.917
16.2906 45.9732
16.2691 46.0235
16.2498 46.0762
16.229 46.1263
16.2097 46.178
16.19 46.2252
16.17 46.2765
16.1509 46.3215
16.1312 46.3736
16.1104 46.4229
16.0912 46.4738
16.073 46.518
16.0536 46.5672
16.0326 46.6151
16.0122 46.668
15.993 46.7137
15.9721 46.7686
15.9509 46.8192
15.9306 46.8725
15.9086 46.9242
15.8851 46.9835
15.8615 47.0381
15.8378 47.0964
15.814 47.1503
15.7866 47.2116
15.7616 47.2652
15.7362 47.3238
15.7113 47.378
15.6877 47.4384
15.6632 47.495
15.6377 47.5584
15.6135 47.614
15.5887 47.6738
15.5636 47.7296
15.5409 47.7871
15.5183 47.8391
15.4947 47.8977
15.4696 47.954
15.4451 48.0127
15.4221 48.0642
15.4001 48.1195
15.3787 48.1687
15.3577 48.2209
15.3345 48.2727
15.3096 48.3309
15.2849 48.3846
15.2588 48.4445
15.2329 48.5001
15.2057 48.5656
15.1787 48.6257
15.1498 48.6887
15.1231 48.7445
15.0989 48.8036
15.0738 48.8594
15.0475 48.9227
15.0213 48.9808
14.9974 49.0397
14.9725 49.0955
14.9465 49.1555
14.9201 49.2122
14.8915 49.2774
14.862 49.3399
14.8351 49.4046
14.8082 49.464
14.7814 49.5279
14.7542 49.5877
14.7244 49.6532
14.6969 49.7107
14.6702 49.7732
14.6434 49.831
14.6156 49.8953
14.5878 49.9549
14.5617 50.0156
14.5367 50.0697
14.5107 50.1296
14.4841 50.1861
14.4574 50.2455
14.4333 50.2964
14.4077 50.3527
14.381 50.4075
14.3515 50.4703
14.3226 50.5288
14.293 50.5928
14.2641 50.6518
14.2351 50.7165
14.2064 50.7762
14.1758 50.8445
14.1458 50.9068
14.1135 50.977
14.0845 51.0367
14.0553 51.1037
14.0244 51.1684
13.995 51.2351
13.9666 51.2951
13.9379 51.3599
13.9113 51.4161
13.8849 51.4785
13.8576 51.5371
13.828 51.6043
13.7989 51.6656
13.7703 51.7301
13.7413 51.7908
13.7119 51.8543
13.6849 51.9095
13.657 51.9734
13.6283 52.0336
13.599 52.0988
13.5707 52.1572
13.5428 52.2181
13.516 52.2727
13.4909 52.3279
13.4652 52.3802
13.4401 52.4348
13.415 52.4858
13.3909 52.5429
13.3666 52.5952
13.3422 52.6519
13.3171 52.7048
13.2897 52.7627
13.2635 52.815
13.2384 52.8723
13.2142 52.9231
13.1895 52.9795
13.165 53.031
13.1398 53.0866
13.115 53.1375
13.0888 53.1966
13.0645 53.2476
13.0383 53.3023
13.0108 53.356
12.9838 53.4148
12.9595 53.4646
12.9313 53.5231
12.9048 53.5753
12.8794 53.6306
12.8532 53.6832
12.827 53.7383
12.8026 53.7868
12.7768 53.8427
12.7519 53.893
12.7276 53.9491
12.7033 54.0002
12.6762 54.0574
12.6524 54.1054
12.6276 54.1611
12.6011 54.2157
12.576 54.2731
12.5506 54.3268
12.5264 54.3838
12.5011 54.4381
12.4774 54.4954
12.4537 54.5477
12.4312 54.6048
12.4075 54.6585
12.3835 54.7177
12.3595 54.772
12.3364 54.8318
12.2416 55.0264
12.2205 55.0953
12.1962 55.1572
12.1736 55.2254
12.1507 55.285
12.1323 55.3484
12.1124 55.4054
12.092 55.4684
12.0708 55.5255
12.049 55.5876
12.0268 55.6443
12.0069 55.7014
11.9855 55.756
11.9666 55.8129
11.9485 55.8619
11.9289 55.9184
11.9073 55.9733
11.8845 56.0351
11.8622 56.0908
11.8413 56.1487
11.8203 56.2018
11.7974 56.2638
11.7737 56.3223
11.751 56.3849
11.7285 56.4417
11.7057 56.504
11.6822 56.5625
11.6585 56.6272
11.634 56.6883
11.6091 56.7557
11.5849 56.8166
11.5582 56.8825
11.5322 56.9434
11.5043 57.0116
11.4773 57.0742
11.4494 57.1437
11.4214 57.2089
11.394 57.2761
11.3693 57.3332
11.3401 57.4014
11.309 57.4693
11.2778 57.5402
11.1954 57.7102
11.1472 57.8301
11.0469 58.0436
10.9777 58.2179
10.954 58.2781
10.9315 58.3472
10.8595 58.5086
10.8009 58.6558
10.7714 58.7284
10.7142 58.8663
10.6044 59.1015
10.5781 59.1848
10.5515 59.2538
10.477 59.448
10.3484 59.7361
10.3237 59.8198
10.2989 59.8871
10.2731 59.9634
10.2482 60.0292
10.2243 60.1013
10.1995 60.167
10.1742 60.2395
10.1489 60.3048
10.1227 60.3756
10.0963 60.4411
10.0683 60.5144
10.0428 60.5772
10.0184 60.6464
9.99418 60.7089
9.96949 60.7757
9.94551 60.8358
9.92059 60.9021
9.89604 60.9628
9.87263 61.028
9.84988 61.0863
9.82818 61.1477
9.80594 61.2049
9.78156 61.2692
9.75712 61.3293
9.73336 61.3928
9.71132 61.4483
9.68816 61.5134
9.6653 61.5724
9.64411 61.6326
9.62231 61.6889
9.59954 61.7536
9.57833 61.8091
9.55719 61.8679
9.53646 61.9205
9.51723 61.9745
9.50033 62.0186
9.48211 62.0661
9.46218 62.1137
9.43911 62.1691
9.41813 62.2173
9.3946 62.2715
9.37131 62.323
9.34907 62.3743
9.32807 62.4207
9.30712 62.4704
9.28667 62.5162
9.26612 62.5699
9.2451 62.6199
9.22324 62.6756
9.20057 62.7283
9.17671 62.7833
9.15277 62.8352
9.12771 62.8909
9.10255 62.9438
9.0754 63.0038
9.04906 63.059
9.02335 63.1175
8.99713 63.173
8.97062 63.2325
8.94454 63.2873
8.92044 63.3448
8.89366 63.4025
8.86548 63.4651
8.83781 63.5229
8.80983 63.5854
8.78148 63.6446
8.75126 63.7098
8.72156 63.7703
8.69255 63.8361
8.66404 63.896
8.63338 63.9661
8.60169 64.0323
8.56995 64.1011
8.53781 64.1659
8.50504 64.2352
8.47274 64.2992
8.43884 64.3689
8.40627 64.4321
8.37499 64.4993
8.34441 64.5603
8.3105 64.6302
8.2746 64.6989
8.23798 64.7739
8.20336 64.8404
8.16625 64.9109
8.13075 64.9753
8.09207 65.0485
8.05585 65.1141
8.02019 65.1843
7.98459 65.2498
7.94424 65.3257
7.90476 65.3961
7.86261 65.473
7.82271 65.5428
7.76609 65.6445
7.7111 65.7397
7.6727 65.8095
7.63557 65.8744
7.59871 65.9429
7.56151 66.0091
7.52567 66.0786
7.49196 66.141
7.45831 66.2094
7.42637 66.2708
7.3948 66.337
7.36261 66.4001
7.33263 66.4686
7.3026 66.5316
7.27247 66.6001
7.24191 66.6642
7.21276 66.7329
7.18325 66.7966
7.15287 66.8669
7.12265 66.9317
7.09318 67.0018
7.06386 67.066
7.0358 67.1339
7.00669 67.198
6.97669 67.2672
6.94655 67.3319
6.91904 67.4016
6.8916 67.4646
6.86352 67.5362
6.83556 67.6009
6.80905 67.6691
6.78213 67.7317
6.75627 67.8013
6.72998 67.8644
6.70383 67.9356
6.67715 68.0002
6.65048 68.072
6.6239 68.1364
6.59554 68.2068
6.56667 68.2726
6.53931 68.3422
6.51143 68.4071
6.48152 68.4817
6.45106 68.5517
6.42133 68.6268
6.39121 68.6967
6.36063 68.7759
6.3285 68.8517
6.29618 68.9379
6.2666 69.0109
6.23671 69.0915
6.20648 69.1656
6.17853 69.2445
6.14927 69.3182
6.12041 69.3978
6.09168 69.4695
6.06407 69.5429
6.0359 69.6111
6.00635 69.6855
5.97741 69.7533
5.9494 69.8257
5.92108 69.8928
5.89093 69.9694
5.8611 70.0396
5.82858 70.1165
5.79622 70.1887
5.76792 70.2646
5.73952 70.3335
5.7131 70.4077
5.68596 70.4755
5.65774 70.5501
5.62873 70.6194
5.60076 70.6911
5.5743 70.7537
5.54559 70.8254
5.51764 70.8895
5.48691 70.9638
5.45605 71.0324
5.42268 71.1084
5.39048 71.1769
5.36085 71.2478
5.33317 71.3089
5.30576 71.3755
5.2771 71.438
5.24786 71.5084
5.21999 71.5694
5.19161 71.6351
5.1621 71.6967
5.1296 71.7646
5.09893 71.8248
5.06871 71.8867
5.03859 71.9443
5.00766 72.006
4.97721 72.0629
4.94501 72.1258
4.91385 72.1831
4.88171 72.246
4.85268 72.2998
4.82134 72.3598
4.79091 72.4147
4.75837 72.4737
4.72794 72.5266
4.69373 72.5876
4.65988 72.6454
4.62421 72.709
4.59001 72.7674
4.55396 72.8329
4.52119 72.89
4.48831 72.9517
4.4558 73.0091
4.42102 73.0716
4.38855 73.1275
4.35386 73.191
4.31941 73.2508
4.28428 73.316
4.25017 73.376
4.21672 73.439
4.18262 73.4994
4.14923 73.5607
4.11744 73.6166
4.08446 73.6796
4.05252 73.7374
4.01875 73.8059
3.98513 73.8693
3.95274 73.9373
3.91946 74.0016
3.88707 74.0672
3.85617 74.1265
3.82684 74.1939
3.7978 74.255
3.77133 74.3202
3.74377 74.381
3.71679 74.4447
3.69168 74.5002
3.66614 74.5607
3.64209 74.6142
3.61948 74.6707
3.46974 74.9736
3.44922 75.0527
3.42793 75.1152
3.4122 75.1806
3.39323 75.2414
3.37452 75.3081
3.3555 75.367
3.33791 75.432
3.31922 75.4909
3.30079 75.5553
3.28011 75.6169
3.25931 75.6851
3.2388 75.7453
3.21722 75.8133
3.1956 75.8748
3.17418 75.9453
3.15188 76.0101
3.12962 76.0798
3.10533 76.1474
3.08188 76.2175
3.05877 76.2807
3.03658 76.3478
3.01271 76.4124
2.98877 76.4865
2.96406 76.5547
2.9394 76.6266
2.91464 76.6924
2.89038 76.7639
2.86554 76.8298
2.84286 76.8988
2.81998 76.9608
2.79846 77.0271
2.77755 77.0843
2.75338 77.15
2.73077 77.2066
2.7086 77.2665
2.68484 77.3242
2.66144 77.3875
2.63862 77.4436
2.61625 77.5005
2.59308 77.5544
2.56796 77.6145
2.5239 77.7092
2.50396 77.7606
2.36801 78.0303
2.32108 78.1455
2.25625 78.2796
2.23432 78.3499
2.21353 78.4042
2.14779 78.5523
2.06075 78.7298
2.03775 78.7998
2.01556 78.855
1.81754 79.302
1.7235 79.5
1.69164 79.5837
1.66462 79.646
1.63616 79.7089
1.61016 79.7636
1.58237 79.8246
1.55688 79.8783
1.52972 79.9346
1.50304 79.9881
1.47457 80.0473
1.44927 80.0983
1.42594 80.1525
1.40184 80.2043
1.37559 80.2603
1.35005 80.3123
1.32529 80.3696
1.30047 80.4227
1.27683 80.477
1.25322 80.5273
1.22554 80.5866
1.19808 80.6423
1.17277 80.6966
1.14734 80.7481
1.11922 80.8089
1.09305 80.8626
1.06543 80.923
1.03898 80.9773
0.919473 81.2163
0.893149 81.2704
0.870484 81.3279
0.848893 81.3766
0.825336 81.4326
0.803596 81.4804
0.784867 81.5314
0.765957 81.5768
0.746435 81.6303
0.724695 81.6817
0.702058 81.737
0.67975 81.7869
0.655941 81.845
0.633278 81.8961
0.612144 81.9498
0.590173 82.0001
0.568555 82.0568
0.546385 82.109
0.524237 82.1676
0.501909 82.2207
0.480535 82.2794
0.457196 82.3357
0.434797 82.3976
0.409757 82.458
0.385502 82.523
0.359676 82.5851
0.334883 82.6492
0.309767 82.7088
0.284207 82.7746
0.258329 82.836
0.234704 82.9043
0.211239 82.9652
0.189144 83.0313
0.163498 83.0975
0.13874 83.169
0.114463 83.2326
0.0919093 83.3015
0.0679901 83.3659
0.0451034 83.4364
0.0216674 83.5006
-0.00113618 83.5664
-0.0235861 83.6259
-0.0449795 83.6913
-0.0664158 83.7506
-0.0891786 83.8173
-0.111426 83.8773
-0.133194 83.9412
-0.155784 84.0016
-0.176421 84.0634
-0.196158 84.1176
-0.216263 84.1788
-0.23735 84.2362
-0.259085 84.2992
-0.282453 84.3604
-0.307361 84.4275
-0.330956 84.4873
-0.355584 84.5529
-0.379828 84.6133
-0.406994 84.6814
-0.434066 84.7459
-0.460543 84.8142
-0.486186 84.8763
-0.513258 84.9453
-0.540125 85.0094
-0.569 85.0823
-0.599301 85.1532
-0.632324 85.2304
-0.663064 85.2991
-0.695535 85.3758
-0.726405 85.445
-0.759835 85.5241
-0.791335 85.5946
-0.823475 85.6707
-0.854792 85.7401
-0.884413 85.812
-0.912435 85.8753
-0.940081 85.9447
-0.967162 86.0067
-0.99462 86.0709
-1.02129 86.1287
-1.04958 86.1923
-1.07664 86.2493
-1.1051 86.3083
-1.13117 86.3602
-1.15623 86.4185
-1.18077 86.4711
-1.20786 86.5318
-1.23522 86.5883
-1.26548 86.6532
-1.29482 86.7119
-1.32527 86.7775
-1.3559 86.8385
-1.38829 86.9043
-1.41889 86.9631
-1.44987 87.0243
-1.47937 87.0798
-1.51103 87.1398
-1.54192 87.1962
-1.57377 87.2585
-1.6036 87.3141
-1.6321 87.3722
-1.66138 87.4279
-1.69209 87.4918
-1.72108 87.5484
-1.74952 87.6075
-1.77673 87.6604
-1.80221 87.7141
-1.82742 87.7634
-1.85416 87.8177
-1.87969 87.8666
-1.90688 87.9239
-1.93478 87.9782
-1.96548 88.041
-1.99664 88.1005
-2.02623 88.1618
-2.05731 88.2213
-2.08942 88.2884
-2.11903 88.3466
-2.14804 88.411
-2.17736 88.4704
-2.20731 88.532
-2.23808 88.5909
-2.26912 88.6526
-2.29955 88.7099
-2.32911 88.7739
-2.35819 88.8322
-2.38963 88.8969
-2.41778 88.952
-2.44592 89.0105
-2.47361 89.0646
-2.50241 89.1237
-2.53013 89.1775
-2.5552 89.2368
-2.57981 89.2896
-2.60454 89.3487
-2.62832 89.4005
-2.65364 89.4561
-2.67836 89.5069
-2.70378 89.5616
-2.72981 89.6142
-2.75564 89.6763
-2.7801 89.7304
-2.80459 89.7939
-2.83261 89.8572
-2.85997 89.9238
-2.88601 89.9822
-2.91417 90.0485
-2.94344 90.112
-2.97284 90.1798
-3.00223 90.2432
-3.03119 90.3144
-3.0595 90.3788
-3.08779 90.4529
-3.11505 90.5183
-3.13992 90.5879
-3.16577 90.6521
-3.18795 90.7165
-3.20893 90.7714
-3.22946 90.8323
-3.25105 90.8885
-3.26923 90.9449
-3.28631 90.9923
-3.30278 91.0426
-3.32101 91.0909
-3.33912 91.1463
-3.35858 91.1983
-3.37806 91.2585
-3.39901 91.3151
-3.41919 91.3744
-3.43887 91.427
-3.45844 91.4842
-3.47902 91.5385
-3.49852 91.5998
-3.51785 91.6543
-3.53276 91.7136
-3.55007 91.7691
-3.56976 91.8296
-3.59014 91.8862
-3.607 91.9469
-3.62445 92.0012
-3.64238 92.0641
-3.66183 92.1232
-3.68208 92.1898
-3.7017 92.2486
-3.71937 92.3069
-3.73727 92.3603
-3.75515 92.4221
-3.77208 92.4754
-3.7904 92.5362
-3.80905 92.5924
-3.82658 92.6528
-3.84588 92.7113
-3.86369 92.7769
-3.88208 92.836
-3.90013 92.8966
-3.91922 92.9537
-3.93915 93.0146
-3.95917 93.071
-3.97988 93.1303
-3.99928 93.1829
-4.02023 93.2431
-4.10134 93.446
-4.12428 93.518
-4.14602 93.5778
-4.16699 93.6467
-4.19005 93.7121
-4.21507 93.7763
-4.23868 93.834
-4.26503 93.9011
-4.29142 93.9646
-4.32042 94.0322
-4.34734 94.0934
-4.3728 94.1572
-4.39726 94.2152
-4.42373 94.2808
-4.44918 94.3403
-4.47723 94.4083
-4.50496 94.4717
-4.53145 94.5385
-4.55681 94.5982
-4.58438 94.665
-4.60964 94.7229
-4.63694 94.7878
-4.66305 94.8464
-4.68874 94.9078
-4.71473 94.9658
-4.74314 95.0305
-4.77155 95.0916
-4.79924 95.1581
-4.82519 95.2162
-4.85059 95.2795
-4.87473 95.3349
-4.89939 95.3942
-4.92499 95.4506
-4.95049 95.5134
-4.97555 95.5697
-5.00329 95.6354
-5.03144 95.6962
-5.06212 95.7645
-5.0925 95.8274
-5.12174 95.8906
-5.15056 95.9488
-5.18465 96.0146
-5.30224 96.2294
-5.33639 96.3011
-5.36664 96.3597
-5.49054 96.5888
-5.68748 96.9362
-5.73052 97.0328
-5.76627 97.104
-5.8877 97.3382
-5.91722 97.3977
-6.0432 97.6429
-6.13556 97.8173
-6.16162 97.893
-6.186 97.9515
-6.25708 98.1121
-6.27908 98.1654
-6.30205 98.2249
-6.3249 98.2779
-6.34978 98.3396
-6.37415 98.3952
-6.39849 98.4569
-6.42226 98.5123
-6.44404 98.5717
-6.46677 98.6268
-6.48804 98.6856
-6.50955 98.7388
-6.52991 98.7954
-6.55214 98.8501
-6.57407 98.91
-6.5956 98.9638
-6.61714 99.0278
-6.64017 99.088
-6.66002 99.1485
-6.67928 99.2012
-6.69602 99.2582
-6.71457 99.3115
-6.73283 99.3691
-6.75194 99.4222
-6.77297 99.4825
-6.79339 99.5364
-6.81132 99.5916
-6.82993 99.6428
-6.84727 99.7002
-6.86521 99.7522
-6.8815 99.8088
-6.89769 99.8579
-6.91431 99.9107
-6.93076 99.9576
-6.94848 100.009
-6.96668 100.057
-6.98491 100.112
-7.00379 100.162
-7.02391 100.22
-7.0441 100.273
-7.06493 100.332
-7.08665 100.388
-7.11144 100.451
-7.13598 100.51
-7.16025 100.573
-7.1843 100.63
-7.21043 100.693
-7.23549 100.75
-7.26137 100.813
-7.28653 100.87
-7.311 100.932
-7.33502 100.988
-7.35746 101.048
-7.38061 101.103
-7.40295 101.162
-7.42344 101.211
-7.44339 101.264
-7.46555 101.315
-7.48932 101.37
-7.51248 101.419
-7.53433 101.476
-7.5582 101.531
-7.58453 101.595
-7.61178 101.655
-7.64344 101.723
-7.67325 101.784
-7.707 101.855
-7.74108 101.923
-7.77482 101.993
-7.8087 102.06
-7.84379 102.133
-7.87758 102.2
-7.91233 102.27
-7.94497 102.333
-7.97813 102.402
-8.01011 102.464
-8.04136 102.532
-8.07203 102.593
-8.10523 102.662
-8.13815 102.726
-8.17162 102.793
-8.20535 102.857
-8.24106 102.925
-8.27455 102.986
-8.31143 103.053
-8.34896 103.119
-8.38707 103.189
-8.42346 103.252
-8.46071 103.32
-8.49626 103.381
-8.53553 103.45
-8.57322 103.513
-8.61036 103.58
-8.64544 103.64
-8.68388 103.706
-8.72 103.766
-8.75791 103.829
-8.79503 103.889
-8.83091 103.949
-8.86737 104.007
-8.90662 104.073
-8.9445 104.133
-8.98453 104.198
-9.02263 104.256
-9.06357 104.32
-9.10436 104.382
-9.14947 104.45
-9.19253 104.513
-9.24164 104.583
-9.28633 104.646
-9.33604 104.718
-9.38128 104.782
-9.42704 104.848
-9.47164 104.911
-9.51725 104.98
-9.55848 105.04
-9.60168 105.106
-9.64279 105.167
-9.68649 105.231
-9.72854 105.29
-9.77334 105.355
-9.81394 105.412
-9.85757 105.478
-9.90283 105.543
-9.94877 105.611
-9.99071 105.671
-10.0332 105.737
-10.0727 105.795
-10.1145 105.858
-10.1553 105.916
-10.1979 105.983
-10.2408 106.045
-10.2808 106.109
-10.3233 106.171
-10.3683 106.238
-10.4062 106.293
-10.4458 106.354
-10.483 106.407
-10.517 106.463
-10.5487 106.511
-10.5838 106.565
-10.6171 106.613
-10.6516 106.665
-10.6839 106.71
-10.7157 106.758
-10.7453 106.8
-10.7772 106.847
-10.8094 106.892
-10.8422 106.938
-10.8755 106.982
-10.9118 107.035
-10.9449 107.079
-10.9785 107.127
-11.012 107.171
-11.0482 107.218
-11.0801 107.258
-11.1158 107.305
-11.1512 107.35
-11.1899 107.4
-11.2267 107.446
-11.2654 107.495
-11.3029 107.54
-11.3417 107.588
-11.3776 107.632
-11.4165 107.678
-11.4521 107.719
-11.4875 107.765
-11.5243 107.81
-11.5623 107.861
-11.5978 107.905
-11.6373 107.957
-11.6745 108.003
-11.7144 108.055
-11.7527 108.102
-11.7927 108.152
-11.8314 108.198
-11.8733 108.25
-11.9124 108.295
-11.955 108.349
-11.9954 108.396
-12.0374 108.446
-12.0767 108.49
-12.1161 108.537
-12.152 108.577
-12.193 108.624
-12.2299 108.664
-12.2692 108.711
-12.3063 108.752
-12.3441 108.796
-12.3797 108.836
-12.4187 108.881
-12.4551 108.922
-12.496 108.967
-12.5367 109.009
-12.5785 109.054
-12.6176 109.093
-12.6582 109.136
-12.6961 109.174
-12.7374 109.218
-12.7774 109.258
-12.8197 109.301
-12.8581 109.338
-12.9006 109.381
-12.9413 109.42
-12.9858 109.465
-13.0276 109.505
-13.073 109.548
-13.1169 109.588
-13.1634 109.63
-13.2059 109.666
-13.2521 109.707
-13.297 109.746
-13.3499 109.792
-13.4015 109.835
-13.4557 109.879
-13.5054 109.919
-13.5609 109.963
-13.613 110.004
-13.6688 110.049
-13.7193 110.088
-13.7724 110.129
-13.824 110.167
-13.881 110.206
-13.9333 110.241
-13.9913 110.281
-14.0442 110.315
-14.1011 110.353
-14.1517 110.386
-14.2048 110.419
-14.3431 110.501
-14.3964 110.535
-14.4411 110.561
-14.5378 110.616
-14.5864 110.642
-14.6412 110.673
-14.6913 110.7
-14.7439 110.731
-14.7923 110.757
-14.8455 110.785
-14.8924 110.808
-14.9502 110.835
-15.0042 110.859
-15.0604 110.886
-15.1115 110.91
-15.1701 110.936
-15.2254 110.959
-15.2851 110.984
-15.3395 111.006
-15.401 111.03
-15.458 111.051
-15.52 111.072
-15.5756 111.091
-15.6342 111.111
-15.7377 111.145
-15.8039 111.169
-15.8603 111.188
-15.9215 111.21
-15.9804 111.229
-16.0461 111.251
-16.1045 111.269
-16.1663 111.288
-16.2204 111.303
-16.2775 111.32
-16.3291 111.334
-16.388 111.353
-16.4419 111.369
-16.4999 111.387
-16.5551 111.402
-16.6153 111.418
-17.017 111.501
-17.1477 111.537
-17.2128 111.552
-17.3383 111.577
-17.5676 111.611
-17.7717 111.65
-17.9477 111.674
-18.0376 111.691
-18.1141 111.702
-18.1956 111.715
-18.3881 111.733
-18.4703 111.749
-18.5417 111.758
-19.1589 111.792
-19.2359 111.796
-19.3255 111.801
-19.4015 111.801
-19.4811 111.803
-19.554 111.803
-19.6348 111.805
-19.7086 111.804
-19.7858 111.805
-19.8506 111.805
-19.9227 111.806
-19.9911 111.804
-20.0637 111.804
-20.1275 111.801
-20.198 111.8
-20.2591 111.797
-20.3269 111.794
-20.3897 111.789
-20.4602 111.783
-20.5232 111.777
-20.5916 111.77
-20.653 111.763
-20.7216 111.755
-20.7855 111.747
-20.8594 111.741
-20.9315 111.733
-21.0073 111.724
-21.0773 111.714
-21.1547 111.707
-21.2285 111.697
-21.3085 111.688
-21.3798 111.677
-21.455 111.671
-21.5261 111.662
-21.6086 111.654
-21.6823 111.645
-21.7622 111.634
-21.8345 111.622
-21.9115 111.608
-21.9829 111.594
-22.0584 111.585
-22.128 111.574
-22.1997 111.565
-22.2634 111.554
-22.3303 111.544
-22.3904 111.533
-22.4563 111.523
-22.5173 111.512
-22.5854 111.502
-22.6487 111.491
-22.7167 111.479
-22.7764 111.467
-22.8379 111.456
-22.8988 111.443
-22.9662 111.432
-23.0286 111.419
-23.0958 111.408
-23.1529 111.396
-23.2128 111.383
-23.2711 111.369
-23.3378 111.354
-23.399 111.339
-23.4651 111.326
-23.5272 111.312
-23.5935 111.3
-23.6506 111.288
-23.7137 111.276
-23.7703 111.264
-23.8318 111.251
-23.8901 111.237
-23.9531 111.225
-24.0073 111.213
-24.069 111.204
-24.1274 111.193
-24.1874 111.18
-24.2421 111.167
-24.3078 111.153
-24.365 111.14
-24.4236 111.127
-24.4776 111.113
-24.5416 111.099
-24.5957 111.086
-24.6532 111.075
-24.7075 111.062
-24.7651 111.045
-24.8204 111.028
-24.8853 111.011
-24.9461 110.994
-25.0108 110.977
-25.0715 110.959
-25.1403 110.939
-25.2062 110.919
-25.2785 110.897
-25.3469 110.874
-25.4222 110.854
-25.4923 110.833
-25.5669 110.812
-25.6344 110.791
-25.7057 110.772
-25.7726 110.751
-25.8446 110.735
-25.9124 110.716
-25.9882 110.697
-26.0574 110.678
-26.131 110.659
-26.1958 110.641
-26.2663 110.626
-26.3311 110.609
-26.4006 110.593
-26.4665 110.575
-26.5383 110.557
-26.607 110.538
-26.679 110.522
-26.7418 110.506
-26.8066 110.492
-26.867 110.477
-26.9362 110.46
-27.0022 110.441
-27.0719 110.424
-27.1349 110.406
-27.2065 110.39
-27.2718 110.372
-27.3463 110.354
-27.4128 110.336
-27.4856 110.318
-27.5547 110.298
-27.6321 110.278
-27.7027 110.258
-27.7796 110.239
-27.8503 110.219
-27.9268 110.202
-27.9938 110.184
-28.0686 110.168
-28.1384 110.149
-28.2149 110.129
-28.2854 110.108
-28.3599 110.089
-28.4309 110.068
-28.5084 110.047
-28.5781 110.026
-28.6529 110.007
-28.7203 109.988
-28.7949 109.97
-28.866 109.951
-28.9435 109.932
-29.0136 109.913
-29.0871 109.895
-29.1518 109.877
-29.2257 109.859
-29.2936 109.84
-29.3662 109.822
-29.4314 109.803
-29.5006 109.788
-29.5627 109.772
-29.6312 109.756
-29.6929 109.74
-29.7602 109.726
-29.8195 109.711
-29.8852 109.699
-29.9459 109.684
-30.0063 109.671
-30.0655 109.655
-30.1317 109.641
-30.1917 109.626
-30.2577 109.61
-30.3178 109.593
-30.384 109.581
-30.4456 109.567
-30.5133 109.553
-30.5754 109.537
-30.6432 109.52
-30.7065 109.503
-30.7722 109.487
-30.8327 109.471
-30.8997 109.453
-30.961 109.435
-31.0286 109.417
-31.091 109.399
-31.1567 109.38
-31.217 109.361
-31.2794 109.345
-31.3371 109.328
-31.4045 109.309
-31.4642 109.291
-31.5332 109.27
-31.594 109.251
-31.6589 109.23
-31.7144 109.211
-31.7718 109.192
-31.8264 109.172
-31.8874 109.149
-31.9415 109.128
-31.9992 109.109
-32.0509 109.091
-32.1076 109.068
-32.1597 109.046
-32.219 109.023
-32.2734 109.001
-32.3322 108.979
-32.3836 108.958
-32.4437 108.936
-32.4997 108.914
-32.5668 108.888
-32.6294 108.862
-32.6941 108.837
-32.7519 108.814
-32.8108 108.792
-32.8642 108.77
-32.9243 108.745
-32.9787 108.722
-33.0385 108.702
-33.0973 108.679
-33.1596 108.658
-33.2144 108.637
-33.2804 108.613
-33.3414 108.588
-33.4073 108.563
-33.4662 108.539
-33.5271 108.514
-33.5821 108.49
-33.6453 108.465
-33.7028 108.442
-33.7626 108.418
-33.8175 108.394
-33.8742 108.372
-33.9213 108.352
-33.9722 108.331
-34.0222 108.309
-34.0766 108.29
-34.3055 108.188
-34.3665 108.175
-34.4188 108.157
-34.4764 108.138
-34.5284 108.119
-34.5846 108.1
-34.6341 108.081
-34.6854 108.061
-34.7333 108.041
-34.7879 108.02
-34.838 107.999
-34.8885 107.98
-34.9351 107.962
-34.9875 107.942
-35.0357 107.922
-35.091 107.903
-35.1408 107.883
-35.1952 107.865
-35.2457 107.846
-35.3021 107.826
-35.3536 107.805
-35.4057 107.787
-35.4532 107.769
-35.5026 107.751
-35.5441 107.735
-35.5923 107.722
-35.6379 107.706
-35.6885 107.689
-35.7353 107.671
-35.7844 107.653
-35.8319 107.633
-35.8864 107.613
-35.9381 107.592
-35.9975 107.571
-36.0557 107.549
-36.1202 107.529
-36.1793 107.508
-36.2393 107.489
-36.2953 107.47
-36.3545 107.454
-36.4085 107.437
-36.4691 107.419
-36.6497 107.347
-36.7121 107.331
-36.8116 107.295
-36.8729 107.279
-36.9299 107.261
-37.3356 107.129
-37.401 107.114
-37.7049 107.023
-37.7702 107.007
-38.0689 106.919
-38.1363 106.903
-38.28 106.871
-38.4643 106.814
-38.6018 106.779
-38.6698 106.761
-38.7437 106.745
-38.8103 106.727
-38.8828 106.711
-38.9493 106.693
-39.0173 106.676
-39.0805 106.657
-39.142 106.641
-39.1986 106.625
-39.2574 106.608
-39.3112 106.591
-39.3721 106.574
-39.4257 106.558
-39.4879 106.542
-39.545 106.526
-39.6056 106.512
-39.662 106.496
-39.7236 106.484
-39.7803 106.47
-39.844 106.455
-39.8993 106.44
-39.9557 106.426
-40.0084 106.411
-40.0648 106.396
-40.1174 106.38
-40.1791 106.364
-40.2371 106.347
-40.3025 106.327
-40.3593 106.309
-40.4196 106.29
-40.4804 106.269
-40.5534 106.246
-40.8366 106.141
-40.9163 106.12
-40.9837 106.098
-41.0579 106.08
-41.1215 106.062
