0.0203006 -3.01294
0.0911805 -2.97895
0.12481 -2.96283
0.287564 -2.88205
0.405347 -2.82054
0.626421 -2.70936
0.77807 -2.62977
1.00894 -2.51044
1.16786 -2.42418
1.38024 -2.31326
1.52529 -2.23421
1.71135 -2.13459
1.84148 -2.06088
1.99899 -1.97013
2.11229 -1.90066
2.24572 -1.82182
2.34108 -1.76192
2.44933 -1.69402
2.52817 -1.6414
2.61862 -1.58631
2.68837 -1.53972
2.76842 -1.48729
2.82681 -1.44685
2.89353 -1.40092
2.94754 -1.36046
3.00744 -1.31819
3.05571 -1.28149
3.11035 -1.24202
3.15531 -1.20698
3.20691 -1.16843
3.25015 -1.13368
3.29712 -1.09874
3.33776 -1.0659
3.38382 -1.03088
3.42443 -0.997191
3.46963 -0.961911
3.50746 -0.930354
3.54849 -0.897104
3.58574 -0.8648
3.62712 -0.832312
3.66337 -0.801628
3.70158 -0.769545
3.73622 -0.738636
3.77526 -0.704147
3.81131 -0.670728
3.8513 -0.637442
3.88549 -0.607274
3.92414 -0.575556
3.95982 -0.543845
4.00052 -0.509011
4.03757 -0.475245
4.08378 -0.434771
4.127 -0.3945
4.17442 -0.351828
4.21489 -0.313794
4.26221 -0.272214
4.30693 -0.230174
4.35452 -0.187479
4.39721 -0.147016
4.44672 -0.103655
4.49216 -0.0610288
4.54072 -0.0166344
4.58354 0.0244186
4.62944 0.0661492
4.67086 0.10597
4.71826 0.151586
4.76223 0.195794
4.80834 0.23962
4.84819 0.279268
4.89297 0.321743
4.93531 0.364113
4.98469 0.406131
5.02592 0.443713
5.07086 0.481406
5.11336 0.520785
5.16504 0.567234
5.20838 0.60831
5.25418 0.651248
5.29301 0.689286
5.33705 0.731987
5.37632 0.771743
5.42 0.814137
5.45995 0.854762
5.50737 0.899756
5.54999 0.942464
5.59872 0.988039
5.64191 1.03091
5.68933 1.07527
5.73186 1.11764
5.77647 1.16351
5.81802 1.20787
5.86306 1.25558
5.9054 1.30183
5.95106 1.34533
5.9941 1.38933
6.04106 1.43449
6.08313 1.47757
6.13066 1.52303
6.17331 1.56667
6.22097 1.61165
6.26204 1.65309
6.30785 1.69912
6.35122 1.74553
6.40316 1.79745
6.45023 1.84749
6.49986 1.89762
6.54496 1.94605
6.59562 1.99903
6.64155 2.04955
6.69241 2.10345
6.73914 2.15529
6.78977 2.20874
6.83484 2.25844
6.88395 2.30805
6.92997 2.3575
6.98148 2.40901
7.02644 2.45628
7.07518 2.5044
7.11982 2.55123
7.16913 2.59914
7.21261 2.64386
7.26161 2.69164
7.3078 2.73944
7.36128 2.78622
7.41037 2.83293
7.46437 2.88024
7.51269 2.92559
7.56867 2.97034
7.62034 3.01597
7.67434 3.06144
7.72241 3.10445
7.7765 3.14709
7.82737 3.19084
7.88465 3.23311
7.93663 3.27517
7.99711 3.31424
8.05166 3.3543
8.10965 3.39286
8.16283 3.43244
8.21946 3.47025
8.27083 3.508
8.32837 3.54402
8.38188 3.58162
8.4399 3.61908
8.49257 3.65619
8.55174 3.69553
8.60321 3.73183
8.65947 3.76523
8.71396 3.8015
8.77629 3.83826
8.8339 3.87561
8.89708 3.91145
8.95409 3.94685
9.01445 3.98153
9.06957 4.01577
9.13046 4.0476
9.18697 4.08049
9.24862 4.11208
9.30342 4.14285
9.36354 4.1749
9.41978 4.20734
9.48204 4.23762
9.53713 4.26684
9.59804 4.29434
9.65208 4.3214
9.71162 4.34552
9.76564 4.37068
9.82471 4.39244
9.87461 4.41352
9.93114 4.43678
9.9819 4.46026
10.0355 4.48636
10.0859 4.51251
10.1399 4.5377
10.191 4.5634
10.2466 4.59112
10.4681 4.71615
10.5298 4.73907
10.5813 4.76254
10.6419 4.78893
10.6963 4.81511
10.7531 4.84205
10.8011 4.86601
10.8589 4.89361
10.914 4.92193
10.9725 4.94966
11.0251 4.97631
11.0833 5.00357
11.133 5.02835
11.1869 5.05481
11.2355 5.08005
11.2906 5.10855
11.3417 5.13618
11.3959 5.16371
11.4453 5.19009
11.501 5.21686
11.5511 5.24261
11.6049 5.26773
11.6555 5.29335
11.7128 5.31995
11.7674 5.34749
11.8265 5.37416
11.881 5.40102
11.9404 5.42863
11.9943 5.45578
12.0491 5.48443
12.0988 5.51137
12.1549 5.54036
12.2074 5.56877
12.2626 5.59706
12.3129 5.62411
12.3669 5.64956
12.4167 5.67489
12.4715 5.69916
12.5205 5.72301
12.5758 5.75002
12.6239 5.77492
12.676 5.7988
12.7235 5.82237
12.7763 5.84944
12.8234 5.87463
12.8758 5.89991
13.01 5.97251
13.0691 5.9988
13.2338 6.08255
13.3192 6.12686
13.3926 6.16628
13.5661 6.25716
13.6943 6.32594
13.953 6.46199
14.0835 6.53132
14.3877 6.69644
14.5002 6.75803
14.6313 6.82649
14.7283 6.87893
14.8393 6.93618
14.9261 6.98271
15.0216 7.02953
15.1008 7.07092
15.1882 7.11417
15.2605 7.15243
15.3408 7.19304
15.4068 7.22854
15.4805 7.2635
15.5432 7.29594
15.6156 7.33331
15.6816 7.36997
15.7584 7.41102
15.8263 7.44963
15.9047 7.49197
15.9749 7.53231
16.0497 7.57369
16.1187 7.61415
16.197 7.65575
16.2689 7.69688
16.349 7.73768
16.4202 7.77712
16.496 7.81792
16.5664 7.8587
16.6442 7.902
16.7136 7.94287
16.7882 7.98541
16.8554 8.02589
16.9264 8.06978
16.9931 8.1124
17.0637 8.15613
17.1263 8.19631
17.1939 8.23855
17.2537 8.27727
17.3195 8.31972
17.3809 8.36064
17.4483 8.40337
17.5081 8.44274
17.5713 8.48193
17.6278 8.51877
17.6891 8.55575
17.746 8.59235
17.8078 8.63145
17.8637 8.66872
17.9264 8.707
17.9822 8.74335
18.0439 8.77976
18.1018 8.81707
18.163 8.8547
18.2167 8.89002
18.2769 8.92738
18.3322 8.96442
18.3926 9.0015
18.4452 9.03633
18.5015 9.07491
18.5519 9.111
18.608 9.14773
18.6604 9.18458
18.718 9.22189
18.7689 9.2573
18.826 9.29719
18.8799 9.33712
18.9395 9.38111
18.9913 9.42076
19.0512 9.46371
19.1079 9.50675
19.1675 9.54864
19.2224 9.58973
19.2833 9.63688
19.3398 9.68216
19.3998 9.7281
19.4523 9.76984
19.5097 9.81521
19.5627 9.85854
19.6263 9.90492
19.6845 9.95016
19.7445 9.99662
19.7983 10.0403
19.8578 10.0875
19.9114 10.1319
19.9698 10.1769
20.0257 10.2231
20.0881 10.2704
20.1426 10.3144
20.1988 10.3592
20.2503 10.4027
20.3102 10.4515
20.3628 10.4967
20.4158 10.5432
20.4649 10.5877
20.5179 10.6345
20.5669 10.6793
20.6195 10.726
20.6686 10.7713
20.7237 10.8171
20.7731 10.8606
20.8273 10.9053
20.8732 10.9454
20.9219 10.9886
20.9682 11.0318
21.0198 11.0787
21.0683 11.1247
21.123 11.1741
21.1711 11.2196
21.2196 11.2645
21.2625 11.306
21.3104 11.3505
21.353 11.3918
21.4 11.4361
21.444 11.4796
21.4933 11.5266
21.5384 11.5715
21.5881 11.62
21.6311 11.6636
21.6797 11.7117
21.7249 11.7584
21.7726 11.8039
21.8147 11.8461
21.8596 11.8893
21.8998 11.9302
21.9458 11.9724
21.9875 12.0137
22.0352 12.0595
22.0778 12.1029
22.1256 12.151
22.169 12.197
22.2174 12.2452
22.2615 12.292
22.3082 12.3393
22.3502 12.3845
22.3951 12.4335
22.4359 12.4797
22.4815 12.5256
22.5234 12.5708
22.5689 12.6184
22.6093 12.6631
22.6536 12.7101
22.6942 12.7558
22.7391 12.8042
22.7796 12.8505
22.8268 12.9031
22.8693 12.953
22.9166 13.0069
22.9583 13.0566
23.0073 13.1111
23.0521 13.1642
23.1013 13.2212
23.1452 13.2747
23.1913 13.3294
23.2336 13.382
23.2806 13.4376
23.3223 13.4894
23.3675 13.5438
23.4074 13.5942
23.4538 13.6503
23.4947 13.7025
23.5402 13.76
23.5819 13.8154
23.6269 13.8729
23.6679 13.9281
23.7133 13.9889
23.7525 14.0435
23.7981 14.1025
23.8387 14.1583
23.8843 14.2186
23.9252 14.2759
23.9683 14.336
24.007 14.3926
24.0488 14.4522
24.0861 14.5079
24.1292 14.568
24.1678 14.6253
24.2098 14.6847
24.2466 14.7401
24.2879 14.7978
24.324 14.8521
24.3628 14.909
24.3983 14.9647
24.4392 15.0242
24.4749 15.0802
24.5138 15.1397
24.6965 15.4709
24.9986 16.0579
25.0316 16.133
25.0756 16.2201
25.1093 16.2948
25.148 16.375
25.1799 16.4479
25.2138 16.5274
25.2422 16.5998
25.2737 16.6834
25.3002 16.7585
25.3299 16.8375
25.3546 16.909
25.3827 16.9857
25.4066 17.0587
25.4315 17.1399
25.4522 17.2134
25.4756 17.2923
25.4948 17.3647
25.5137 17.4405
25.5298 17.5117
25.5467 17.591
25.5606 17.662
25.5757 17.7398
25.5879 17.8097
25.6012 17.8851
25.612 17.9557
25.6257 18.0368
25.6363 18.1099
25.6467 18.1896
25.6546 18.2618
25.6626 18.341
25.6681 18.409
25.6744 18.4875
25.6784 18.5585
25.6808 18.6366
25.6795 18.9512
25.669 19.1093
25.6614 19.1866
25.6115 19.6139
25.5673 19.87
25.5494 19.9655
25.5246 20.0896
25.5118 20.1508
25.4735 20.3604
25.4449 20.507
25.4088 20.7002
25.3813 20.8378
25.35 20.9974
25.3241 21.1191
25.2988 21.2558
25.2785 21.3569
25.26 21.4683
25.2437 21.5544
25.2265 21.6503
25.2098 21.7306
25.1908 21.8227
25.1734 21.8984
25.1555 21.9784
25.1391 22.0456
25.1222 22.1202
25.1051 22.1871
25.0867 22.2625
25.0682 22.3311
25.0495 22.4088
25.0317 22.4757
25.014 22.5487
24.9948 22.6182
24.9774 22.6909
24.9605 22.7537
24.9429 22.8272
24.9241 22.8952
24.9074 22.9664
24.8895 23.0313
24.8715 23.1022
24.8528 23.1667
24.8342 23.2358
24.815 23.2996
24.7967 23.3689
24.7777 23.4322
24.7603 23.4971
24.7419 23.5575
24.7233 23.6251
24.7039 23.6872
24.6846 23.7571
24.6643 23.8213
24.6436 23.8923
24.6221 23.9582
24.6009 24.0318
24.5783 24.1005
24.5559 24.176
24.5333 24.2437
24.5103 24.317
24.4877 24.3823
24.4663 24.4502
24.4443 24.5128
24.421 24.5841
24.3987 24.6465
24.3772 24.713
24.3559 24.7719
24.3345 24.8381
24.3129 24.8976
24.2933 24.9604
24.2723 25.0186
24.2498 25.0864
24.2272 25.1469
24.2059 25.2113
24.1834 25.2712
24.1613 25.3388
24.138 25.4007
24.1159 25.4677
24.0935 25.5272
24.0704 25.5958
24.0467 25.6577
24.0239 25.7254
24.001 25.7858
23.9788 25.8504
23.9556 25.9103
23.9317 25.9759
23.9081 26.0343
23.8847 26.0965
23.8614 26.1528
23.8381 26.2156
23.815 26.2721
23.7923 26.3332
23.7741 26.3794
23.7517 26.4395
23.7268 26.499
23.7029 26.5586
23.6798 26.6119
23.6551 26.6719
23.6332 26.7222
23.6109 26.777
23.5884 26.8282
23.5673 26.8794
23.5466 26.9261
23.5262 26.9754
23.5072 27.0182
23.4876 27.0646
23.4673 27.1088
23.4473 27.1577
23.4285 27.2002
23.4062 27.2507
23.3831 27.2996
23.3601 27.3522
23.3376 27.4003
23.3133 27.4542
23.2896 27.5036
23.2654 27.5566
23.24 27.6084
23.2155 27.663
23.1898 27.7157
23.1609 27.7759
23.1329 27.8313
23.1033 27.8942
23.0731 27.9542
23.0382 28.024
23.0031 28.0909
22.9684 28.1614
22.9342 28.2272
22.8936 28.3072
22.8526 28.3838
22.8105 28.4674
22.7711 28.5417
22.7308 28.6196
22.6903 28.6935
22.6481 28.7755
22.609 28.8475
22.5688 28.9269
22.529 29.0001
22.4879 29.0785
22.4486 29.1491
22.4056 29.2306
22.3653 29.3025
22.3243 29.3819
22.2828 29.4561
22.2436 29.5367
22.2059 29.6078
22.1697 29.6842
22.1345 29.7523
22.1033 29.8232
22.0714 29.8878
22.0391 29.9603
22.0063 30.0267
21.9757 30.0967
21.9443 30.1616
21.9143 30.2297
21.8847 30.2912
21.8569 30.3574
21.8299 30.4159
21.8065 30.4774
21.7814 30.5345
21.7546 30.6009
21.7251 30.6656
21.6978 30.7325
21.6695 30.7954
21.6411 30.8654
21.6118 30.9311
21.5832 31.004
21.5544 31.071
21.5257 31.1463
21.4976 31.2137
21.4693 31.2885
21.4396 31.3595
21.4123 31.4344
21.386 31.5006
21.3618 31.5722
21.3365 31.6387
21.3119 31.7135
21.2868 31.7814
21.264 31.8549
21.2394 31.9239
21.2155 32.0019
21.1909 32.073
21.1678 32.1498
21.1436 32.221
21.1212 32.299
21.0978 32.3706
21.0748 32.4485
21.0515 32.5196
21.03 32.5997
21.0072 32.6738
20.9873 32.7535
20.9658 32.8268
20.9454 32.9075
20.9235 32.9825
20.904 33.0643
20.8836 33.1379
20.8646 33.2197
20.845 33.2922
20.8258 33.3686
20.8053 33.4399
20.7855 33.5172
20.7648 33.5885
20.7445 33.6653
20.7231 33.7373
20.702 33.8142
20.681 33.884
20.659 33.9623
20.6371 34.0341
20.6157 34.1114
20.5956 34.1786
20.5766 34.2506
20.5567 34.3182
20.538 34.3895
20.5196 34.4531
20.5029 34.5171
20.4866 34.5737
20.4737 34.6324
20.4405 34.7415
20.4259 34.8077
20.409 34.8693
20.3948 34.9347
20.3792 34.9942
20.3619 35.0622
20.3437 35.1256
20.3074 35.257
20.2899 35.3208
20.2727 35.3888
20.2552 35.4494
20.2395 35.5133
20.2225 35.5732
20.2061 35.6418
20.1909 35.6988
20.176 35.7586
20.1594 35.8162
20.1428 35.8806
20.1258 35.9396
20.1096 36.0056
20.0925 36.0663
20.0756 36.1325
20.0574 36.1955
20.0385 36.267
19.9598 36.5123
19.9208 36.6694
19.8392 36.939
19.8196 37.0358
19.7994 37.1146
19.7778 37.2059
19.7556 37.2878
19.7329 37.3791
19.7107 37.4599
19.692 37.5439
19.6732 37.6177
19.6538 37.6977
19.6342 37.7698
19.6142 37.8469
19.5937 37.9184
19.5713 37.9979
19.5497 38.069
19.5288 38.1473
19.5089 38.2158
19.4873 38.2926
19.4663 38.3621
19.4451 38.4338
19.4242 38.5
19.4023 38.5739
19.3813 38.6405
19.3609 38.7131
19.3406 38.7798
19.3218 38.8518
19.3027 38.9173
19.2838 38.987
19.2648 39.0509
19.2488 39.1137
19.2322 39.1711
19.2151 39.2354
19.1975 39.2947
19.1785 39.3629
19.1587 39.4272
19.1393 39.4966
19.1204 39.5583
19.1013 39.6246
19.0633 39.7373
19.0243 39.8615
19.0044 39.9229
18.9429 40.1058
18.862 40.3216
18.7177 40.7364
18.6933 40.8055
18.6675 40.8697
18.5865 41.0665
18.5274 41.2049
18.4501 41.3859
18.3918 41.5178
18.3273 41.6697
18.2772 41.7828
18.2208 41.9094
18.1763 42.0052
18.1309 42.1097
18.0931 42.192
18.0525 42.2824
18.0162 42.3583
17.9788 42.4406
17.9459 42.5089
17.9106 42.5838
17.8792 42.6467
17.843 42.7199
17.8099 42.7834
17.7755 42.8525
17.7434 42.9132
17.7105 42.9796
17.6802 43.0371
17.648 43.1008
17.6159 43.1603
17.5845 43.2236
17.5543 43.2805
17.5214 43.3441
17.4906 43.4007
17.4603 43.4599
17.4304 43.5149
17.3978 43.5766
17.3678 43.631
17.3381 43.6885
17.3094 43.7412
17.2806 43.7992
17.2538 43.8503
17.2253 43.9081
17.1962 43.9631
17.1672 44.0219
17.1398 44.0742
17.1117 44.1313
17.0854 44.1817
17.0589 44.2365
17.0344 44.2843
17.0105 44.3342
16.9849 44.3838
16.9592 44.4383
16.9341 44.4879
16.9106 44.5402
16.8866 44.5891
16.8619 44.6456
16.8374 44.6972
16.8158 44.7506
16.7946 44.7978
16.7716 44.8519
16.7484 44.9019
16.7236 44.9578
16.7006 45.0068
16.6789 45.0589
16.6574 45.1065
16.6369 45.1562
16.6174 45.1996
16.5981 45.251
16.5779 45.2983
16.5594 45.3485
16.5393 45.3962
16.5176 45.4503
16.4956 45.5003
16.4735 45.5535
16.45 45.6053
16.4241 45.6629
16.3994 45.715
16.3756 45.7704
16.3528 45.8202
16.3292 45.8767
16.3065 45.9273
16.2867 45.9779
16.2656 46.0263
16.2452 46.0822
16.2246 46.1327
16.2069 46.1831
16.1882 46.2294
16.17 46.2803
16.1509 46.3273
16.1324 46.3767
16.1132 46.4225
16.0919 46.4764
16.0726 46.5219
16.0538 46.573
16.0345 46.6199
16.0152 46.672
15.9959 46.7189
15.9764 46.7709
15.9559 46.8196
15.9341 46.8768
15.9107 46.9315
15.887 46.9899
15.8632 47.0439
15.8377 47.1039
15.8126 47.1588
15.7863 47.2204
15.7629 47.2722
15.7394 47.3294
15.7151 47.3838
15.6911 47.4398
15.6673 47.4917
15.6428 47.5487
15.6167 47.6049
15.5905 47.6667
15.5648 47.7233
15.5401 47.7811
15.5166 47.8327
15.4956 47.888
15.4732 47.9403
15.4496 47.9998
15.4271 48.0518
15.4055 48.1085
15.383 48.161
15.3592 48.2174
15.3346 48.2711
15.3108 48.3274
15.2869 48.3799
15.2615 48.4383
15.2361 48.493
15.208 48.5558
15.1804 48.6141
15.1529 48.6746
15.1275 48.7281
15.1019 48.785
15.0755 48.8404
15.0491 48.9001
15.0238 48.954
14.9977 49.0148
14.9714 49.0718
14.944 49.1366
14.9165 49.1966
14.891 49.2603
14.8641 49.3208
14.8358 49.3889
14.8079 49.4509
14.7798 49.5161
14.7527 49.575
14.7236 49.6412
14.6961 49.7002
14.6699 49.762
14.6437 49.8191
14.6156 49.8826
14.5887 49.9396
14.5615 50.0047
14.5348 50.0634
14.5079 50.1258
14.4809 50.1837
14.4529 50.2483
14.4272 50.3039
14.4032 50.3616
14.3775 50.4173
14.3492 50.4782
14.321 50.5354
14.2926 50.5976
14.2644 50.6555
14.2364 50.7193
14.2075 50.7799
14.1776 50.8457
14.1484 50.9058
14.1183 50.9725
14.0883 51.0345
14.0592 51.103
14.0306 51.1649
14.0008 51.2306
13.9736 51.2873
13.9477 51.3485
13.9219 51.4041
13.896 51.4682
13.8691 51.5278
13.8389 51.5959
13.8093 51.6576
13.7786 51.7216
13.7485 51.7813
13.7171 51.8491
13.6885 51.9078
13.6595 51.9702
13.6315 52.0267
13.6025 52.0887
13.5741 52.1459
13.5456 52.2058
13.5183 52.26
13.4921 52.3182
13.4664 52.3712
13.4397 52.4297
13.4133 52.4836
13.3862 52.5435
13.3599 52.5974
13.332 52.6595
13.3039 52.717
13.2759 52.7804
13.249 52.8366
13.2266 52.8898
13.204 52.9382
13.1826 52.9888
13.1604 53.036
13.1366 53.0888
13.114 53.1355
13.0902 53.1903
13.065 53.2428
13.0385 53.2988
13.0122 53.3509
12.9862 53.4077
12.9625 53.4562
12.94 53.5087
12.9176 53.556
12.8922 53.61
12.8661 53.6618
12.8381 53.7196
12.8129 53.7691
12.79 53.8223
12.7663 53.8722
12.7394 53.9323
12.7135 53.9862
12.6852 54.0472
12.6604 54.098
12.6366 54.1522
12.6108 54.2059
12.5847 54.2624
12.5602 54.3128
12.5368 54.3661
12.5118 54.4185
12.4874 54.4758
12.4627 54.5293
12.4401 54.5861
12.418 54.6369
12.3961 54.6927
12.3719 54.7478
12.3489 54.8061
12.2541 54.9992
12.2298 55.0698
12.204 55.1325
12.1803 55.2019
12.1578 55.2605
12.137 55.3245
12.1145 55.384
12.0947 55.4484
12.0727 55.5087
12.0503 55.5743
12.0289 55.631
12.0078 55.6911
11.986 55.7468
11.9651 55.8058
11.9454 55.8567
11.9249 55.9158
11.9027 55.9723
11.8807 56.0347
11.8589 56.0908
11.8384 56.1503
11.8185 56.2026
11.8 56.2563
11.78 56.3078
11.7556 56.3718
11.7311 56.4313
11.7049 56.4994
11.6798 56.5604
11.6543 56.6285
11.6284 56.6924
11.6035 56.7589
11.5792 56.8192
11.5536 56.8851
11.5283 56.946
11.5007 57.0143
11.4739 57.077
11.4465 57.1457
11.4195 57.209
11.3913 57.2763
11.3651 57.3357
11.3364 57.4035
11.3057 57.4712
11.2765 57.5408
11.1967 57.7076
11.1191 57.8909
10.893 58.3527
10.8208 58.5571
10.6365 58.953
10.6154 59.0513
10.3731 59.5818
10.2993 59.8152
10.2754 59.8922
10.2535 59.973
10.2309 60.0406
10.2076 60.1158
10.1826 60.1845
10.1575 60.2581
10.1318 60.3255
10.1078 60.3953
10.0834 60.459
10.0558 60.5309
10.0305 60.5929
10.0057 60.6594
9.98125 60.7202
9.95625 60.7902
9.92987 60.857
9.90404 60.9279
9.87869 60.992
9.85281 61.0577
9.82886 61.1155
9.8071 61.1761
9.78438 61.2337
9.7629 61.2937
9.74074 61.3502
9.71921 61.4115
9.69817 61.4665
9.67711 61.5246
9.65691 61.5762
9.63478 61.6351
9.61164 61.6921
9.59113 61.7515
9.57151 61.8032
9.55009 61.8629
9.52918 61.9161
9.51129 61.9668
9.49397 62.0116
9.47575 62.0608
9.45751 62.1059
9.43662 62.1586
9.41629 62.2065
9.3953 62.2595
9.37411 62.3092
9.35105 62.363
9.32997 62.4101
9.30901 62.4608
9.28828 62.5079
9.26818 62.56
9.2478 62.6084
9.22558 62.6639
9.20268 62.7165
9.17915 62.7721
9.15634 62.8226
9.13091 62.8797
9.10459 62.9353
9.07995 62.9925
9.05496 63.0465
9.02801 63.1066
9.00179 63.1617
8.97496 63.2228
8.94885 63.2784
8.92313 63.3394
8.8958 63.3984
8.8686 63.4612
8.84173 63.5188
8.81324 63.5852
8.78459 63.6467
8.75305 63.7154
8.72203 63.779
8.69294 63.8442
8.66373 63.9049
8.63061 63.9756
8.59897 64.0393
8.56823 64.1068
8.53612 64.1718
8.50132 64.2425
8.46671 64.3091
8.42943 64.3823
8.39486 64.4474
8.36219 64.5135
8.3295 64.5759
8.29585 64.6467
8.26112 64.7143
8.22662 64.7834
8.19357 64.8458
8.1573 64.9177
8.12215 64.9833
8.08593 65.0564
8.0511 65.1221
8.01534 65.1887
7.97882 65.2533
7.94126 65.3259
7.90536 65.3913
7.86455 65.4658
7.82516 65.5346
7.7722 65.6327
7.71955 65.7256
7.68307 65.7957
7.64717 65.8607
7.61215 65.9308
7.57663 65.9971
7.54058 66.0701
7.5062 66.1357
7.47218 66.2068
7.44053 66.2691
7.40929 66.3353
7.37718 66.3986
7.34543 66.4692
7.31393 66.5341
7.28372 66.6038
7.25327 66.6684
7.22534 66.7365
7.19661 66.7998
7.16551 66.8715
7.13549 66.936
7.1071 67.0044
7.07865 67.0672
7.0481 67.1356
7.01739 67.2
6.98593 67.2695
6.95468 67.3348
6.92593 67.4012
6.89739 67.4628
6.86668 67.5324
6.83703 67.5957
6.81092 67.6654
6.78444 67.7287
6.7578 67.7995
6.73149 67.8626
6.70385 67.9311
6.67592 67.9946
6.64772 68.0653
6.61877 68.1316
6.59103 68.2048
6.56391 68.2698
6.53628 68.3404
6.50795 68.4065
6.47783 68.4816
6.44758 68.5513
6.41854 68.6259
6.38889 68.6955
6.35931 68.7745
6.32785 68.8502
6.2966 68.9342
6.26768 69.0058
6.24 69.0858
6.21136 69.1593
6.1829 69.24
6.15333 69.3149
6.12441 69.3938
6.09596 69.4643
6.06798 69.5399
6.03959 69.6096
6.01121 69.6857
5.98288 69.755
5.95337 69.8314
5.9235 69.9024
5.89558 69.9753
5.86812 70.0411
5.84003 70.1154
5.81102 70.185
5.78162 70.262
5.75235 70.332
5.7251 70.4037
5.69808 70.4686
5.66813 70.5445
5.63815 70.6143
5.60785 70.6911
5.57955 70.7576
5.55249 70.8279
5.52561 70.8912
5.49588 70.9632
5.46566 71.0304
5.435 71.1042
5.40453 71.1714
5.37531 71.2423
5.34772 71.3037
5.31917 71.3682
5.29029 71.4283
5.25963 71.497
5.23083 71.557
5.20229 71.6193
5.17303 71.6782
5.14007 71.7464
5.10907 71.8069
5.07903 71.871
5.04904 71.93
5.01662 71.995
4.98482 72.0548
4.95381 72.1199
4.92499 72.176
4.89143 72.24
4.85969 72.2973
4.82581 72.3592
4.79318 72.4164
4.75926 72.4754
4.72796 72.5282
4.69435 72.5889
4.66251 72.644
4.62935 72.7035
4.59633 72.7601
4.56092 72.8214
4.52917 72.8748
4.49623 72.933
4.46301 72.9893
4.42774 73.0537
4.39492 73.1109
4.36202 73.1728
4.32966 73.2302
4.29432 73.2965
4.26006 73.3572
4.22652 73.4184
4.19295 73.4767
4.15604 73.5437
4.12142 73.6041
4.08603 73.6695
4.05097 73.7313
4.01648 73.7998
3.98236 73.8633
3.95 73.931
3.91901 73.9914
3.88867 74.0557
3.85858 74.1149
3.83034 74.1765
3.80185 74.2342
3.77523 74.2977
3.74991 74.3533
3.7243 74.4149
3.69828 74.4722
3.67447 74.5316
3.65154 74.5843
3.62889 74.6447
3.47462 74.9607
3.45573 75.0372
3.43368 75.1017
3.41516 75.17
3.39586 75.2297
3.37659 75.2992
3.35721 75.3598
3.33922 75.426
3.31988 75.4866
3.30197 75.5505
3.28189 75.6112
3.26109 75.6763
3.24058 75.7345
3.21938 75.7973
3.19762 75.8564
3.17512 75.9267
3.15238 75.9907
3.12875 76.0628
3.10357 76.1318
3.0803 76.2054
3.05746 76.2706
3.03543 76.3436
3.0125 76.4102
2.99078 76.4816
2.9682 76.5467
2.94745 76.6172
2.92566 76.6812
2.90334 76.751
2.87925 76.8168
2.8559 76.8883
2.83258 76.9518
2.80794 77.0226
2.78503 77.0827
2.75968 77.1513
2.73631 77.2098
2.71189 77.2749
2.68671 77.3359
2.66182 77.4014
2.63716 77.4608
2.61358 77.5215
2.58988 77.5774
2.56668 77.6345
2.54554 77.6834
2.5244 77.7341
2.50426 77.7795
2.48462 77.8277
2.44748 77.9073
2.38568 78.0446
2.36459 78.0923
2.30128 78.2292
2.22199 78.3864
2.17448 78.493
2.06358 78.7104
2.03856 78.7876
2.01562 78.8454
1.80709 79.3098
1.68588 79.5596
1.65386 79.6382
1.6252 79.7008
1.59551 79.7696
1.56919 79.8274
1.54187 79.8894
1.51715 79.9425
1.49116 80.005
1.46463 80.0635
1.43975 80.122
1.41557 80.1748
1.38702 80.2326
1.36104 80.2838
1.33674 80.3391
1.31315 80.3894
1.28842 80.444
1.26449 80.4939
1.23937 80.547
1.21235 80.6013
1.18492 80.661
1.15834 80.7156
1.13116 80.7765
1.10488 80.8315
1.07812 80.8899
1.05161 80.9441
1.02615 81.0025
0.913277 81.218
0.885475 81.2844
0.860829 81.337
0.83931 81.393
0.817789 81.4426
0.797572 81.4951
0.777948 81.5409
0.759259 81.5954
0.739397 81.6449
0.717283 81.7004
0.695789 81.7496
0.676301 81.7999
0.655646 81.8474
0.633976 81.8992
0.612606 81.9463
0.591335 81.9988
0.57072 82.0456
0.550166 82.0999
0.52735 82.153
0.506313 82.2117
0.483445 82.2672
0.46009 82.3316
0.436515 82.3897
0.412463 82.4565
0.38727 82.5184
0.362304 82.586
0.337195 82.6475
0.313186 82.7108
0.288883 82.7695
0.266817 82.8308
0.242083 82.8916
0.217395 82.9637
0.191037 83.0315
0.166252 83.1055
0.141468 83.1716
0.117859 83.2444
0.0944371 83.3088
0.0712361 83.3803
0.048152 83.4439
0.0274693 83.5114
0.00472032 83.5755
-0.0185504 83.6455
-0.0415387 83.7084
-0.0634937 83.7759
-0.0845001 83.8348
-0.106597 83.8987
-0.129258 83.9587
-0.149844 84.0208
-0.170561 84.0774
-0.192651 84.1396
-0.214428 84.1964
-0.238645 84.2603
-0.261679 84.3178
-0.286176 84.3839
-0.311098 84.4465
-0.335187 84.5124
-0.358501 84.5718
-0.382887 84.6375
-0.408051 84.7002
-0.43485 84.7678
-0.460307 84.8289
-0.485824 84.896
-0.51204 84.9597
-0.540618 85.0328
-0.56923 85.101
-0.599325 85.1744
-0.627971 85.2404
-0.658144 85.3111
-0.687217 85.3758
-0.719218 85.449
-0.750796 85.5178
-0.783731 85.5941
-0.815273 85.6633
-0.847962 85.7397
-0.877728 85.8055
-0.907147 85.8752
-0.935185 85.9371
-0.962713 86.0028
-0.989745 86.0621
-1.0157 86.1226
-1.0415 86.1781
-1.06894 86.2404
-1.09438 86.2945
-1.12078 86.3522
-1.1462 86.4044
-1.17145 86.461
-1.19719 86.5142
-1.22379 86.5737
-1.25166 86.6307
-1.27955 86.6936
-1.3065 86.7495
-1.33579 86.8145
-1.3658 86.8753
-1.39652 86.9384
-1.42606 86.9954
-1.45761 87.0602
-1.4875 87.118
-1.51982 87.183
-1.55256 87.2449
-1.5847 87.3105
-1.6144 87.3678
-1.64567 87.4308
-1.67644 87.4892
-1.70549 87.548
-1.73361 87.6015
-1.76022 87.6622
-1.78491 87.7139
-1.80845 87.768
-1.832 87.8168
-1.85648 87.8707
-1.8819 87.9215
-1.91352 87.9809
-1.94602 88.0395
-1.97856 88.1035
-2.00959 88.1616
-2.04175 88.2258
-2.0735 88.2857
-2.10316 88.3478
-2.13305 88.4058
-2.16459 88.4691
-2.19583 88.5283
-2.22881 88.5968
-2.25944 88.6568
-2.29131 88.7215
-2.32156 88.7796
-2.35221 88.8428
-2.38288 88.9019
-2.41172 88.9626
-2.43801 89.0148
-2.46557 89.0745
-2.49249 89.1287
-2.51854 89.1864
-2.54357 89.2378
-2.56854 89.2917
-2.59382 89.3425
-2.62138 89.4006
-2.64727 89.4524
-2.674 89.5098
-2.70108 89.5643
-2.73055 89.6276
-2.758 89.6837
-2.78529 89.7419
-2.81345 89.7988
-2.84423 89.8603
-2.87243 89.9154
-2.90134 89.978
-2.9303 90.0375
-2.96039 90.1082
-2.99035 90.1737
-3.01933 90.245
-3.04851 90.3109
-3.07608 90.3817
-3.1039 90.4468
-3.12992 90.5167
-3.15435 90.5768
-3.17602 90.6392
-3.19816 90.6956
-3.21897 90.7576
-3.24002 90.8129
-3.25937 90.8759
-3.27856 90.9302
-3.29543 90.9854
-3.31282 91.0343
-3.32923 91.0884
-3.34692 91.138
-3.36539 91.1943
-3.38641 91.2497
-3.40424 91.3096
-3.42258 91.3627
-3.44183 91.4204
-3.46117 91.4726
-3.47925 91.53
-3.49926 91.5853
-3.51699 91.6428
-3.53653 91.6978
-3.55517 91.7626
-3.57402 91.8199
-3.59184 91.8823
-3.61092 91.9401
-3.63214 92.0009
-3.6535 92.0581
-3.67269 92.12
-3.69266 92.1778
-3.71215 92.2439
-3.73055 92.3007
-3.74711 92.3587
-3.76469 92.4129
-3.77936 92.4704
-3.79498 92.5227
-3.8135 92.5837
-3.83202 92.6393
-3.8518 92.702
-3.87233 92.7615
-3.89086 92.823
-3.9095 92.8789
-3.92784 92.9396
-3.94656 92.9952
-3.96742 93.054
-3.98794 93.1088
-4.00692 93.1665
-4.1074 93.4186
-4.12777 93.492
-4.14902 93.5539
-4.16932 93.6257
-4.19135 93.6913
-4.21474 93.7641
-4.23761 93.8279
-4.26182 93.8959
-4.28667 93.9596
-4.31347 94.0302
-4.33885 94.0928
-4.36173 94.1556
-4.38496 94.2138
-4.41092 94.2802
-4.43519 94.3385
-4.46253 94.4041
-4.48981 94.466
-4.51738 94.5317
-4.54341 94.5907
-4.57212 94.6557
-4.59811 94.7124
-4.62464 94.776
-4.65026 94.8338
-4.67697 94.8976
-4.70368 94.9572
-4.73234 95.0217
-4.76075 95.0823
-4.78957 95.1485
-4.81652 95.2071
-4.84504 95.2693
-4.87304 95.3276
-4.90168 95.3913
-4.929 95.4488
-4.95738 95.5126
-4.98445 95.5698
-5.01138 95.6336
-5.03913 95.6935
-5.06872 95.7626
-5.09839 95.8261
-5.12985 95.894
-5.1603 95.9555
-5.19065 96.0195
-5.30665 96.236
-5.34167 96.3106
-5.3999 96.4199
-5.43596 96.4905
-5.66122 96.8909
-5.70106 96.985
-5.73526 97.0547
-5.77133 97.1292
-5.888 97.3388
-5.92058 97.4121
-6.00259 97.5995
-6.06545 97.7359
-6.12277 97.8702
-6.16593 97.9665
-6.21842 98.0834
-6.25984 98.173
-6.30363 98.2755
-6.34014 98.3576
-6.37839 98.448
-6.41113 98.5221
-6.44438 98.6043
-6.47292 98.6714
-6.50306 98.749
-6.53126 98.8167
-6.55805 98.8885
-6.58204 98.9486
-6.60412 99.0138
-6.62592 99.0716
-6.64834 99.1383
-6.67006 99.1967
-6.69254 99.2646
-6.71433 99.324
-6.73405 99.3869
-6.75515 99.4457
-6.77731 99.5079
-6.79767 99.5614
-6.81732 99.6196
-6.8357 99.6699
-6.8556 99.7277
-6.87582 99.7814
-6.89571 99.8349
-6.91438 99.8824
-6.93344 99.9362
-6.9535 99.9882
-6.97406 100.046
-6.9941 100.099
-7.01529 100.156
-7.03707 100.21
-7.05781 100.269
-7.07908 100.324
-7.10365 100.387
-7.12626 100.442
-7.14931 100.504
-7.17231 100.561
-7.19478 100.624
-7.21744 100.682
-7.24118 100.744
-7.2647 100.801
-7.28833 100.862
-7.31142 100.916
-7.33374 100.972
-7.35662 101.024
-7.37982 101.085
-7.40242 101.138
-7.42476 101.193
-7.44494 101.239
-7.46654 101.295
-7.48934 101.348
-7.51364 101.406
-7.53893 101.461
-7.56681 101.522
-7.5966 101.583
-7.62688 101.65
-7.65662 101.712
-7.68721 101.782
-7.71818 101.847
-7.7504 101.919
-7.78189 101.985
-7.81655 102.06
-7.85094 102.129
-7.88446 102.203
-7.91678 102.269
-7.94799 102.337
-7.97852 102.398
-8.01071 102.465
-8.04159 102.525
-8.07452 102.593
-8.10488 102.651
-8.13675 102.714
-8.16929 102.774
-8.20415 102.842
-8.23828 102.904
-8.27537 102.976
-8.31085 103.041
-8.34721 103.11
-8.38333 103.174
-8.42127 103.247
-8.4567 103.31
-8.49172 103.378
-8.5272 103.441
-8.56472 103.509
-8.60023 103.57
-8.6362 103.635
-8.67057 103.694
-8.70693 103.754
-8.74357 103.813
-8.78354 103.879
-8.81944 103.937
-8.85988 104.004
-8.89922 104.066
-8.94012 104.13
-8.97904 104.189
-9.02061 104.255
-9.05997 104.314
-9.10257 104.381
-9.14132 104.439
-9.18388 104.507
-9.22723 104.573
-9.27343 104.641
-9.31792 104.704
-9.36608 104.775
-9.40975 104.837
-9.45624 104.905
-9.50218 104.97
-9.54923 105.039
-9.59477 105.103
-9.64207 105.172
-9.68488 105.232
-9.72975 105.297
-9.77298 105.358
-9.81798 105.423
-9.86088 105.484
-9.90426 105.551
-9.94416 105.609
-9.98448 105.673
-10.023 105.73
-10.0633 105.795
-10.1042 105.855
-10.147 105.92
-10.1888 105.98
-10.234 106.048
-10.2728 106.104
-10.3162 106.171
-10.361 106.236
-10.4023 106.299
-10.4416 106.356
-10.4802 106.416
-10.5158 106.468
-10.5489 106.521
-10.5818 106.569
-10.6168 106.62
-10.6495 106.665
-10.6849 106.714
-10.7159 106.756
-10.7472 106.802
-10.7786 106.845
-10.8142 106.894
-10.8464 106.936
-10.882 106.985
-10.9167 107.031
-10.951 107.079
-10.9833 107.122
-11.0178 107.17
-11.0518 107.214
-11.0862 107.262
-11.1219 107.308
-11.1621 107.359
-11.2006 107.407
-11.2384 107.455
-11.2725 107.497
-11.3082 107.543
-11.3438 107.587
-11.3818 107.638
-11.4175 107.682
-11.452 107.73
-11.4849 107.772
-11.5225 107.82
-11.5584 107.863
-11.5971 107.911
-11.635 107.956
-11.6733 108.006
-11.7116 108.052
-11.752 108.103
-11.7888 108.147
-11.8307 108.197
-11.871 108.244
-11.912 108.292
-11.9505 108.336
-11.9908 108.382
-12.0302 108.425
-12.069 108.47
-12.104 108.509
-12.142 108.555
-12.1801 108.598
-12.2189 108.644
-12.255 108.683
-12.2949 108.729
-12.3306 108.768
-12.3713 108.813
-12.4111 108.854
-12.4525 108.9
-12.4915 108.94
-12.5349 108.988
-12.575 109.029
-12.6176 109.077
-12.6569 109.118
-12.7008 109.167
-12.7425 109.211
-12.785 109.255
-12.8246 109.293
-12.8661 109.338
-12.9058 109.377
-12.9487 109.42
-12.9882 109.458
-13.032 109.499
-13.0736 109.537
-13.1186 109.58
-13.1604 109.618
-13.2051 109.658
-13.2476 109.696
-13.2952 109.737
-13.3423 109.776
-13.3969 109.825
-13.4477 109.868
-13.5031 109.915
-13.5554 109.958
-13.6121 110.002
-13.6642 110.042
-13.7167 110.082
-13.7637 110.116
-13.8176 110.156
-13.8691 110.192
-13.9262 110.233
-13.9791 110.269
-14.0373 110.309
-14.0916 110.345
-14.1454 110.38
-14.2367 110.436
-14.3932 110.531
-14.5313 110.609
-14.5877 110.641
-14.6367 110.667
-14.6922 110.698
-14.7396 110.723
-14.793 110.752
-14.8423 110.778
-14.8949 110.805
-14.9465 110.83
-15.0047 110.86
-15.0555 110.884
-15.1088 110.91
-15.1614 110.934
-15.2218 110.961
-15.2752 110.984
-15.3343 111.006
-15.3916 111.027
-15.4539 111.049
-15.5111 111.069
-15.5763 111.091
-15.739 111.143
-15.8094 111.169
-15.8679 111.188
-15.9293 111.209
-15.9882 111.227
-16.0553 111.246
-16.1136 111.262
-16.1734 111.281
-16.2267 111.297
-16.2836 111.314
-16.3351 111.329
-16.394 111.347
-16.4479 111.362
-16.505 111.377
-16.5596 111.391
-16.6208 111.41
-16.9251 111.477
-16.9911 111.497
-17.1584 111.53
-17.2305 111.543
-17.5127 111.584
-17.655 111.611
-17.7826 111.63
-17.9847 111.659
-18.1866 111.684
-18.5375 111.704
-18.751 111.723
-18.8896 111.732
-19.0568 111.745
-19.1832 111.752
-19.3261 111.763
-19.4394 111.768
-19.5614 111.772
-19.6586 111.773
-19.7615 111.774
-19.846 111.773
-19.943 111.774
-20.0252 111.772
-20.1126 111.777
-20.1849 111.777
-20.2658 111.777
-20.3364 111.775
-20.4146 111.771
-20.482 111.766
-20.5572 111.763
-20.6249 111.757
-20.6987 111.753
-20.7646 111.747
-20.8388 111.741
-20.9121 111.733
-20.9899 111.726
-21.0601 111.717
-21.14 111.709
-21.2138 111.699
-21.2928 111.689
-21.3652 111.678
-21.4438 111.67
-21.5159 111.66
-21.5978 111.653
-21.6682 111.644
-21.7459 111.633
-21.8186 111.62
-21.8955 111.61
-21.9658 111.599
-22.0432 111.588
-22.1121 111.577
-22.1837 111.569
-22.2486 111.559
-22.3172 111.549
-22.3784 111.538
-22.4456 111.527
-22.5072 111.515
-22.5728 111.505
-22.6344 111.494
-22.7029 111.48
-22.7634 111.466
-22.8287 111.455
-22.891 111.442
-22.9597 111.429
-23.0225 111.415
-23.089 111.403
-23.1463 111.391
-23.2069 111.38
-23.2657 111.367
-23.3308 111.356
-23.3936 111.343
-23.4635 111.33
-23.5232 111.318
-23.5879 111.308
-23.6459 111.296
-23.7093 111.284
-23.7679 111.27
-23.8318 111.258
-23.8895 111.245
-23.9532 111.23
-24.0094 111.216
-24.071 111.203
-24.1296 111.189
-24.1917 111.174
-24.2471 111.159
-24.3082 111.147
-24.3617 111.134
-24.4197 111.123
-24.4733 111.11
-24.5358 111.096
-24.5895 111.082
-24.6484 111.066
-24.7035 111.051
-24.7634 111.034
-24.8219 111.017
-24.8868 110.997
-24.947 110.978
-25.0151 110.96
-25.0784 110.941
-25.1477 110.922
-25.2139 110.901
-25.2852 110.882
-25.353 110.862
-25.4265 110.84
-25.4955 110.818
-25.567 110.797
-25.6319 110.776
-25.7044 110.761
-25.7701 110.744
-25.8411 110.728
-25.9095 110.709
-25.9853 110.691
-26.0554 110.672
-26.1337 110.653
-26.2012 110.634
-26.2708 110.615
-26.3349 110.595
-26.4065 110.578
-26.4728 110.559
-26.5452 110.54
-26.6141 110.519
-26.6873 110.499
-26.7537 110.48
-26.8251 110.462
-26.8882 110.445
-26.9577 110.427
-27.0239 110.408
-27.0916 110.391
-27.1544 110.374
-27.2224 110.356
-27.2848 110.338
-27.3541 110.321
-27.4173 110.303
-27.4893 110.288
-27.5582 110.27
-27.6338 110.253
-27.7043 110.235
-27.7819 110.22
-27.8496 110.204
-27.9203 110.19
-27.9859 110.174
-28.0559 110.161
-28.1218 110.145
-28.1957 110.127
-28.2655 110.108
-28.3436 110.086
-28.4141 110.065
-28.4885 110.044
-28.5568 110.024
-28.6288 110.003
-28.6943 109.983
-28.7676 109.964
-28.8377 109.944
-28.9132 109.925
-28.9821 109.905
-29.0573 109.884
-29.1239 109.865
-29.1967 109.848
-29.2632 109.83
-29.3371 109.812
-29.4032 109.794
-29.4727 109.776
-29.5358 109.758
-29.6053 109.743
-29.6676 109.727
-29.7361 109.712
-29.7958 109.697
-29.8628 109.681
-29.9244 109.665
-29.9857 109.652
-30.0455 109.637
-30.1128 109.623
-30.1721 109.609
-30.2386 109.596
-30.2993 109.581
-30.3664 109.569
-30.4287 109.555
-30.4964 109.544
-30.5591 109.531
-30.6286 109.519
-30.6923 109.505
-30.7643 109.489
-30.8298 109.472
-30.8998 109.455
-30.963 109.437
-31.0324 109.423
-31.096 109.407
-31.1638 109.393
-31.2256 109.377
-31.2928 109.361
-31.3547 109.344
-31.4196 109.328
-31.4778 109.31
-31.5406 109.291
-31.5974 109.272
-31.661 109.251
-31.7155 109.231
-31.7711 109.216
-31.8245 109.198
-31.8823 109.179
-31.9356 109.16
-31.9972 109.14
-32.0502 109.122
-32.1116 109.1
-32.1672 109.079
-32.2306 109.055
-32.2887 109.031
-32.3536 109.006
-32.4084 108.984
-32.4664 108.962
-32.5211 108.939
-32.5851 108.915
-32.6457 108.89
-32.7087 108.864
-32.7655 108.839
-32.8261 108.815
-32.8819 108.792
-32.9429 108.77
-32.9967 108.748
-33.0564 108.724
-33.1144 108.699
-33.1771 108.675
-33.2322 108.652
-33.2928 108.624
-33.3494 108.598
-33.4128 108.572
-33.4698 108.547
-33.5331 108.524
-33.5903 108.501
-33.6545 108.475
-33.7128 108.45
-33.7702 108.427
-33.8236 108.404
-33.8807 108.379
-33.9283 108.357
-33.9788 108.338
-34.0285 108.317
-34.0807 108.298
-34.2964 108.199
-34.3575 108.181
-34.4108 108.161
-34.4654 108.145
-34.5137 108.128
-34.5704 108.109
-34.6207 108.089
-34.6773 108.069
-34.7293 108.049
-34.7848 108.027
-34.8355 108.005
-34.8905 107.984
-34.9401 107.963
-34.9949 107.944
-35.0478 107.922
-35.1014 107.904
-35.1497 107.886
-35.2054 107.867
-35.2556 107.847
-35.3143 107.826
-35.3673 107.805
-35.4217 107.786
-35.4707 107.767
-35.5226 107.751
-35.5647 107.737
-35.6119 107.724
-35.6572 107.708
-35.7063 107.691
-35.753 107.672
-35.8052 107.653
-35.8541 107.634
-35.9091 107.614
-35.9612 107.594
-36.019 107.573
-36.0762 107.551
-36.1391 107.528
-36.1973 107.505
-36.2567 107.486
-36.3123 107.466
-36.371 107.447
-36.4265 107.427
-36.4884 107.41
-36.5805 107.377
-36.6814 107.346
-36.7331 107.33
-36.8468 107.293
-36.9046 107.275
-36.964 107.259
-37.2941 107.125
-37.3756 107.117
-37.6528 107.046
-37.9186 106.965
-38.1162 106.917
-38.2474 106.882
-38.408 106.842
-38.529 106.809
-38.6642 106.773
-38.7704 106.743
-38.8804 106.715
-38.9666 106.691
-39.0656 106.667
-39.1451 106.645
-39.2366 106.625
-39.3104 106.607
-39.3938 106.588
-39.4644 106.57
-39.5382 106.552
-39.6014 106.534
-39.6729 106.515
-39.7346 106.497
-39.7994 106.478
-39.8562 106.459
-39.918 106.442
-39.9743 106.425
-40.0362 106.406
-40.095 106.387
-40.1605 106.367
-40.2197 106.348
-40.289 106.327
-40.3483 106.308
-40.4128 106.289
-40.4752 106.268
-40.5501 106.247
-40.8311 106.145
-40.9111 106.128
-40.9788 106.108
-41.0544 106.089
-41.1208 106.069
