0.0346845 -2.98668
0.0719306 -2.96881
0.18382 -2.91487
0.270789 -2.87073
0.449309 -2.78186
0.576928 -2.71534
0.78553 -2.61184
0.931797 -2.53554
1.14579 -2.42466
1.29098 -2.34625
1.48349 -2.24798
1.61706 -2.17608
1.78751 -2.08663
1.90818 -2.01904
2.05608 -1.93597
2.16322 -1.87145
2.28744 -1.79608
2.3769 -1.73842
2.47959 -1.67633
2.55559 -1.62675
2.64137 -1.56973
2.70741 -1.52261
2.78425 -1.47119
2.84059 -1.43142
2.90651 -1.38748
2.95999 -1.34829
3.01914 -1.30571
3.06691 -1.26881
3.11955 -1.2308
3.16321 -1.19669
3.21514 -1.15924
3.25859 -1.12519
3.30398 -1.08984
3.3436 -1.05674
3.38862 -1.02135
3.42857 -0.987429
3.47211 -0.952076
3.50937 -0.920022
3.55281 -0.885165
3.59116 -0.8523
3.63152 -0.819556
3.66712 -0.788716
3.70724 -0.75648
3.74309 -0.72547
3.78297 -0.691688
3.81956 -0.658719
3.85924 -0.626008
3.89418 -0.595224
3.93275 -0.564769
3.96863 -0.533609
4.00655 -0.499377
4.04136 -0.46647
4.0842 -0.42964
4.12528 -0.391693
4.17022 -0.348197
4.20911 -0.309632
4.25633 -0.266321
4.30099 -0.223184
4.34762 -0.18282
4.3876 -0.146081
4.43606 -0.102865
4.47897 -0.0623448
4.52775 -0.0189886
4.5727 0.0235722
4.62039 0.0678265
4.66297 0.109265
4.71323 0.155245
4.75904 0.19969
4.80847 0.245312
4.85095 0.286655
4.89968 0.328791
4.94454 0.370963
4.99153 0.411733
5.03121 0.448521
5.07683 0.489745
5.12049 0.532213
5.17026 0.576719
5.21238 0.616552
5.25641 0.657629
5.29412 0.694468
5.33976 0.734164
5.38005 0.772002
5.42326 0.814673
5.4629 0.855481
5.50961 0.901407
5.55178 0.944705
5.59746 0.989976
5.63869 1.03265
5.6815 1.07855
5.72262 1.12363
5.7692 1.17102
5.81049 1.21463
5.85616 1.26046
5.89889 1.30551
5.94519 1.35045
5.98863 1.39538
6.03645 1.44113
6.07775 1.48306
6.12436 1.52894
6.16727 1.57381
6.21403 1.62345
6.25476 1.66813
6.30109 1.71638
6.34526 1.76478
6.39603 1.81585
6.44236 1.86535
6.49365 1.91565
6.54028 1.96476
6.59168 2.01536
6.63809 2.06437
6.68996 2.11598
6.73732 2.16636
6.78987 2.21912
6.83555 2.26758
6.88687 2.3172
6.93517 2.36771
6.98742 2.41991
7.03285 2.46761
7.08125 2.51412
7.1257 2.5599
7.17461 2.60546
7.21786 2.64865
7.26627 2.69456
7.31211 2.74114
7.36346 2.78782
7.41119 2.83447
7.46377 2.88101
7.50985 2.92435
7.56441 2.96988
7.61469 3.01548
7.66903 3.0592
7.7189 3.10276
7.77788 3.14639
7.83169 3.19055
7.88899 3.23358
7.94028 3.27541
7.99722 3.31564
8.04995 3.35687
8.10924 3.39583
8.16178 3.43426
8.21808 3.47294
8.2707 3.51262
8.32786 3.55038
8.38113 3.58909
8.43812 3.62875
8.48863 3.66593
8.54725 3.70313
8.59935 3.73889
8.65289 3.77133
8.70477 3.80631
8.76547 3.84166
8.82204 3.87809
8.88619 3.9124
8.94381 3.94684
9.00654 3.98083
9.06477 4.01588
9.12708 4.04797
9.18318 4.08003
9.24715 4.11162
9.30425 4.14298
9.36737 4.1734
9.42335 4.20328
9.48402 4.23271
9.53915 4.26213
9.59866 4.29032
9.65181 4.31781
9.70959 4.34213
9.76504 4.36905
9.82473 4.39471
9.8734 4.41723
9.92995 4.43983
9.98073 4.46287
10.0347 4.48487
10.0854 4.50838
10.1374 4.53208
10.1871 4.5568
10.2411 4.58185
10.2887 4.60545
10.4802 4.70584
10.5312 4.73116
10.5896 4.75721
10.6421 4.78307
10.699 4.8098
10.7494 4.83506
10.802 4.85975
10.8495 4.8836
10.9064 4.90983
10.9579 4.9354
11.0159 4.96051
11.0678 4.98527
11.122 5.01141
11.1708 5.03641
11.2261 5.06326
11.2781 5.09023
11.3369 5.11808
11.3881 5.14394
11.4449 5.16993
11.4959 5.19524
11.5519 5.22234
11.6021 5.24819
11.6599 5.27728
11.7136 5.30577
11.7739 5.33475
11.8275 5.36222
11.8867 5.39213
11.9399 5.42038
11.9993 5.45051
12.0532 5.47926
12.1132 5.50851
12.1663 5.53596
12.2228 5.56325
12.2738 5.58947
12.3296 5.61671
12.3823 5.64424
12.4377 5.67318
12.4851 5.69881
12.5375 5.7245
12.5891 5.75172
12.644 5.77708
12.6923 5.80106
12.7402 5.82312
12.7862 5.84618
12.839 5.87376
12.926 5.9226
13.0213 5.97519
13.0705 6.00251
13.1159 6.02824
13.2227 6.08162
13.3624 6.1562
13.4325 6.19378
13.6303 6.2976
13.9992 6.49982
14.238 6.62333
14.3818 6.70019
14.554 6.78948
14.6789 6.85629
14.8184 6.92754
14.9243 6.98385
15.0436 7.0444
15.1363 7.09375
15.236 7.14712
15.3153 7.19132
15.4052 7.23801
15.4812 7.27982
15.5667 7.3209
15.6392 7.3587
15.7236 7.40141
15.7967 7.44127
15.8798 7.48352
15.9531 7.5238
16.0329 7.5666
16.1052 7.60799
16.185 7.65431
16.2578 7.69847
16.3394 7.7439
16.4115 7.78632
16.4912 7.83093
16.5634 7.87365
16.6413 7.91473
16.7119 7.9549
16.7879 7.99547
16.8561 8.03466
16.9301 8.0768
16.9987 8.11829
17.0683 8.15983
17.13 8.19837
17.1979 8.2401
17.2578 8.27848
17.3212 8.31821
17.3805 8.35698
17.4473 8.39904
17.5067 8.43797
17.5713 8.47682
17.6287 8.51345
17.6952 8.55189
17.7559 8.58987
17.8183 8.62712
17.8741 8.66277
17.9387 8.70217
17.9981 8.74105
18.059 8.77853
18.1155 8.81592
18.1754 8.85431
18.2272 8.88932
18.2849 8.9271
18.3385 8.96439
18.3962 9.0038
18.4471 9.04012
18.5027 9.07742
18.5523 9.11245
18.6066 9.14998
18.6579 9.18734
18.7143 9.22552
18.7644 9.26149
18.8217 9.30054
18.8754 9.33968
18.9367 9.38342
18.9895 9.42292
19.0468 9.46562
19.1013 9.50801
19.1601 9.55318
19.2144 9.59637
19.2747 9.64544
19.3307 9.69196
19.3917 9.73818
19.4448 9.78012
19.5039 9.82327
19.5579 9.86518
19.6183 9.90922
19.6735 9.95221
19.7359 9.99723
19.7914 10.04
19.8539 10.0874
19.9087 10.1313
19.9695 10.1762
20.0276 10.2226
20.0904 10.2733
20.1452 10.3196
20.2021 10.3664
20.2541 10.4113
20.3151 10.459
20.3685 10.5034
20.4245 10.55
20.4755 10.5945
20.5296 10.6418
20.5794 10.6871
20.631 10.7353
20.6794 10.7815
20.7304 10.8289
20.7772 10.8735
20.8274 10.9179
20.8701 10.9572
20.9195 11.0015
20.9664 11.0454
21.0191 11.0926
21.0684 11.1389
21.1222 11.1848
21.1697 11.2281
21.2195 11.2704
21.2633 11.3101
21.3111 11.3536
21.3536 11.3943
21.4038 11.4399
21.4499 11.4843
21.5005 11.5317
21.5465 11.5769
21.5931 11.6227
21.6333 11.6635
21.6817 11.7093
21.7269 11.7545
21.7741 11.7989
21.8135 11.8379
21.858 11.8796
21.8992 11.921
21.945 11.9653
21.9866 12.008
22.0338 12.0544
22.0761 12.0982
22.1224 12.1466
22.1649 12.1927
22.2132 12.2417
22.2573 12.2889
22.304 12.3375
22.3461 12.3835
22.393 12.4304
22.435 12.4753
22.4803 12.521
22.5231 12.5677
22.5687 12.6148
22.6068 12.6564
22.6507 12.7043
22.6918 12.7517
22.7376 12.8018
22.7787 12.8492
22.8258 12.8996
22.8683 12.9482
22.9161 13.0025
22.9574 13.0514
23.0031 13.1042
23.0468 13.1572
23.0939 13.2119
23.1365 13.264
23.1846 13.3201
23.2286 13.3742
23.2762 13.4306
23.3182 13.483
23.3643 13.54
23.4047 13.5922
23.448 13.6446
23.486 13.6932
23.5308 13.7511
23.5721 13.8067
23.6166 13.8637
23.6574 13.9186
23.7033 13.9767
23.7428 14.0295
23.7872 14.0872
23.8269 14.1419
23.8717 14.2006
23.9118 14.2563
23.9563 14.3163
23.9961 14.3729
24.0395 14.4348
24.078 14.4923
24.1198 14.5535
24.1576 14.6115
24.1996 14.6712
24.2363 14.7267
24.2781 14.7858
24.3146 14.841
24.3546 14.898
24.3914 14.9545
24.4321 15.0163
24.6164 15.3458
24.6485 15.4058
24.7462 15.5933
24.8111 15.7258
24.8965 15.8943
24.9578 16.023
25.0282 16.1717
25.08 16.2887
25.1363 16.4222
25.1786 16.5293
25.2266 16.6469
25.2632 16.7439
25.3036 16.8466
25.3353 16.9356
25.3722 17.0355
25.4008 17.1224
25.4316 17.2201
25.4554 17.3038
25.4809 17.3901
25.5012 17.4681
25.5237 17.5495
25.5413 17.6219
25.5607 17.706
25.5757 17.78
25.5928 17.8628
25.6061 17.9382
25.6203 18.0214
25.6312 18.0958
25.6425 18.1773
25.651 18.251
25.6593 18.3288
25.6652 18.3996
25.6712 18.4828
25.6749 18.5569
25.6781 18.635
25.678 18.9355
25.673 19.025
25.6466 19.3362
25.6316 19.4363
25.5711 19.8217
25.5547 19.929
25.5416 20.0039
25.5294 20.0677
25.4919 20.2821
25.4635 20.4341
25.4276 20.6365
25.399 20.7847
25.3666 20.96
25.3414 21.087
25.3153 21.2279
25.2939 21.3336
25.2717 21.4499
25.253 21.5391
25.2334 21.6389
25.2148 21.7223
25.1946 21.8146
25.1765 21.8904
25.1585 21.971
25.1422 22.0382
25.1248 22.1151
25.1075 22.1834
25.0896 22.2589
25.0715 22.3275
25.0531 22.4043
25.0356 22.4706
25.0185 22.5428
25.0006 22.6088
24.9849 22.6769
24.968 22.7396
24.9506 22.8113
24.9323 22.8768
24.9149 22.9509
24.8962 23.0185
24.8779 23.0923
24.8592 23.1581
24.8403 23.2294
24.8209 23.2945
24.8015 23.3667
24.7817 23.4318
24.7635 23.4996
24.7445 23.5619
24.7255 23.6315
24.7054 23.6958
24.6854 23.7682
24.6633 23.8371
24.6413 23.91
24.6191 23.9766
24.5966 24.0511
24.5733 24.12
24.5513 24.1931
24.5289 24.2593
24.5071 24.3316
24.4845 24.3981
24.4621 24.4699
24.4407 24.5322
24.4203 24.5979
24.3995 24.6579
24.379 24.7239
24.3584 24.7827
24.3371 24.8476
24.3159 24.9056
24.2936 24.973
24.2703 25.0354
24.2489 25.0999
24.2275 25.1573
24.2059 25.2237
24.1836 25.2839
24.1626 25.3495
24.1397 25.4106
24.1173 25.4769
24.0948 25.536
24.072 25.6022
24.0486 25.6626
24.0263 25.728
24.0033 25.7879
23.9802 25.8551
23.958 25.9135
23.9358 25.9768
23.9126 26.0352
23.8903 26.0975
23.8678 26.1538
23.844 26.2183
23.8201 26.2768
23.7973 26.3364
23.7786 26.3827
23.7565 26.4402
23.7318 26.4981
23.7083 26.5577
23.6866 26.6092
23.6629 26.6665
23.6398 26.7191
23.6169 26.7779
23.5949 26.8298
23.5737 26.8836
23.5529 26.9321
23.531 26.9833
23.5105 27.0283
23.4907 27.0763
23.4708 27.1207
23.4507 27.1693
23.4302 27.2149
23.4064 27.2675
23.383 27.3163
23.3605 27.3654
23.3388 27.4104
23.3161 27.4598
23.2931 27.5068
23.2685 27.5601
23.2431 27.6118
23.2156 27.6694
23.1886 27.7233
23.1592 27.7837
23.1306 27.8398
23.1004 27.903
23.0697 27.9633
23.0376 28.0301
23.0045 28.0947
22.9695 28.1637
22.9341 28.2304
22.8935 28.3114
22.8532 28.3875
22.8119 28.4698
22.773 28.5432
22.7347 28.6197
22.6954 28.6927
22.6548 28.7734
22.6167 28.8444
22.578 28.9209
22.5391 28.9922
22.4995 29.0685
22.4612 29.1377
22.4208 29.2162
22.3814 29.2875
22.34 29.3698
22.2994 29.4442
22.2604 29.5216
22.2224 29.5914
22.186 29.6683
22.1499 29.738
22.116 29.8114
22.0832 29.8765
22.05 29.9491
22.0167 30.0156
21.9851 30.0872
21.9529 30.1531
21.922 30.2211
21.8918 30.2824
21.8625 30.347
21.833 30.4069
21.8048 30.4726
21.7771 30.5318
21.7494 30.5986
21.7194 30.6636
21.6918 30.7297
21.6633 30.7921
21.6367 30.8601
21.6085 30.9245
21.5788 30.9991
21.549 31.0675
21.5204 31.1408
21.4923 31.207
21.4642 31.2814
21.4344 31.3527
21.4085 31.4274
21.3831 31.4935
21.359 31.5678
21.3319 31.64
21.3067 31.7182
21.2809 31.7892
21.2559 31.8655
21.2306 31.935
21.2074 32.0094
21.1832 32.0782
21.1605 32.1557
21.1364 32.2272
21.1154 32.3038
21.0927 32.3749
21.0722 32.4511
21.0501 32.5219
21.0283 32.6033
21.0054 32.6776
20.9855 32.7564
20.9641 32.8292
20.9432 32.91
20.9209 32.9851
20.9003 33.0652
20.8795 33.1368
20.8606 33.2157
20.8402 33.2889
20.8219 33.3658
20.8029 33.4352
20.7826 33.5133
20.7621 33.5838
20.7408 33.6642
20.7192 33.7376
20.6981 33.8156
20.6766 33.8877
20.6538 33.9665
20.6316 34.038
20.6103 34.1161
20.5893 34.1866
20.5697 34.2621
20.5501 34.3301
20.5335 34.4009
20.5164 34.4641
20.5009 34.5284
20.4847 34.5867
20.4717 34.6462
20.4409 34.7491
20.426 34.8157
20.4092 34.877
20.3915 34.9463
20.3732 35.01
20.355 35.0781
20.3363 35.1415
20.3 35.2674
20.2826 35.3283
20.2657 35.3954
20.2483 35.4554
20.2321 35.5217
20.2155 35.5811
20.1996 35.6493
20.1841 35.7074
20.1699 35.7688
20.1549 35.8247
20.1376 35.89
20.1195 35.9515
20.1036 36.0149
20.0866 36.0744
20.0694 36.1383
20.051 36.1998
20.033 36.2711
19.9344 36.5789
19.9167 36.6719
19.8968 36.7504
19.839 36.9733
19.8199 37.0502
19.8021 37.1356
19.7827 37.2121
19.7617 37.2997
19.7406 37.3781
19.7209 37.4611
19.7005 37.5367
19.6816 37.6142
19.662 37.6856
19.642 37.7643
19.6226 37.8342
19.6004 37.9141
19.5782 37.9886
19.5564 38.0684
19.5353 38.1403
19.5146 38.2125
19.4951 38.2766
19.4753 38.3486
19.4556 38.4139
19.4343 38.4889
19.4132 38.5576
19.3925 38.6324
19.3717 38.7014
19.3507 38.7758
19.3308 38.8412
19.3118 38.9109
19.2915 38.9781
19.2715 39.0473
19.2532 39.1066
19.2344 39.1718
19.2155 39.2322
19.1977 39.2997
19.1786 39.3636
19.161 39.4332
19.1439 39.4933
19.1269 39.5583
19.0359 39.8263
19.0159 39.9027
18.8622 40.3247
18.8361 40.4194
18.7078 40.7474
18.6778 40.8435
18.6493 40.9203
18.3925 41.5294
18.3307 41.6638
18.2949 41.7547
18.2638 41.8261
18.2329 41.9008
18.2043 41.9644
18.1743 42.0337
18.1461 42.0943
18.1183 42.1583
18.0904 42.2176
18.0595 42.2842
18.0307 42.3429
18.0047 42.4007
17.9793 42.4531
17.9518 42.5116
17.9256 42.5639
17.897 42.6217
17.8698 42.6739
17.8418 42.7319
17.8131 42.7873
17.7833 42.8474
17.7551 42.9008
17.7264 42.9597
17.697 43.0155
17.6662 43.0759
17.6367 43.1305
17.6051 43.1911
17.5756 43.2452
17.5441 43.3057
17.5134 43.3618
17.483 43.421
17.4544 43.4739
17.4237 43.5345
17.3938 43.5901
17.3633 43.6478
17.3344 43.6999
17.3034 43.7582
17.2747 43.8102
17.2459 43.8657
17.2173 43.9177
17.1875 43.9756
17.159 44.0283
17.1291 44.0854
17.1023 44.1347
17.0781 44.1852
17.0525 44.2345
17.0282 44.2851
17.0047 44.3309
16.9785 44.3862
16.9524 44.4376
16.9268 44.4933
16.9025 44.5427
16.88 44.5966
16.8571 44.6461
16.8349 44.6993
16.8131 44.7467
16.7923 44.7975
16.7703 44.8455
16.7471 44.8996
16.724 44.9494
16.7001 45.0051
16.6778 45.0535
16.6578 45.104
16.638 45.1491
16.62 45.1975
16.6006 45.243
16.5808 45.2946
16.5608 45.3414
16.5405 45.395
16.5193 45.4446
16.4978 45.5014
16.4757 45.5534
16.4518 45.6117
16.4294 45.6624
16.4079 45.7179
16.3847 45.7714
16.3633 45.8256
16.3416 45.8756
16.3202 45.9296
16.2993 45.9779
16.2784 46.03
16.2572 46.0783
16.2353 46.1321
16.2152 46.1782
16.1959 46.2265
16.1755 46.273
16.1567 46.3226
16.137 46.3691
16.1171 46.423
16.0977 46.4705
16.0778 46.5195
16.0587 46.5632
16.0398 46.6142
16.0204 46.661
16.0004 46.714
15.9801 46.7625
15.9598 46.817
15.9391 46.8668
15.9155 46.9246
15.891 46.9795
15.8663 47.0389
15.8417 47.0939
15.8169 47.1545
15.7915 47.2116
15.7678 47.2716
15.7443 47.3258
15.7213 47.3848
15.6968 47.4413
15.6737 47.5012
15.6491 47.5581
15.6229 47.6211
15.597 47.6789
15.5723 47.7411
15.5485 47.7958
15.5251 47.8551
15.5012 47.91
15.4782 47.9667
15.4557 48.0179
15.4335 48.0707
15.4112 48.1195
15.3883 48.1748
15.3646 48.2268
15.3394 48.2846
15.3143 48.3384
15.2868 48.3982
15.2614 48.451
15.2328 48.5127
15.2047 48.5706
15.1742 48.6341
15.146 48.6912
15.1182 48.7508
15.0923 48.8041
15.0663 48.8635
15.0414 48.917
15.0165 48.9753
14.9918 49.0289
14.966 49.0906
14.9389 49.1498
14.9102 49.2157
14.8841 49.272
14.858 49.335
14.8306 49.3949
14.8046 49.459
14.7788 49.517
14.7515 49.5838
14.7235 49.6463
14.6967 49.7114
14.6715 49.7679
14.6431 49.8307
14.6148 49.8895
14.587 49.9511
14.561 50.0056
14.536 50.0631
14.5102 50.1178
14.4829 50.1795
14.4557 50.2366
14.4295 50.2958
14.4059 50.346
14.379 50.4054
14.3516 50.4621
14.3232 50.5254
14.2945 50.5847
14.2653 50.6507
14.2365 50.711
14.2047 50.7794
14.1739 50.8418
14.1435 50.9084
14.1139 50.9692
14.0831 51.0372
14.0539 51.0976
14.0242 51.1656
13.9951 51.2272
13.9672 51.2924
13.9398 51.3511
13.9145 51.4118
13.8885 51.4679
13.8601 51.5325
13.8306 51.594
13.8005 51.6601
13.7708 51.7209
13.7406 51.7882
13.7111 51.8495
13.6808 51.9156
13.6522 51.9743
13.624 52.0367
13.5974 52.0917
13.5691 52.1528
13.5409 52.2095
13.5144 52.2687
13.4886 52.3223
13.4634 52.3811
13.4386 52.434
13.412 52.4921
13.3843 52.5481
13.3578 52.6072
13.3328 52.659
13.3074 52.716
13.2818 52.7687
13.257 52.8256
13.2313 52.8794
13.2063 52.936
13.1833 52.9844
13.1604 53.0372
13.137 53.0864
13.1128 53.1417
13.0877 53.194
13.063 53.2488
13.0388 53.2987
13.013 53.3562
12.9878 53.4083
12.9628 53.4622
12.938 53.5121
12.9122 53.5707
12.888 53.6214
12.8627 53.6769
12.8393 53.7249
12.8154 53.7769
12.7925 53.8235
12.7672 53.8789
12.7411 53.9317
12.7166 53.9858
12.692 54.0364
12.669 54.0892
12.6451 54.1395
12.6182 54.2002
12.5939 54.2517
12.5687 54.3087
12.5434 54.3619
12.5173 54.4205
12.492 54.474
12.4687 54.5321
12.4461 54.5835
12.4255 54.6382
12.4034 54.6899
12.3789 54.7509
12.3547 54.8061
12.3059 54.9214
12.2799 54.9826
12.2566 55.0474
12.2335 55.1045
12.2124 55.1658
12.1889 55.2246
12.1661 55.2886
12.1436 55.3456
12.121 55.4078
12.0975 55.4659
12.0753 55.5296
12.0518 55.5892
12.0297 55.6504
12.0075 55.7061
11.9826 55.7664
11.96 55.8186
11.9398 55.8746
11.9191 55.9264
11.8987 55.983
11.8771 56.037
11.8542 56.0969
11.8329 56.1493
11.8115 56.2094
11.7885 56.2677
11.7661 56.3305
11.7434 56.3885
11.7213 56.4508
11.6984 56.5091
11.6753 56.572
11.6519 56.6303
11.6262 56.6947
11.6 56.7565
11.5737 56.8229
11.5485 56.8831
11.5217 56.9506
11.495 57.0138
11.4656 57.0854
11.4379 57.1492
11.4117 57.2162
11.3851 57.2789
11.3579 57.3447
11.3306 57.4065
11.299 57.4805
11.1886 57.7082
11.1411 57.8292
11.041 58.0424
10.9583 58.2556
10.9112 58.3666
10.8821 58.4507
10.8535 58.5217
10.7617 58.7325
10.6472 58.9758
10.6206 59.0579
10.5943 59.1251
10.4941 59.3686
10.3931 59.5928
10.3399 59.7407
10.3143 59.8098
10.2894 59.8858
10.2634 59.9545
10.2384 60.0318
10.2134 60.0998
10.1881 60.1754
10.1628 60.2426
10.138 60.314
10.1139 60.3769
10.0871 60.4498
10.0597 60.518
10.0363 60.5872
10.0131 60.6489
9.98797 60.7169
9.96256 60.7801
9.93867 60.8463
9.91649 60.9034
9.89255 60.9695
9.86934 61.0286
9.84692 61.0913
9.82406 61.1496
9.80208 61.2125
9.78111 61.2674
9.75837 61.331
9.7348 61.3911
9.71182 61.4557
9.68918 61.5141
9.66689 61.5768
9.64534 61.6326
9.62204 61.6954
9.6002 61.7502
9.57941 61.8086
9.55813 61.8627
9.53743 61.9188
9.51859 61.9664
9.49964 62.0161
9.48135 62.0607
9.46205 62.1111
9.441 62.1614
9.41925 62.2169
9.39695 62.2695
9.37421 62.3253
9.35272 62.375
9.33035 62.4267
9.30952 62.4728
9.28791 62.5223
9.2671 62.5678
9.24565 62.6206
9.22285 62.6724
9.20012 62.7294
9.17765 62.7812
9.15379 62.8391
9.12965 62.8932
9.10361 62.9518
9.0765 63.009
9.04908 63.0692
9.02328 63.1232
8.99707 63.182
8.97049 63.2378
8.94174 63.3011
8.91332 63.3598
8.88691 63.4206
8.86019 63.4776
8.83283 63.5371
8.80425 63.5955
8.77626 63.6585
8.74718 63.7191
8.7177 63.7834
8.68871 63.8428
8.65851 63.9068
8.63011 63.9638
8.59865 64.0298
8.56613 64.0938
8.53262 64.1656
8.49958 64.2317
8.46559 64.3041
8.43111 64.3724
8.39609 64.4456
8.3635 64.5098
8.32814 64.584
8.29335 64.652
8.25639 64.7261
8.22234 64.7907
8.18644 64.8602
8.15093 64.9254
8.1121 64.9981
8.07483 65.0648
8.0375 65.138
8.00222 65.2033
7.96481 65.2753
7.92938 65.3396
7.89336 65.4097
7.85652 65.4765
7.81869 65.5476
7.76534 65.6397
7.71311 65.7358
7.67663 65.8022
7.64063 65.873
7.60488 65.9389
7.56899 66.0068
7.53319 66.0715
7.50002 66.1393
7.46623 66.2038
7.43546 66.2698
7.40373 66.3326
7.37333 66.4015
7.34188 66.4666
7.31066 66.5368
7.27997 66.6009
7.25246 66.6682
7.22349 66.7319
7.19239 66.8035
7.16114 66.8701
7.13183 66.9397
7.10288 67.003
7.07426 67.0711
7.04494 67.135
7.01571 67.2056
6.9867 67.2701
6.95664 67.3433
6.92799 67.4078
6.90015 67.4786
6.87115 67.545
6.84358 67.6153
6.81653 67.6781
6.79052 67.7456
6.76345 67.8086
6.73645 67.8777
6.70956 67.9404
6.68054 68.0101
6.65133 68.0752
6.6231 68.1438
6.59472 68.2077
6.56608 68.2757
6.53828 68.3377
6.50975 68.4066
6.4792 68.4749
6.45075 68.5503
6.42252 68.6184
6.3942 68.6921
6.36396 68.7633
6.33209 68.8453
6.29811 68.9251
6.26904 69.0058
6.23927 69.0801
6.21023 69.1603
6.18084 69.2334
6.15086 69.3143
6.12011 69.3895
6.09118 69.4666
6.06295 69.5356
6.03427 69.6113
6.00549 69.6808
5.97608 69.7543
5.94645 69.823
5.91451 69.8993
5.88336 69.9695
5.852 70.0459
5.82137 70.116
5.79057 70.1936
5.7609 70.2631
5.7322 70.3388
5.70303 70.4086
5.67563 70.4834
5.64799 70.5512
5.62013 70.6255
5.59268 70.6918
5.56466 70.7628
5.53646 70.8278
5.50936 70.894
5.48111 70.9569
5.45178 71.0276
5.42202 71.0933
5.39025 71.1661
5.35914 71.2324
5.32783 71.3043
5.2981 71.3678
5.26731 71.4369
5.23807 71.4979
5.20848 71.5639
5.18042 71.6221
5.1504 71.6877
5.11906 71.7503
5.08789 71.8175
5.0575 71.8782
5.0252 71.9435
4.99465 72.0017
4.96267 72.0669
4.93239 72.1247
4.90101 72.1874
4.86837 72.2477
4.83589 72.3099
4.80562 72.365
4.77346 72.4264
4.74242 72.4822
4.71044 72.5432
4.67947 72.5987
4.64736 72.6576
4.61535 72.7131
4.57996 72.7753
4.54778 72.8301
4.51495 72.8909
4.48427 72.945
4.44889 73.0094
4.41437 73.0691
4.38088 73.1307
4.34725 73.1893
4.31242 73.2537
4.2786 73.313
4.24252 73.3748
4.20907 73.4305
4.17309 73.4932
4.13997 73.5493
4.10763 73.6111
4.0749 73.6698
4.04312 73.7333
4.01059 73.7936
3.97718 73.8616
3.94436 73.9238
3.91167 73.9896
3.88063 74.0487
3.8493 74.1139
3.81847 74.1742
3.79002 74.2395
3.76305 74.2969
3.73762 74.3603
3.71199 74.418
3.68847 74.4793
3.66496 74.5344
3.64217 74.5911
3.61834 74.6452
3.59426 74.7077
3.56839 74.7683
3.47381 75.002
3.45264 75.0638
3.43283 75.1314
3.41178 75.1919
3.39182 75.2553
3.37099 75.314
3.35445 75.3748
3.33657 75.4307
3.31832 75.4966
3.29951 75.5552
3.28021 75.6209
3.25923 75.6828
3.24177 75.7481
3.22266 75.8082
3.20188 75.876
3.17996 75.9393
3.1576 76.0103
3.13462 76.0753
3.10938 76.1469
3.08507 76.2112
3.06183 76.2791
3.03764 76.3437
3.01431 76.4119
2.99006 76.4765
2.96573 76.5504
2.94093 76.6184
2.91749 76.6891
2.89372 76.7536
2.86877 76.8239
2.84504 76.8853
2.82101 76.9545
2.79767 77.0154
2.77655 77.0791
2.75405 77.1384
2.73294 77.1991
2.71097 77.2552
2.68655 77.3191
2.66348 77.3749
2.64116 77.4354
2.61833 77.491
2.59443 77.5499
2.57057 77.6044
2.54739 77.6588
2.5266 77.7053
2.50566 77.7573
2.39121 77.987
2.36503 78.0519
2.34247 78.1021
2.27635 78.25
2.21511 78.3775
2.16877 78.4899
2.05715 78.7143
2.03668 78.7886
1.9774 78.9225
1.95598 78.9894
1.84739 79.2183
1.79319 79.3515
1.7651 79.4168
1.68599 79.5933
1.6584 79.6558
1.6301 79.7215
1.60517 79.7759
1.57889 79.8382
1.55405 79.8932
1.52813 79.9512
1.50442 80.0017
1.47708 80.0612
1.45129 80.1146
1.4255 80.1703
1.40122 80.2204
1.37667 80.2748
1.3517 80.3268
1.32572 80.3825
1.30068 80.4337
1.27341 80.4917
1.24678 80.5457
1.21912 80.6044
1.1917 80.6598
1.16588 80.7172
1.13963 80.7717
1.11162 80.8277
1.08457 80.8802
1.05397 80.9386
1.02623 80.9905
0.912056 81.2277
0.887442 81.2812
0.862554 81.3381
0.839693 81.3865
0.817265 81.4427
0.79626 81.4906
0.774967 81.5416
0.754091 81.5875
0.734495 81.6365
0.716295 81.6783
0.698169 81.7266
0.676913 81.7754
0.655552 81.833
0.634326 81.884
0.613511 81.9401
0.591763 81.9919
0.569834 82.0489
0.547472 82.1012
0.525015 82.1615
0.502327 82.2161
0.47998 82.2766
0.456016 82.3342
0.433799 82.3962
0.408905 82.4567
0.384332 82.5209
0.358636 82.5816
0.334022 82.6451
0.308904 82.7045
0.283737 82.7719
0.25815 82.8343
0.233495 82.9027
0.209342 82.9636
0.18614 83.0305
0.161466 83.0938
0.136497 83.1668
0.111267 83.233
0.0886984 83.3029
0.0650688 83.3673
0.0445456 83.4359
0.0234817 83.4971
0.00100132 83.5668
-0.0218071 83.63
-0.0465079 83.6997
-0.0713337 83.7645
-0.0946622 83.8307
-0.116448 83.8886
-0.139197 83.9539
-0.162145 84.0146
-0.182418 84.0764
-0.201898 84.1305
-0.223737 84.1931
-0.24674 84.2533
-0.268807 84.3167
-0.291827 84.377
-0.315906 84.4443
-0.33898 84.5042
-0.361775 84.5676
-0.384873 84.6267
-0.409182 84.6928
-0.433154 84.7532
-0.457441 84.8174
-0.482319 84.8784
-0.508695 84.9458
-0.53512 85.0088
-0.565303 85.0837
-0.596415 85.156
-0.628608 85.2339
-0.659139 85.3038
-0.690089 85.3796
-0.719977 85.4483
-0.750397 85.5219
-0.779989 85.5887
-0.811602 85.6634
-0.842562 85.732
-0.871535 85.8028
-0.899134 85.8653
-0.927793 85.9335
-0.955514 85.9946
-0.984045 86.0615
-1.01091 86.1202
-1.03895 86.1823
-1.06616 86.2391
-1.0921 86.2978
-1.11656 86.3495
-1.14271 86.4086
-1.16847 86.4625
-1.19694 86.5224
-1.2249 86.5778
-1.25653 86.64
-1.28675 86.6971
-1.31689 86.7636
-1.34733 86.8253
-1.38026 86.8917
-1.41138 86.9513
-1.44311 87.0153
-1.4736 87.0734
-1.50626 87.1381
-1.53849 87.1986
-1.57177 87.2643
-1.60031 87.3185
-1.62729 87.3722
-1.65452 87.4234
-1.68413 87.4824
-1.71219 87.5355
-1.73993 87.5949
-1.76768 87.6496
-1.79322 87.7071
-1.81848 87.7588
-1.84496 87.8167
-1.87035 87.868
-1.89729 87.9268
-1.92483 87.9816
-1.95635 88.0444
-1.98802 88.104
-2.01877 88.1675
-2.05058 88.2286
-2.08311 88.2956
-2.11402 88.3554
-2.14427 88.4214
-2.17285 88.4793
-2.20239 88.5428
-2.23321 88.6035
-2.26462 88.6673
-2.29528 88.7259
-2.32684 88.7888
-2.3562 88.8447
-2.38551 88.9067
-2.41333 88.9618
-2.44081 89.0223
-2.46807 89.0777
-2.49559 89.1395
-2.5225 89.1951
-2.54914 89.2543
-2.57473 89.3072
-2.60153 89.3653
-2.62665 89.4165
-2.65167 89.4729
-2.67622 89.5242
-2.70234 89.5842
-2.72954 89.6415
-2.75632 89.702
-2.78232 89.7569
-2.81003 89.8182
-2.83707 89.8745
-2.86397 89.9349
-2.89124 89.9922
-2.91823 90.0584
-2.94708 90.1225
-2.97513 90.1908
-3.00316 90.2536
-3.032 90.327
-3.06049 90.3934
-3.08709 90.4623
-3.11329 90.5243
-3.13704 90.5864
-3.16167 90.6449
-3.18547 90.709
-3.20747 90.7637
-3.22861 90.8237
-3.2506 90.8792
-3.27169 90.9378
-3.29154 90.9883
-3.30977 91.0404
-3.32854 91.0886
-3.34753 91.1448
-3.36757 91.1972
-3.38953 91.257
-3.41076 91.3106
-3.4287 91.3663
-3.44796 91.4186
-3.465 91.478
-3.48399 91.5335
-3.50132 91.5952
-3.51925 91.6501
-3.53721 91.7082
-3.55665 91.7633
-3.575 91.8243
-3.59374 91.8795
-3.61268 91.9419
-3.63076 91.9959
-3.64915 92.0558
-3.6684 92.1119
-3.68995 92.173
-3.71171 92.2313
-3.73138 92.2938
-3.75112 92.3512
-3.76915 92.4153
-3.78571 92.4689
-3.80186 92.526
-3.81912 92.5798
-3.83638 92.6408
-3.85565 92.7
-3.87412 92.761
-3.89227 92.8157
-3.91045 92.8769
-3.92976 92.9346
-3.94925 92.9981
-3.96859 93.0552
-3.98786 93.117
-4.00662 93.1717
-4.02475 93.2303
-4.10229 93.4286
-4.12528 93.4978
-4.14789 93.5579
-4.17222 93.6313
-4.19675 93.6979
-4.22358 93.7699
-4.24851 93.8329
-4.27446 93.9018
-4.29974 93.9647
-4.32458 94.0331
-4.34908 94.0952
-4.37397 94.1608
-4.39893 94.2217
-4.42399 94.288
-4.44767 94.3463
-4.47396 94.4119
-4.50054 94.4738
-4.52773 94.5404
-4.55358 94.6
-4.57858 94.6642
-4.60249 94.7209
-4.62933 94.7832
-4.65531 94.8405
-4.68158 94.902
-4.70793 94.96
-4.73706 95.027
-4.76546 95.0887
-4.7945 95.156
-4.82177 95.2156
-4.84696 95.2767
-4.87284 95.3342
-4.90062 95.4002
-4.9274 95.4592
-4.95282 95.5232
-4.97799 95.5806
-5.00598 95.6445
-5.03437 95.7046
-5.06519 95.7721
-5.09565 95.8345
-5.12499 95.9006
-5.15354 95.9601
-5.18528 96.0261
-5.30043 96.2411
-5.42568 96.4787
-5.56913 96.7346
-5.60549 96.8171
-5.63769 96.8818
-5.76248 97.1258
-5.88165 97.3418
-5.91622 97.4205
-6.05287 97.6743
-6.10717 97.7936
-6.13488 97.8524
-6.21276 98.0223
-6.30202 98.2046
-6.32334 98.2704
-6.34643 98.3272
-6.36923 98.3892
-6.39201 98.4442
-6.4135 98.5041
-6.4358 98.5588
-6.45711 98.6191
-6.47902 98.6737
-6.49785 98.732
-6.51718 98.7837
-6.53667 98.8399
-6.5573 98.8923
-6.5785 98.9541
-6.59894 99.0078
-6.61838 99.0647
-6.63869 99.1174
-6.65794 99.1772
-6.67969 99.2354
-6.7028 99.3004
-6.72401 99.356
-6.74215 99.4138
-6.76197 99.4688
-6.78256 99.5296
-6.80221 99.5829
-6.81971 99.639
-6.83716 99.6889
-6.85355 99.7409
-6.87136 99.7906
-6.88908 99.8427
-6.90722 99.8913
-6.92482 99.9466
-6.94341 99.9984
-6.96107 100.053
-6.97883 100.102
-6.99756 100.157
-7.0176 100.21
-7.04008 100.266
-7.06251 100.319
-7.08823 100.382
-7.11286 100.439
-7.13862 100.502
-7.16262 100.558
-7.18555 100.617
-7.20865 100.673
-7.23279 100.737
-7.25667 100.795
-7.28186 100.858
-7.30568 100.913
-7.33003 100.971
-7.35467 101.026
-7.38052 101.086
-7.40347 101.137
-7.42327 101.19
-7.44409 101.24
-7.4668 101.299
-7.48946 101.352
-7.51127 101.408
-7.53478 101.461
-7.56032 101.523
-7.58865 101.585
-7.61593 101.651
-7.64246 101.709
-7.67127 101.773
-7.70219 101.836
-7.73602 101.909
-7.76819 101.974
-7.80491 102.045
-7.84013 102.112
-7.87491 102.186
-7.90835 102.252
-7.9436 102.323
-7.97811 102.389
-8.01137 102.458
-8.04231 102.518
-8.07489 102.585
-8.10505 102.643
-8.13541 102.706
-8.16743 102.767
-8.20313 102.837
-8.23839 102.902
-8.27364 102.971
-8.30806 103.034
-8.34567 103.104
-8.38173 103.168
-8.4195 103.238
-8.45621 103.303
-8.49423 103.37
-8.53093 103.433
-8.56921 103.504
-8.6052 103.566
-8.64222 103.631
-8.67834 103.691
-8.71466 103.755
-8.75034 103.814
-8.78963 103.882
-8.82551 103.94
-8.86346 104.005
-8.90122 104.066
-8.94092 104.131
-8.97875 104.191
-9.01947 104.255
-9.05903 104.314
-9.1028 104.381
-9.14232 104.439
-9.18495 104.506
-9.22733 104.569
-9.27372 104.639
-9.31872 104.705
-9.36843 104.778
-9.41332 104.843
-9.45954 104.913
-9.50409 104.977
-9.55088 105.046
-9.59702 105.112
-9.64269 105.181
-9.68446 105.242
-9.72959 105.311
-9.773 105.373
-9.81637 105.442
-9.85824 105.503
-9.90177 105.571
-9.94265 105.63
-9.98306 105.69
-10.0215 105.744
-10.0624 105.804
-10.1025 105.86
-10.1456 105.924
-10.1895 105.986
-10.2339 106.052
-10.2739 106.108
-10.3193 106.175
-10.3637 106.237
-10.4043 106.3
-10.4428 106.356
-10.4806 106.415
-10.5157 106.466
-10.5486 106.518
-10.5814 106.566
-10.6145 106.618
-10.646 106.664
-10.6809 106.716
-10.7116 106.76
-10.7438 106.808
-10.7758 106.852
-10.8089 106.9
-10.8396 106.942
-10.8761 106.991
-10.9121 107.036
-10.9494 107.084
-10.9832 107.127
-11.0149 107.171
-11.0458 107.212
-11.0798 107.26
-11.115 107.306
-11.1521 107.356
-11.188 107.401
-11.2277 107.451
-11.2638 107.495
-11.2998 107.544
-11.3353 107.59
-11.3735 107.642
-11.4094 107.688
-11.4456 107.735
-11.48 107.778
-11.5161 107.823
-11.5511 107.865
-11.589 107.914
-11.6264 107.96
-11.6661 108.011
-11.7057 108.059
-11.7451 108.11
-11.7813 108.155
-11.8238 108.207
-11.8644 108.254
-11.9073 108.303
-11.9469 108.347
-11.9889 108.397
-12.0294 108.443
-12.0689 108.49
-12.1043 108.53
-12.1423 108.576
-12.1803 108.619
-12.2203 108.664
-12.2557 108.702
-12.2931 108.748
-12.3291 108.79
-12.3673 108.834
-12.4028 108.873
-12.4413 108.915
-12.4795 108.954
-12.5231 109
-12.5641 109.042
-12.6076 109.088
-12.6472 109.128
-12.6903 109.175
-12.7312 109.216
-12.7753 109.264
-12.8159 109.305
-12.8592 109.35
-12.8999 109.39
-12.9452 109.433
-12.9878 109.473
-13.0318 109.515
-13.0725 109.552
-13.1174 109.593
-13.1592 109.63
-13.2048 109.672
-13.2479 109.709
-13.2969 109.752
-13.3448 109.792
-13.3952 109.834
-13.443 109.873
-13.4993 109.918
-13.5493 109.957
-13.6041 110.001
-13.6565 110.042
-13.7126 110.084
-13.7619 110.121
-13.8173 110.161
-13.8697 110.198
-13.9257 110.237
-13.9779 110.272
-14.0353 110.313
-14.0888 110.349
-14.1452 110.387
-14.1926 110.417
-14.3316 110.503
-14.4171 110.553
-14.4725 110.585
-14.5229 110.613
-14.5807 110.645
-14.6319 110.671
-14.689 110.701
-14.7394 110.726
-14.7958 110.753
-14.846 110.777
-14.8993 110.803
-14.9513 110.828
-15.0093 110.857
-15.0628 110.882
-15.1212 110.91
-15.1749 110.934
-15.2331 110.961
-15.2853 110.984
-15.3448 111.007
-15.4023 111.029
-15.4629 111.051
-15.5194 111.071
-15.5792 111.092
-15.683 111.127
-15.7472 111.148
-15.8063 111.167
-15.8709 111.189
-15.9275 111.207
-15.9898 111.228
-16.0492 111.247
-16.1101 111.267
-16.1634 111.283
-16.2212 111.3
-16.2722 111.315
-16.3281 111.333
-16.3821 111.349
-16.4424 111.367
-16.4957 111.381
-16.5535 111.397
-16.6096 111.411
-16.7215 111.441
-16.7739 111.454
-16.9295 111.496
-16.9853 111.512
-17.1546 111.549
-17.2176 111.563
-17.3446 111.587
-17.4673 111.607
-17.7978 111.663
-17.8657 111.675
-18.1345 111.712
-18.4509 111.74
-18.6158 111.762
-18.8222 111.773
-18.9137 111.785
-18.9901 111.791
-19.2742 111.799
-19.35 111.802
-19.4354 111.807
-19.5058 111.808
-19.5832 111.808
-19.6541 111.807
-19.7338 111.807
-19.8029 111.805
-19.8771 111.805
-19.9428 111.804
-20.014 111.801
-20.0784 111.797
-20.1459 111.798
-20.2104 111.795
-20.2798 111.79
-20.3404 111.784
-20.408 111.782
-20.4706 111.777
-20.5394 111.774
-20.6015 111.768
-20.6685 111.768
-20.7297 111.764
-20.7992 111.762
-20.8648 111.757
-20.9408 111.751
-21.0115 111.743
-21.0879 111.733
-21.1588 111.722
-21.2365 111.711
-21.3102 111.698
-21.3905 111.685
-21.459 111.673
-21.5367 111.66
-21.6121 111.646
-21.688 111.635
-21.7579 111.623
-21.8364 111.612
-21.9039 111.601
-21.9779 111.592
-22.0471 111.58
-22.1239 111.571
-22.1921 111.56
-22.2655 111.553
-22.3302 111.545
-22.3978 111.537
-22.4581 111.527
-22.5272 111.518
-22.592 111.506
-22.6609 111.496
-22.7241 111.484
-22.7878 111.469
-22.8436 111.456
-22.9093 111.444
-22.9714 111.43
-23.0394 111.417
-23.1007 111.404
-23.1627 111.392
-23.2165 111.38
-23.2792 111.366
-23.3387 111.351
-23.4081 111.335
-23.4708 111.32
-23.5358 111.305
-23.5955 111.291
-23.6579 111.281
-23.7116 111.27
-23.7729 111.259
-23.8328 111.245
-23.8986 111.233
-23.9575 111.22
-24.0186 111.207
-24.0735 111.193
-24.1378 111.181
-24.1944 111.168
-24.2555 111.156
-24.3108 111.142
-24.3707 111.131
-24.4245 111.119
-24.4852 111.105
-24.5422 111.09
-24.5983 111.078
-24.6497 111.066
-24.7127 111.048
-24.7697 111.032
-24.8304 111.014
-24.8902 110.995
-24.9554 110.979
-25.0178 110.961
-25.0856 110.945
-25.1476 110.927
-25.217 110.909
-25.2818 110.891
-25.355 110.871
-25.4226 110.851
-25.4936 110.831
-25.5609 110.81
-25.6323 110.79
-25.6985 110.771
-25.7734 110.751
-25.8429 110.731
-25.9188 110.712
-25.9896 110.692
-26.0633 110.675
-26.1323 110.656
-26.2029 110.639
-26.2665 110.622
-26.3382 110.606
-26.4054 110.587
-26.4784 110.571
-26.5428 110.555
-26.6137 110.54
-26.6814 110.522
-26.7516 110.506
-26.8178 110.488
-26.888 110.471
-26.9528 110.453
-27.0254 110.433
-27.0895 110.414
-27.1573 110.397
-27.2207 110.379
-27.2896 110.362
-27.354 110.344
-27.422 110.325
-27.4849 110.306
-27.56 110.286
-27.6308 110.264
-27.7087 110.245
-27.7782 110.226
-27.8532 110.209
-27.9247 110.189
-27.9986 110.174
-28.0634 110.158
-28.1348 110.142
-28.2044 110.123
-28.2813 110.105
-28.351 110.087
-28.4267 110.07
-28.4973 110.051
-28.5741 110.031
-28.6427 110.012
-28.7147 109.994
-28.782 109.975
-28.8575 109.955
-28.9275 109.935
-29.0022 109.917
-29.0703 109.898
-29.1415 109.878
-29.2086 109.858
-29.2822 109.84
-29.3491 109.822
-29.4198 109.805
-29.4807 109.789
-29.5502 109.776
-29.6149 109.76
-29.6844 109.745
-29.7464 109.729
-29.813 109.712
-29.8731 109.695
-29.9381 109.681
-29.9942 109.667
-30.0619 109.654
-30.1233 109.639
-30.19 109.626
-30.2531 109.611
-30.3159 109.599
-30.3724 109.585
-30.4365 109.571
-30.4962 109.555
-30.5643 109.54
-30.6278 109.522
-30.697 109.506
-30.7596 109.489
-30.8277 109.474
-30.8909 109.456
-30.9602 109.438
-31.0231 109.42
-31.0915 109.402
-31.1513 109.385
-31.2168 109.367
-31.2744 109.35
-31.3376 109.332
-31.3956 109.313
-31.4618 109.294
-31.5234 109.274
-31.5894 109.254
-31.6497 109.234
-31.7129 109.216
-31.766 109.198
-31.8272 109.18
-31.8814 109.161
-31.9424 109.143
-31.9971 109.124
-32.0561 109.104
-32.1102 109.084
-32.1724 109.061
-32.2299 109.039
-32.295 109.015
-32.354 108.992
-32.4157 108.967
-32.4724 108.943
-32.532 108.917
-32.5902 108.892
-32.657 108.866
-32.7162 108.842
-32.7772 108.817
-32.8311 108.794
-32.8915 108.768
-32.9476 108.744
-33.0027 108.724
-33.0539 108.703
-33.1146 108.678
-33.1726 108.652
-33.2331 108.627
-33.2874 108.603
-33.3499 108.578
-33.4088 108.552
-33.4726 108.528
-33.529 108.505
-33.5911 108.482
-33.6484 108.459
-33.7076 108.436
-33.761 108.414
-33.8198 108.39
-33.873 108.366
-33.9243 108.346
-33.9722 108.326
-34.0286 108.306
-34.0793 108.286
-34.1342 108.27
-34.3072 108.197
-34.3628 108.18
-34.4149 108.16
-34.4706 108.144
-34.5215 108.126
-34.5754 108.108
-34.6253 108.09
-34.6795 108.069
-34.7287 108.049
-34.7839 108.03
-34.8335 108.012
-34.8855 107.995
-34.9328 107.977
-34.9895 107.958
-35.0435 107.937
-35.0987 107.917
-35.1463 107.898
-35.2023 107.877
-35.2529 107.857
-35.3101 107.836
-35.3628 107.815
-35.4161 107.794
-35.4643 107.773
-35.5165 107.755
-35.5589 107.738
-35.6063 107.722
-35.6523 107.704
-35.6997 107.691
-35.7463 107.674
-35.7965 107.658
-35.8436 107.64
-35.8975 107.623
-35.9488 107.605
-36.0065 107.585
-36.0636 107.563
-36.1291 107.542
-36.1879 107.521
-36.2492 107.502
-36.3073 107.482
-36.3657 107.464
-36.4209 107.445
-36.4892 107.425
-36.8116 107.292
-36.8794 107.284
-37.256 107.135
-37.3506 107.127
-37.4199 107.113
-37.7888 107.006
-37.9687 106.97
-38.0812 106.942
-38.2298 106.905
-38.3398 106.875
-38.4716 106.841
-38.5765 106.811
-38.6958 106.777
-38.7912 106.748
-38.8944 106.718
-38.9789 106.692
-39.0665 106.666
-39.1413 106.642
-39.2224 106.622
-39.2905 106.603
-39.3642 106.584
-39.4278 106.566
-39.4981 106.547
-39.5585 106.529
-39.6284 106.51
-39.6914 106.492
-39.7578 106.476
-39.8169 106.459
-39.8778 106.445
-39.9315 106.431
-39.9921 106.414
-40.0487 106.397
-40.1118 106.378
-40.1694 106.36
-40.233 106.344
-40.2905 106.327
-40.3507 106.309
-40.4048 106.292
-40.4711 106.271
-40.5339 106.249
-40.8379 106.147
-40.905 106.126
-40.9822 106.105
-41.0492 106.085
-41.1219 106.065
