0.0176165 -3.01558
0.0531036 -2.99866
0.0867689 -2.98262
0.207987 -2.9337
0.302835 -2.89215
0.50602 -2.7922
0.64819 -2.71876
0.87579 -2.59893
1.02969 -2.51467
1.24577 -2.39883
1.39528 -2.31503
1.58995 -2.20848
1.72561 -2.13034
1.89456 -2.033
2.01521 -1.9593
2.16124 -1.87201
2.26467 -1.8067
2.38297 -1.73468
2.46825 -1.67942
2.56489 -1.61856
2.63861 -1.56828
2.72322 -1.51048
2.78454 -1.46661
2.85659 -1.41769
2.91398 -1.37529
2.9791 -1.32878
3.03069 -1.28934
3.08923 -1.24699
3.13741 -1.20939
3.1933 -1.16755
3.23857 -1.13138
3.28805 -1.09519
3.33029 -1.06154
3.37889 -1.02489
3.42111 -0.990154
3.46785 -0.955196
3.50712 -0.923369
3.55102 -0.887928
3.58964 -0.854669
3.63117 -0.820471
3.6675 -0.788682
3.70725 -0.753961
3.74357 -0.720641
3.78451 -0.686449
3.82132 -0.653672
3.86142 -0.619164
3.89662 -0.587224
3.93524 -0.557061
3.97116 -0.526098
4.01297 -0.491441
4.05027 -0.458252
4.09243 -0.421325
4.13307 -0.383312
4.17976 -0.341863
4.21978 -0.30462
4.26466 -0.263664
4.30782 -0.222031
4.35417 -0.178936
4.39557 -0.138737
4.44242 -0.0972833
4.48219 -0.0601774
4.53068 -0.0180069
4.57547 0.0237797
4.62476 0.0676409
4.66885 0.109362
4.71873 0.154991
4.76405 0.198943
4.81326 0.245095
4.8551 0.286236
4.902 0.327678
4.94568 0.369404
4.99417 0.411146
5.03483 0.448553
5.07859 0.488101
5.11897 0.527182
5.16819 0.572756
5.21216 0.615742
5.25933 0.657959
5.29817 0.694575
5.34336 0.737099
5.38337 0.776743
5.42799 0.820981
5.46902 0.863331
5.5129 0.908793
5.55326 0.951789
5.5989 0.995255
5.64012 1.03677
5.68437 1.07981
5.72639 1.12307
5.77421 1.16994
5.81652 1.2135
5.86358 1.25954
5.9072 1.30472
5.95379 1.35095
5.99742 1.3967
6.04434 1.44291
6.08507 1.48515
6.13116 1.53087
6.17373 1.57566
6.22371 1.62224
6.26904 1.66804
6.31905 1.7154
6.36392 1.76124
6.41556 1.80912
6.46243 1.85657
6.5099 1.90721
6.55364 1.95596
6.60486 2.00775
6.65115 2.05751
6.7012 2.10874
6.74611 2.15732
6.79596 2.20812
6.8407 2.25633
6.892 2.30512
6.93965 2.3543
6.98925 2.40454
7.03275 2.45072
7.08073 2.49768
7.12531 2.54426
7.17378 2.59264
7.2165 2.63737
7.26441 2.68222
7.30984 2.7281
7.36389 2.77557
7.41292 2.82224
7.46848 2.8715
7.51781 2.91808
7.57198 2.96625
7.62117 3.01256
7.6769 3.05984
7.72747 3.10548
7.78373 3.14904
7.83573 3.19312
7.89445 3.23477
7.94689 3.27597
8.00643 3.31607
8.06066 3.35702
8.11549 3.39622
8.16712 3.43665
8.22516 3.47705
8.27798 3.51692
8.33297 3.55537
8.38485 3.59451
8.4412 3.63326
8.4928 3.67118
8.55211 3.71034
8.60367 3.74653
8.65931 3.78056
8.71342 3.81722
8.77322 3.85257
8.82865 3.88855
8.89 3.92536
8.94583 3.96139
9.00711 3.99675
9.06282 4.03144
9.12356 4.06308
9.17999 4.09582
9.24156 4.12819
9.29712 4.16004
9.35848 4.18839
9.41438 4.21769
9.47744 4.24561
9.53219 4.27277
9.59236 4.29824
9.64837 4.32564
9.71281 4.34915
9.77092 4.37448
9.83296 4.40052
9.88398 4.42382
9.93972 4.44686
9.98915 4.46966
10.0406 4.49241
10.0899 4.51656
10.1437 4.54046
10.194 4.565
10.2507 4.5913
10.4731 4.71486
10.5337 4.74061
10.5846 4.7655
10.6469 4.79038
10.7023 4.81565
10.7581 4.84097
10.8054 4.86389
10.8606 4.88618
10.9132 4.91055
10.9703 4.93595
11.022 4.9611
11.0793 4.98724
11.1284 5.01129
11.183 5.0379
11.2321 5.06325
11.2885 5.08814
11.3405 5.11345
11.3994 5.14195
11.4527 5.1695
11.5095 5.19688
11.5602 5.22303
11.6137 5.2512
11.6657 5.2798
11.7228 5.31062
11.7753 5.3397
11.8314 5.36633
11.8844 5.39348
11.9431 5.4207
11.9966 5.44759
12.0555 5.47584
12.1106 5.50428
12.1714 5.53264
12.2261 5.56017
12.2819 5.58735
12.3337 5.61436
12.3893 5.64166
12.4389 5.66752
12.4924 5.69311
12.5406 5.71778
12.596 5.74374
12.6442 5.76798
12.6947 5.79252
12.7401 5.81583
12.7898 5.8437
12.8373 5.87072
12.8869 5.89798
12.9332 5.92399
13.0336 5.97756
13.1252 6.0279
13.1794 6.05564
13.5748 6.26961
13.6438 6.30195
13.7468 6.35707
13.8096 6.38746
14.2644 6.63302
14.3501 6.68119
14.414 6.71826
14.4857 6.75562
14.5454 6.78846
14.6136 6.82494
14.6756 6.85967
14.7426 6.89424
14.8954 6.98116
14.9614 7.00983
15.0183 7.03824
15.0851 7.07171
15.1436 7.10316
15.2055 7.13493
15.2628 7.1665
15.3267 7.19682
15.3839 7.22681
15.4475 7.25741
15.5029 7.28652
15.559 7.31742
15.6129 7.34888
15.6748 7.38006
15.7321 7.41151
15.7971 7.4471
15.8574 7.48221
15.9286 7.51784
15.9942 7.55389
16.0653 7.59145
16.1319 7.62948
16.2062 7.67201
16.2755 7.71375
16.35 7.75801
16.4193 7.80076
16.4992 7.84267
16.5721 7.88407
16.6475 7.92641
16.7146 7.96609
16.7862 8.00678
16.8521 8.04639
16.9238 8.08893
16.991 8.13068
17.0638 8.17023
17.1283 8.20793
17.197 8.24593
17.2592 8.28311
17.326 8.32145
17.3868 8.35879
17.4535 8.39832
17.5137 8.43624
17.577 8.47423
17.633 8.50994
17.6944 8.5453
17.752 8.58146
17.8144 8.62274
17.8699 8.66081
17.9314 8.7008
17.9864 8.73822
18.0436 8.77649
18.0993 8.81552
18.1597 8.85742
18.2117 8.8947
18.2709 8.93291
18.3255 8.97048
18.385 9.00931
18.4371 9.04527
18.4948 9.0841
18.5456 9.12015
18.602 9.15725
18.6555 9.19499
18.7147 9.2361
18.7669 9.27423
18.822 9.31353
18.8743 9.35285
18.9337 9.39542
18.9854 9.43416
19.0431 9.47629
19.0977 9.51833
19.1551 9.5626
19.2085 9.60521
19.2691 9.65206
19.3253 9.69715
19.3882 9.74115
19.4426 9.78164
19.5048 9.82414
19.5615 9.86632
19.624 9.91187
19.6809 9.95612
19.7412 10.0003
19.795 10.0423
19.8556 10.0898
19.91 10.1345
19.9695 10.1812
20.026 10.2282
20.0888 10.278
20.1435 10.3237
20.2009 10.3656
20.2532 10.4073
20.3128 10.4537
20.3653 10.4973
20.42 10.5417
20.4701 10.5848
20.5246 10.6305
20.5746 10.6747
20.6273 10.7217
20.6765 10.7671
20.7285 10.8156
20.7759 10.8608
20.8286 10.9086
20.8739 10.951
20.9232 10.9953
20.9707 11.04
21.0239 11.0884
21.0729 11.1351
21.1267 11.1853
21.1742 11.2313
21.2235 11.276
21.2668 11.3173
21.314 11.3601
21.3561 11.4002
21.4056 11.4442
21.4512 11.4875
21.5005 11.5317
21.5455 11.5747
21.5941 11.6178
21.6354 11.6569
21.6836 11.7016
21.7281 11.7455
21.7758 11.7925
21.8157 11.8331
21.8609 11.8774
21.9026 11.9204
21.9484 11.9666
21.99 12.0104
22.0352 12.054
22.0762 12.0961
22.121 12.1422
22.1624 12.187
22.2106 12.2343
22.2533 12.279
22.2988 12.3259
22.3421 12.3733
22.3898 12.4222
22.4313 12.467
22.4768 12.5131
22.5185 12.5585
22.5631 12.6037
22.6028 12.647
22.65 12.6943
22.6925 12.7403
22.7383 12.7905
22.7782 12.8364
22.8252 12.8869
22.8666 12.934
22.9133 12.9878
22.9563 13.0395
23.0048 13.0953
23.0493 13.1492
23.0991 13.2048
23.1435 13.2575
23.1917 13.3125
23.2353 13.3653
23.2828 13.4189
23.3242 13.4685
23.3714 13.525
23.4132 13.5777
23.4604 13.6345
23.5033 13.689
23.5493 13.7501
23.5902 13.806
23.635 13.864
23.6758 13.9195
23.7206 13.9788
23.7595 14.0324
23.8019 14.0918
23.8398 14.1467
23.8827 14.2079
23.9223 14.2664
23.9658 14.3256
24.0048 14.3816
24.0494 14.4424
24.0886 14.4992
24.1302 14.5587
24.1679 14.6155
24.211 14.6736
24.2484 14.7282
24.2876 14.7848
24.3222 14.8381
24.3616 14.8953
24.3974 14.9511
24.4377 15.0146
24.588 15.2839
24.6377 15.3554
24.7256 15.5149
24.7856 15.6319
24.862 15.7869
24.9172 15.9049
24.9856 16.0485
25.0361 16.1618
25.0946 16.2941
25.1395 16.4032
25.1904 16.5239
25.2292 16.6236
25.2723 16.7333
25.3051 16.8243
25.343 16.9264
25.3725 17.0145
25.4055 17.1129
25.4316 17.1998
25.4602 17.2931
25.4817 17.371
25.5057 17.4589
25.5245 17.537
25.5459 17.6238
25.5629 17.7024
25.5812 17.7855
25.5956 17.8612
25.6124 17.9452
25.6246 18.0149
25.6375 18.0919
25.6476 18.1653
25.6575 18.2447
25.6645 18.3141
25.6706 18.3929
25.6749 18.4677
25.6792 18.5488
25.6817 18.6191
25.6825 18.7563
25.681 18.8257
25.6744 18.9697
25.6692 19.0434
25.6614 19.1258
25.619 19.5038
25.6025 19.5991
25.5679 19.7995
25.5561 19.8884
25.5455 19.9557
25.5347 20.0157
25.4982 20.223
25.4704 20.3712
25.4342 20.5746
25.4062 20.7208
25.3738 20.894
25.3483 21.0209
25.3204 21.166
25.2977 21.2753
25.2746 21.398
25.2555 21.4907
25.236 21.5955
25.2177 21.6815
25.1976 21.7794
25.1796 21.8584
25.161 21.9452
25.1442 22.0163
25.1262 22.0972
25.1084 22.168
25.0908 22.2455
25.0732 22.3145
25.0547 22.3913
25.0369 22.4581
25.0187 22.5318
25.0001 22.5988
24.9824 22.6682
24.9643 22.7318
24.9464 22.8023
24.9278 22.8671
24.9088 22.9396
24.8896 23.0053
24.8716 23.0768
24.8532 23.1415
24.8334 23.2141
24.8134 23.2804
24.7944 23.3525
24.775 23.4177
24.7562 23.4875
24.7357 23.5539
24.7169 23.6255
24.697 23.6912
24.6779 23.7621
24.6569 23.8289
24.6365 23.9012
24.6153 23.9675
24.5948 24.0409
24.5728 24.1089
24.5512 24.1824
24.5292 24.2489
24.5066 24.3236
24.4847 24.3889
24.4649 24.4543
24.4436 24.516
24.4219 24.585
24.4006 24.6459
24.3806 24.7122
24.3602 24.771
24.3388 24.8384
24.3159 24.9014
24.2936 24.9694
24.2716 25.0296
24.2499 25.0964
24.2271 25.1577
24.2067 25.2212
24.1855 25.279
24.164 25.3444
24.1409 25.4055
24.1179 25.4746
24.095 25.5354
24.0739 25.5995
24.0534 25.6547
24.0305 25.719
24.0066 25.779
23.9833 25.8444
23.9606 25.9023
23.9381 25.966
23.915 26.0239
23.8906 26.0898
23.8658 26.1502
23.8415 26.2145
23.8183 26.2708
23.7958 26.3308
23.7746 26.3826
23.7501 26.4437
23.7258 26.5002
23.7027 26.5598
23.6812 26.6114
23.6592 26.6694
23.6386 26.7193
23.6175 26.7739
23.5973 26.8219
23.5767 26.8733
23.5555 26.9219
23.5336 26.9741
23.5135 27.0191
23.4935 27.0666
23.4735 27.1106
23.4521 27.1608
23.432 27.2048
23.4108 27.2523
23.3895 27.2971
23.3667 27.3466
23.3431 27.3947
23.3178 27.4494
23.2937 27.499
23.2687 27.5533
23.2429 27.6058
23.216 27.6624
23.1888 27.7164
23.1593 27.7787
23.1309 27.8353
23.1012 27.8988
23.0707 27.9597
23.0374 28.0272
23.0038 28.0918
22.967 28.1645
22.9308 28.2326
22.8914 28.3112
22.8512 28.3869
22.81 28.4673
22.7712 28.5392
22.7323 28.6168
22.6926 28.6906
22.652 28.7705
22.6134 28.8421
22.5742 28.9191
22.5353 28.9903
22.496 29.0653
22.4579 29.1337
22.4179 29.2086
22.3804 29.275
22.3387 29.3546
22.2969 29.429
22.2574 29.508
22.2201 29.5772
22.1841 29.6536
22.1476 29.724
22.1137 29.798
22.0808 29.8636
22.0484 29.9365
22.015 30.004
21.982 30.0788
21.9493 30.1462
21.9173 30.2181
21.8863 30.2821
21.8572 30.3489
21.8279 30.4102
21.8007 30.4755
21.7739 30.5342
21.7461 30.6023
21.716 30.6682
21.6898 30.7351
21.6622 30.798
21.6346 30.8684
21.6064 30.9334
21.5785 31.0057
21.55 31.0726
21.5216 31.1457
21.4936 31.2118
21.4654 31.2862
21.4354 31.3577
21.4092 31.4315
21.3835 31.497
21.3588 31.5717
21.3316 31.6433
21.3057 31.7197
21.2794 31.7892
21.2546 31.8664
21.2292 31.9367
21.2054 32.0154
21.1808 32.087
21.1593 32.1645
21.136 32.2361
21.1141 32.3142
21.091 32.3859
21.069 32.464
21.0458 32.536
21.0242 32.6159
21.0014 32.6893
20.9805 32.7684
20.9583 32.8414
20.9386 32.92
20.9171 32.9936
20.8965 33.074
20.875 33.1475
20.8552 33.2259
20.8346 33.2976
20.8156 33.3741
20.796 33.4432
20.7755 33.5192
20.7546 33.589
20.7342 33.6663
20.7128 33.7387
20.6928 33.8155
20.6722 33.8863
20.6499 33.9664
20.6279 34.0387
20.6072 34.1175
20.5858 34.1903
20.5669 34.2647
20.5478 34.3317
20.5309 34.4018
20.5139 34.464
20.4995 34.5261
20.4844 34.582
20.4705 34.6394
20.4381 34.7432
20.4217 34.8107
20.4042 34.8719
20.3875 34.94
20.3697 35.0029
20.3517 35.0699
20.3331 35.1327
20.297 35.2589
20.2786 35.3229
20.2609 35.3928
20.2436 35.4531
20.2271 35.5188
20.2103 35.5778
20.1943 35.643
20.1774 35.7028
20.1618 35.7666
20.1467 35.8215
20.1319 35.8845
20.1153 35.9445
20.0996 36.0066
20.0827 36.0653
20.0661 36.1301
20.0482 36.1921
20.0316 36.2619
20.013 36.3298
19.9164 36.6676
19.838 36.9266
19.8189 37.0237
19.7991 37.1025
19.7778 37.1932
19.7558 37.2747
19.7351 37.3638
19.7141 37.4431
19.6938 37.5292
19.6735 37.6053
19.6523 37.6859
19.6317 37.7577
19.6124 37.8359
19.5923 37.9081
19.5703 37.9888
19.5491 38.0608
19.5273 38.1373
19.5069 38.2047
19.4861 38.2796
19.4657 38.3475
19.4454 38.4192
19.4254 38.4845
19.4058 38.5574
19.3859 38.6244
19.3648 38.701
19.344 38.7707
19.3244 38.845
19.3047 38.9124
19.2851 38.9856
19.2658 39.0512
19.2492 39.1174
19.2311 39.1801
19.2131 39.248
19.1949 39.3096
19.176 39.3804
19.1567 39.445
19.1385 39.5138
19.1195 39.5773
19.1009 39.6448
19.0261 39.8629
19.0092 39.9332
18.8797 40.2936
18.8366 40.4336
18.7656 40.6298
18.7154 40.7608
18.5385 41.1898
18.4841 41.3183
18.4225 41.4675
18.3772 41.5723
18.3252 41.693
18.2824 41.7877
18.2379 41.8923
18.2003 41.9756
18.1589 42.0686
18.1241 42.1428
18.0858 42.2236
18.0526 42.2908
18.0161 42.3638
17.9824 42.4286
17.9495 42.4996
17.9194 42.5606
17.8877 42.628
17.8587 42.686
17.8265 42.7535
17.796 42.8133
17.7646 42.8762
17.7355 42.9312
17.7034 42.9955
17.6733 43.0523
17.6416 43.116
17.6099 43.1754
17.5776 43.2389
17.5469 43.296
17.5183 43.3555
17.4911 43.4083
17.46 43.4709
17.4289 43.5293
17.3967 43.591
17.3669 43.6454
17.3362 43.7028
17.307 43.7555
17.2791 43.8125
17.2529 43.8628
17.2239 43.9204
17.1953 43.9735
17.1672 44.0299
17.1396 44.0818
17.1122 44.137
17.0867 44.1855
17.0585 44.2403
17.033 44.2881
17.0073 44.3383
16.9801 44.3888
16.9552 44.4431
16.9316 44.4911
16.9076 44.546
16.8833 44.5969
16.8595 44.6521
16.8356 44.7027
16.8134 44.7589
16.7913 44.8088
16.7705 44.8607
16.7487 44.9091
16.7255 44.964
16.7022 45.0145
16.6806 45.0658
16.6599 45.1112
16.6411 45.1604
16.6228 45.2035
16.603 45.2525
16.5828 45.2979
16.5627 45.3484
16.5415 45.3963
16.518 45.4501
16.4947 45.4998
16.4714 45.5542
16.4474 45.6059
16.424 45.6637
16.4006 45.7165
16.3766 45.7754
16.3542 45.8265
16.3332 45.8804
16.3127 45.9286
16.2934 45.9831
16.2738 46.0316
16.2553 46.0855
16.2364 46.1337
16.2185 46.1814
16.1988 46.2277
16.1796 46.2815
16.161 46.3283
16.143 46.3787
16.1242 46.425
16.1041 46.4761
16.0849 46.5209
16.065 46.572
16.0447 46.6194
16.0243 46.6703
16.0044 46.7164
15.9836 46.7695
15.9623 46.8189
15.94 46.8736
15.9185 46.9225
15.8934 46.9806
15.8685 47.0348
15.8445 47.0952
15.82 47.1515
15.7932 47.2152
15.7684 47.2705
15.7434 47.3301
15.719 47.3843
15.6944 47.4423
15.6693 47.4974
15.643 47.5587
15.6164 47.6164
15.5888 47.6792
15.5621 47.7365
15.5376 47.7939
15.5138 47.8458
15.4911 47.8998
15.4672 47.9519
15.4431 48.0096
15.4203 48.0603
15.3976 48.1165
15.3744 48.1687
15.3521 48.224
15.3285 48.277
15.3059 48.3327
15.2817 48.3866
15.2555 48.4471
15.2302 48.5019
15.2046 48.5599
15.1796 48.6132
15.152 48.6761
15.1258 48.7324
15.1011 48.7927
15.0763 48.8483
15.0516 48.909
15.0254 48.9674
14.9986 49.0296
14.9727 49.0859
14.9459 49.1478
14.9185 49.2067
14.8913 49.2702
14.8638 49.3293
14.8337 49.3954
14.8047 49.4557
14.7755 49.5217
14.7482 49.5802
14.7196 49.6465
14.6921 49.7062
14.6648 49.7708
14.6379 49.8297
14.6106 49.8941
14.5834 49.9534
14.5562 50.0157
14.5302 50.0714
14.5018 50.1321
14.4741 50.1886
14.4468 50.2472
14.4213 50.2995
14.3972 50.3551
14.3714 50.4095
14.3428 50.4723
14.3142 50.531
14.2849 50.5941
14.2561 50.6525
14.2269 50.7183
14.1975 50.7797
14.1679 50.8469
14.1387 50.9086
14.109 50.9775
14.0816 51.0366
14.054 51.1016
14.0247 51.1641
13.9957 51.2295
13.9675 51.2886
13.9385 51.3525
13.9116 51.4082
13.8842 51.4711
13.8572 51.5282
13.8275 51.5921
13.7977 51.6523
13.7664 51.7188
13.736 51.7797
13.7071 51.8465
13.6798 51.905
13.6526 51.9674
13.6258 52.024
13.5984 52.0869
13.5704 52.1456
13.5438 52.2067
13.518 52.2611
13.4939 52.3166
13.4691 52.3688
13.444 52.4261
13.4188 52.4787
13.3922 52.5359
13.3662 52.5881
13.3389 52.6489
13.3112 52.7057
13.2855 52.7636
13.2609 52.815
13.2353 52.8729
13.2101 52.9252
13.1882 52.9766
13.1657 53.0243
13.1429 53.0794
13.1195 53.1299
13.0935 53.1852
13.0693 53.2337
13.0445 53.2878
13.0181 53.3407
12.991 53.4012
12.9658 53.4535
12.9424 53.5054
12.918 53.5551
12.893 53.6119
12.8701 53.6602
12.8456 53.7149
12.822 53.7637
12.7971 53.8195
12.7721 53.871
12.7442 53.9317
12.7194 53.9829
12.6929 54.04
12.6687 54.0894
12.6441 54.1435
12.6183 54.1961
12.5934 54.2524
12.5702 54.3017
12.5483 54.3548
12.5258 54.4044
12.5016 54.4606
12.4763 54.5148
12.452 54.5729
12.4289 54.6241
12.4048 54.6833
12.3791 54.7406
12.3525 54.8049
12.2543 55.0038
12.2311 55.0783
12.2064 55.1416
12.1829 55.2142
12.1605 55.2748
12.14 55.3412
12.1167 55.4041
12.0946 55.4698
12.0713 55.5305
12.0482 55.5957
12.0259 55.6527
12.0047 55.7128
11.9823 55.7693
11.9622 55.8265
11.9434 55.8756
11.9238 55.9324
11.9023 55.9875
11.8795 56.0482
11.8564 56.1049
11.8343 56.1653
11.8127 56.2196
11.7889 56.2819
11.7654 56.3392
11.7419 56.4037
11.7177 56.464
11.694 56.5285
11.6706 56.5872
11.6452 56.6513
11.6193 56.7127
11.5935 56.7787
11.5686 56.8387
11.542 56.904
11.516 56.9645
11.4888 57.0318
11.4622 57.0938
11.4385 57.1573
11.4144 57.2163
11.3881 57.2814
11.3631 57.3393
11.3359 57.405
11.3065 57.4707
11.2761 57.5434
11.1943 57.7149
11.1444 57.8399
11.1225 57.8949
11.0412 58.0906
10.9261 58.3345
10.8982 58.4188
10.7576 58.7172
10.7027 58.8646
10.6201 59.0489
10.5651 59.1934
10.4879 59.367
10.4654 59.4443
10.4406 59.5113
10.332 59.7773
10.3072 59.845
10.2823 59.9191
10.256 59.9871
10.2307 60.0596
10.2053 60.1251
10.1805 60.1972
10.1554 60.2626
10.1303 60.3337
10.1057 60.3971
10.0808 60.4647
10.0546 60.5295
10.0299 60.598
10.0058 60.6592
9.98008 60.7278
9.95384 60.7922
9.92845 60.8603
9.9038 60.9217
9.87919 60.9899
9.85604 61.0492
9.83414 61.1098
9.81278 61.1643
9.79117 61.2277
9.7699 61.2842
9.74709 61.3482
9.7243 61.4066
9.70302 61.467
9.68247 61.5205
9.66209 61.5777
9.64067 61.6324
9.61642 61.6943
9.59358 61.7495
9.57253 61.809
9.55169 61.8627
9.53205 61.9199
9.51174 61.9727
9.49142 62.0259
9.47363 62.0697
9.45323 62.1186
9.43147 62.1678
9.40829 62.2203
9.38639 62.2683
9.36566 62.3224
9.34477 62.3725
9.32325 62.426
9.30331 62.4726
9.28118 62.5239
9.2599 62.5709
9.238 62.6224
9.2149 62.6734
9.18935 62.7295
9.16507 62.7807
9.14112 62.8346
9.11633 62.8872
9.09082 62.9453
9.06667 62.997
9.04202 63.0529
9.0174 63.1051
8.99243 63.1619
8.96653 63.2167
8.93963 63.2755
8.91279 63.3307
8.88545 63.395
8.85796 63.4546
8.8306 63.5194
8.80204 63.5812
8.77463 63.6479
8.74595 63.711
8.71619 63.7769
8.6882 63.8353
8.65908 63.899
8.62929 63.9596
8.59645 64.0278
8.564 64.0915
8.52892 64.1603
8.49536 64.2237
8.45983 64.2939
8.42602 64.3579
8.39082 64.429
8.35547 64.4964
8.31838 64.5703
8.28313 64.6369
8.24678 64.7098
8.21313 64.7737
8.17823 64.8457
8.14387 64.9116
8.10608 64.9859
8.07018 65.0525
8.03461 65.1231
8.00013 65.1873
7.96295 65.26
7.92767 65.3249
7.89088 65.3958
7.85354 65.4632
7.81418 65.5385
7.75981 65.6335
7.70769 65.7306
7.67126 65.7976
7.63717 65.8675
7.6026 65.9329
7.56835 66.0018
7.53357 66.0672
7.50067 66.1376
7.46759 66.2029
7.43551 66.2709
7.4028 66.3353
7.37063 66.4045
7.33902 66.4681
7.30932 66.537
7.27893 66.6014
7.25036 66.6699
7.22184 66.7323
7.19189 66.8022
7.16045 66.8693
7.1288 66.9414
7.09835 67.0063
7.06814 67.0763
7.03777 67.1415
7.0062 67.2151
6.97551 67.2819
6.94599 67.3533
6.91768 67.4166
6.89002 67.4845
6.86113 67.5491
6.8343 67.6189
6.8077 67.6814
6.78178 67.7504
6.7546 67.8148
6.72846 67.885
6.70214 67.9484
6.6738 68.0193
6.64501 68.0853
6.61586 68.1562
6.58733 68.2206
6.56066 68.2843
6.53339 68.3451
6.50563 68.4134
6.47677 68.4791
6.4485 68.5534
6.41965 68.6223
6.39139 68.6974
6.3612 68.7695
6.33046 68.8513
6.29721 68.9311
6.26755 69.0101
6.23695 69.0843
6.20676 69.1635
6.17693 69.2353
6.14622 69.3166
6.11502 69.3919
6.08653 69.4687
6.05877 69.537
6.0307 69.6133
6.00187 69.684
5.97328 69.7607
5.94447 69.8309
5.91454 69.9067
5.88514 69.9757
5.85671 70.0496
5.82767 70.1186
5.79666 70.197
5.76643 70.268
5.73778 70.3428
5.71077 70.408
5.68309 70.4805
5.65415 70.5491
5.62659 70.6254
5.59842 70.6948
5.57195 70.7701
5.54532 70.8368
5.51891 70.9082
5.49114 70.9746
5.46219 71.0497
5.43267 71.1185
5.40217 71.1914
5.37255 71.2566
5.34275 71.3267
5.31372 71.3895
5.28257 71.462
5.2531 71.5251
5.22317 71.5905
5.19524 71.6476
5.16479 71.7105
5.13315 71.7715
5.10236 71.8331
5.07318 71.8885
5.04457 71.9494
5.0161 72.0051
4.98316 72.0711
4.95123 72.1311
4.91967 72.1944
4.88818 72.2531
4.85548 72.315
4.82348 72.3724
4.789 72.4358
4.75752 72.4914
4.72553 72.5495
4.69443 72.6035
4.65858 72.6646
4.62394 72.722
4.58955 72.7829
4.55641 72.8393
4.5205 72.9017
4.48887 72.955
4.455 73.0162
4.42145 73.0739
4.39029 73.1327
4.35978 73.1869
4.32637 73.2499
4.29244 73.3099
4.25819 73.3703
4.22824 73.4215
4.19458 73.4821
4.16104 73.5399
4.12696 73.6031
4.09348 73.6622
4.05775 73.7286
4.02428 73.7883
3.9896 73.8558
3.95454 73.92
3.92115 73.987
3.88967 74.0469
3.85746 74.1148
3.82609 74.1768
3.79617 74.2437
3.76743 74.3035
3.7396 74.3651
3.71376 74.4192
3.68877 74.4797
3.66431 74.5342
3.64137 74.5931
3.61692 74.6494
3.59387 74.7128
3.4722 74.9697
3.45463 75.0406
3.43312 75.1031
3.41437 75.1693
3.39435 75.2291
3.37427 75.296
3.35435 75.355
3.33545 75.42
3.31592 75.4788
3.29783 75.5434
3.2774 75.6051
3.25664 75.6776
3.23682 75.7389
3.21724 75.8061
3.19665 75.8677
3.17576 75.9366
3.15379 76.0004
3.13167 76.0714
3.10787 76.1389
3.08739 76.2084
3.06605 76.2716
3.04683 76.3427
3.02569 76.408
3.0032 76.48
2.97891 76.5482
2.95495 76.6205
2.93108 76.6857
2.90773 76.7554
2.8832 76.8208
2.85865 76.891
2.83443 76.9541
2.80969 77.0212
2.78672 77.0789
2.76313 77.1483
2.74004 77.2092
2.71585 77.2738
2.69136 77.3333
2.66607 77.397
2.64114 77.4553
2.61821 77.5151
2.59528 77.5698
2.57129 77.629
2.52809 77.7231
2.50801 77.7762
2.39469 78.0052
2.36934 78.0754
2.3469 78.1285
2.30502 78.2279
2.22653 78.3876
2.17917 78.4995
2.08545 78.6875
2.05799 78.7574
2.03499 78.8098
1.97273 78.9502
1.94871 79.0053
1.80233 79.3284
1.70546 79.5282
1.67911 79.6026
1.6531 79.6636
1.62693 79.7288
1.60317 79.7835
1.57789 79.8426
1.55386 79.8952
1.52897 79.9492
1.50377 80.0012
1.4766 80.0607
1.45213 80.1118
1.4271 80.1679
1.40193 80.2209
1.37627 80.2776
1.35178 80.3288
1.32479 80.3851
1.29782 80.4392
1.26987 80.4961
1.2431 80.5489
1.21586 80.6062
1.1887 80.6607
1.16135 80.7196
1.13412 80.7751
1.10661 80.8341
1.07933 80.8894
1.05303 80.9474
1.02803 80.9991
0.910115 81.2364
0.884329 81.29
0.860357 81.3505
0.838026 81.4009
0.816349 81.456
0.796159 81.5027
0.777481 81.5539
0.758296 81.6001
0.740184 81.6519
0.722262 81.6968
0.706071 81.7435
0.686057 81.7913
0.666839 81.8445
0.646967 81.8927
0.627007 81.9442
0.605144 81.9943
0.583926 82.0485
0.563752 82.0958
0.542582 82.1493
0.519988 82.2009
0.497832 82.2622
0.473979 82.3202
0.450653 82.381
0.425375 82.4402
0.399991 82.5076
0.373799 82.5705
0.350175 82.6362
0.325879 82.6967
0.301536 82.7639
0.27647 82.8262
0.251268 82.8949
0.226792 82.956
0.203408 83.0254
0.176795 83.094
0.151688 83.17
0.127215 83.2365
0.103414 83.3065
0.0790451 83.371
0.0563067 83.4403
0.0329639 83.5038
0.00640367 83.5738
-0.0187447 83.6367
-0.04214 83.7024
-0.0648661 83.7618
-0.0893755 83.8295
-0.112715 83.8902
-0.133617 83.954
-0.15565 84.0143
-0.17658 84.0757
-0.197699 84.1323
-0.219936 84.1951
-0.241586 84.2518
-0.264131 84.3114
-0.28799 84.3704
-0.313508 84.4366
-0.337492 84.4958
-0.361648 84.5603
-0.385603 84.62
-0.412225 84.6879
-0.437661 84.7495
-0.463967 84.8186
-0.490293 84.8831
-0.516443 84.9542
-0.54269 85.0196
-0.572055 85.0921
-0.602637 85.1629
-0.634705 85.2413
-0.663952 85.309
-0.694278 85.3832
-0.724356 85.452
-0.756141 85.5294
-0.786584 85.5986
-0.818784 85.6754
-0.850139 85.7452
-0.878501 85.8183
-0.905712 85.8823
-0.933694 85.9531
-0.961444 86.0169
-0.989946 86.0839
-1.01647 86.1421
-1.04272 86.2047
-1.06879 86.2616
-1.09549 86.3199
-1.12091 86.3721
-1.14878 86.4326
-1.17533 86.4868
-1.20359 86.5463
-1.23038 86.5997
-1.25998 86.6589
-1.2895 86.7153
-1.32003 86.7754
-1.35015 86.832
-1.38274 86.895
-1.41346 86.952
-1.44517 87.0145
-1.47614 87.0727
-1.50604 87.1335
-1.53579 87.1903
-1.5648 87.2536
-1.59261 87.3095
-1.62139 87.3726
-1.64832 87.4272
-1.67696 87.489
-1.70594 87.5465
-1.73389 87.6076
-1.76078 87.6617
-1.78741 87.7181
-1.81336 87.7691
-1.84047 87.8241
-1.86678 87.8743
-1.89423 87.9301
-1.92349 87.9855
-1.95376 88.0449
-1.98328 88.1
-2.01347 88.1625
-2.04491 88.2229
-2.07604 88.2871
-2.10583 88.3448
-2.13848 88.4101
-2.16946 88.469
-2.20198 88.5331
-2.23456 88.5939
-2.266 88.6592
-2.29666 88.7188
-2.32786 88.785
-2.35839 88.8454
-2.3859 88.9075
-2.41153 88.9609
-2.43787 89.0207
-2.4644 89.0755
-2.48996 89.1344
-2.51457 89.1863
-2.53993 89.2421
-2.56535 89.2938
-2.59228 89.3514
-2.61746 89.4023
-2.64325 89.4597
-2.66778 89.5107
-2.69197 89.5645
-2.71751 89.617
-2.74373 89.6768
-2.76841 89.7296
-2.79631 89.7926
-2.82601 89.8546
-2.85554 89.9214
-2.88322 89.9805
-2.91074 90.0476
-2.93959 90.1115
-2.96801 90.1815
-2.9968 90.2463
-3.02423 90.3177
-3.05157 90.3822
-3.07946 90.4546
-3.10649 90.5189
-3.13147 90.586
-3.15511 90.6441
-3.17824 90.7037
-3.2013 90.7583
-3.22216 90.8178
-3.24396 90.8731
-3.26354 90.9294
-3.2815 90.9767
-3.29878 91.0282
-3.31753 91.0772
-3.33596 91.1312
-3.35431 91.1795
-3.37411 91.2364
-3.3948 91.29
-3.41374 91.3446
-3.43347 91.3959
-3.45315 91.4562
-3.4744 91.5138
-3.49183 91.575
-3.50988 91.6295
-3.52748 91.6902
-3.54653 91.7466
-3.56644 91.8088
-3.58702 91.8665
-3.60828 91.9314
-3.62937 91.9904
-3.64986 92.0558
-3.67041 92.1154
-3.69047 92.18
-3.70997 92.2375
-3.72573 92.2962
-3.74241 92.3498
-3.75829 92.4095
-3.77395 92.4614
-3.7905 92.5193
-3.8092 92.5764
-3.82776 92.6378
-3.84585 92.6925
-3.86353 92.7512
-3.88194 92.8062
-3.90054 92.8667
-3.91935 92.9222
-3.93775 92.983
-3.95688 93.0396
-3.97643 93.1012
-3.99612 93.1577
-4.01739 93.2211
-4.09922 93.428
-4.12248 93.4976
-4.14513 93.5579
-4.17055 93.6271
-4.19573 93.6911
-4.2221 93.7617
-4.24672 93.8238
-4.27221 93.8917
-4.29689 93.9532
-4.32134 94.0219
-4.34675 94.0866
-4.37263 94.1554
-4.39769 94.2172
-4.42367 94.2825
-4.44751 94.3392
-4.47367 94.4046
-4.50046 94.4669
-4.5269 94.5319
-4.55224 94.5905
-4.57698 94.6573
-4.60046 94.7151
-4.62701 94.7774
-4.65262 94.8343
-4.6789 94.8957
-4.70528 94.9537
-4.73307 95.0205
-4.76063 95.0822
-4.78956 95.1509
-4.81677 95.2115
-4.8426 95.2749
-4.86703 95.3304
-4.89165 95.3895
-4.91725 95.4456
-4.94563 95.5091
-4.97254 95.5658
-5.00083 95.6289
-5.02942 95.6883
-5.061 95.7551
-5.09192 95.817
-5.12182 95.8857
-5.15172 95.9486
-5.18628 96.0182
-5.37971 96.3771
-5.44749 96.5154
-5.48221 96.5822
-5.57976 96.7737
-5.72895 97.0421
-5.77016 97.1228
-5.89162 97.3369
-5.92614 97.4135
-5.98421 97.5511
-6.02581 97.6456
-6.10598 97.8304
-6.14765 97.927
-6.19587 98.0422
-6.2343 98.13
-6.27565 98.2297
-6.31027 98.3093
-6.34647 98.3981
-6.37797 98.4712
-6.41186 98.5522
-6.44176 98.6202
-6.47277 98.6949
-6.50203 98.7615
-6.53083 98.8357
-6.55739 98.8998
-6.58181 98.9667
-6.6043 99.0238
-6.62736 99.0867
-6.64911 99.1417
-6.67425 99.2072
-6.69925 99.2681
-6.72367 99.332
-6.74628 99.3881
-6.76714 99.4513
-6.78859 99.5095
-6.80652 99.5672
-6.82459 99.6187
-6.84121 99.6765
-6.85829 99.7277
-6.87401 99.7864
-6.89014 99.8375
-6.90806 99.8939
-6.92632 99.9453
-6.94488 100.001
-6.96405 100.053
-6.98421 100.112
-7.00383 100.165
-7.02259 100.222
-7.04217 100.274
-7.06542 100.334
-7.0891 100.391
-7.11229 100.452
-7.13552 100.509
-7.1589 100.567
-7.1815 100.62
-7.20562 100.68
-7.23028 100.738
-7.25505 100.798
-7.27953 100.854
-7.30272 100.913
-7.32552 100.967
-7.34833 101.028
-7.37202 101.085
-7.39235 101.143
-7.41124 101.191
-7.43117 101.244
-7.45384 101.297
-7.47865 101.353
-7.50246 101.404
-7.52602 101.46
-7.55005 101.512
-7.57878 101.576
-7.60727 101.636
-7.63756 101.702
-7.66742 101.764
-7.69999 101.835
-7.73317 101.903
-7.76758 101.977
-7.80212 102.046
-7.83685 102.121
-7.87039 102.188
-7.90452 102.258
-7.9374 102.321
-7.97258 102.393
-8.00521 102.456
-8.03873 102.524
-8.07137 102.585
-8.10298 102.651
-8.13358 102.71
-8.1667 102.777
-8.19927 102.839
-8.23584 102.909
-8.27124 102.973
-8.3086 103.045
-8.34401 103.109
-8.38233 103.178
-8.41989 103.242
-8.4586 103.311
-8.49568 103.374
-8.53303 103.44
-8.56947 103.501
-8.60619 103.567
-8.64101 103.627
-8.67715 103.691
-8.71139 103.749
-8.74726 103.814
-8.7842 103.877
-8.82145 103.941
-8.85811 104
-8.89667 104.068
-8.93411 104.13
-8.97545 104.196
-9.01438 104.256
-9.05681 104.322
-9.0974 104.382
-9.14085 104.448
-9.18136 104.507
-9.22921 104.576
-9.27363 104.639
-9.32227 104.709
-9.36744 104.772
-9.41391 104.839
-9.45816 104.902
-9.50715 104.971
-9.55173 105.033
-9.59809 105.101
-9.64045 105.161
-9.68516 105.23
-9.72727 105.291
-9.7726 105.359
-9.81438 105.419
-9.859 105.483
-9.90491 105.547
-9.94995 105.615
-9.99009 105.673
-10.03 105.736
-10.0692 105.793
-10.1117 105.86
-10.1533 105.92
-10.1982 105.99
-10.2418 106.053
-10.2843 106.118
-10.3296 106.182
-10.3748 106.248
-10.414 106.303
-10.4541 106.364
-10.4922 106.417
-10.5277 106.471
-10.5594 106.516
-10.5953 106.57
-10.629 106.617
-10.6641 106.668
-10.6967 106.712
-10.7281 106.757
-10.7588 106.799
-10.7923 106.849
-10.8239 106.892
-10.8594 106.941
-10.893 106.984
-10.9255 107.033
-10.9575 107.077
-10.9926 107.126
-11.0268 107.171
-11.0629 107.22
-11.0977 107.265
-11.1352 107.315
-11.1707 107.36
-11.2078 107.41
-11.2437 107.456
-11.2803 107.505
-11.316 107.55
-11.3548 107.6
-11.392 107.646
-11.4285 107.693
-11.4624 107.734
-11.4978 107.778
-11.5332 107.82
-11.5706 107.867
-11.6066 107.909
-11.6454 107.956
-11.6829 108
-11.7246 108.052
-11.7637 108.099
-11.8022 108.15
-11.8398 108.196
-11.8811 108.245
-11.9176 108.288
-11.9545 108.335
-11.9916 108.379
-12.0352 108.431
-12.0741 108.475
-12.1125 108.52
-12.1486 108.56
-12.1883 108.607
-12.2247 108.648
-12.2622 108.692
-12.2982 108.732
-12.3342 108.775
-12.3686 108.814
-12.4073 108.859
-12.4436 108.898
-12.4831 108.944
-12.5221 108.986
-12.5672 109.033
-12.6082 109.074
-12.653 109.12
-12.6936 109.16
-12.7387 109.209
-12.7812 109.252
-12.8231 109.295
-12.8613 109.332
-12.9026 109.376
-12.9426 109.416
-12.9865 109.458
-13.0281 109.497
-13.0697 109.536
-13.1101 109.573
-13.1556 109.616
-13.1975 109.654
-13.2447 109.698
-13.2903 109.738
-13.3431 109.784
-13.3914 109.825
-13.4429 109.867
-13.4929 109.906
-13.5492 109.949
-13.6011 109.988
-13.6589 110.032
-13.7106 110.07
-13.7634 110.108
-13.8149 110.144
-13.8724 110.185
-13.9249 110.221
-13.9845 110.263
-14.039 110.3
-14.0967 110.34
-14.1479 110.374
-14.2012 110.411
-14.3395 110.496
-14.3945 110.531
-14.4392 110.558
-14.5333 110.612
-14.5814 110.639
-14.6367 110.668
-14.6871 110.695
-14.7417 110.724
-14.792 110.75
-14.8477 110.781
-14.8962 110.807
-14.9519 110.835
-15.0046 110.861
-15.06 110.886
-15.1088 110.907
-15.1639 110.933
-15.2185 110.957
-15.2766 110.981
-15.33 111.002
-15.3929 111.024
-15.4478 111.044
-15.5076 111.065
-15.5636 111.085
-15.6236 111.105
-15.7282 111.139
-15.7946 111.16
-15.854 111.179
-15.9163 111.199
-15.9741 111.216
-16.0383 111.236
-16.0967 111.252
-16.1582 111.27
-16.2114 111.285
-16.2663 111.304
-16.3185 111.319
-16.3785 111.34
-16.432 111.356
-16.4896 111.373
-16.5449 111.388
-16.6051 111.406
-16.9083 111.472
-16.9764 111.494
-17.139 111.528
-17.2105 111.547
-17.326 111.57
-17.3947 111.583
-17.4556 111.594
-17.6357 111.623
-17.8643 111.652
-17.9485 111.672
-18.0786 111.69
-18.1657 111.705
-18.2384 111.715
-18.4486 111.737
-18.7076 111.75
-18.8005 111.763
-18.8769 111.769
-19.17 111.783
-19.2483 111.787
-19.3378 111.794
-19.4145 111.797
-19.4975 111.803
-19.5726 111.805
-19.6541 111.806
-19.7282 111.805
-19.8064 111.806
-19.8748 111.805
-19.9505 111.804
-20.0181 111.801
-20.0922 111.802
-20.1597 111.8
-20.2274 111.8
-20.2872 111.798
-20.3532 111.795
-20.4134 111.791
-20.4813 111.787
-20.5422 111.782
-20.6081 111.778
-20.6724 111.772
-20.7411 111.766
-20.8026 111.76
-20.8742 111.753
-20.9448 111.744
-21.0189 111.735
-21.0864 111.725
-21.1639 111.719
-21.2355 111.711
-21.3133 111.702
-21.3851 111.691
-21.4593 111.682
-21.5298 111.671
-21.612 111.659
-21.6826 111.648
-21.7592 111.637
-21.8312 111.625
-21.9052 111.609
-21.9737 111.594
-22.0509 111.581
-22.1216 111.567
-22.1944 111.554
-22.2589 111.542
-22.3254 111.532
-22.3862 111.521
-22.452 111.513
-22.5113 111.503
-22.5784 111.491
-22.6419 111.479
-22.7098 111.468
-22.7694 111.457
-22.8331 111.444
-22.8952 111.431
-22.9635 111.419
-23.0262 111.406
-23.0926 111.393
-23.1499 111.38
-23.2079 111.369
-23.265 111.356
-23.3302 111.341
-23.3904 111.327
-23.4556 111.314
-23.5142 111.301
-23.5779 111.288
-23.6353 111.275
-23.6996 111.261
-23.7606 111.246
-23.8266 111.233
-23.886 111.219
-23.9491 111.207
-24.0062 111.194
-24.0662 111.181
-24.1222 111.168
-24.1849 111.155
-24.2406 111.142
-24.3034 111.132
-24.358 111.121
-24.4174 111.108
-24.4729 111.094
-24.5351 111.079
-24.588 111.065
-24.6463 111.052
-24.7011 111.037
-24.7597 111.023
-24.8156 111.008
-24.8816 110.992
-24.9431 110.976
-25.0092 110.958
-25.0708 110.94
-25.1392 110.921
-25.2048 110.901
-25.276 110.883
-25.3409 110.865
-25.4139 110.845
-25.4839 110.823
-25.5587 110.803
-25.6261 110.784
-25.6972 110.766
-25.7621 110.748
-25.8339 110.728
-25.9029 110.707
-25.9788 110.689
-26.0479 110.669
-26.1242 110.651
-26.1906 110.632
-26.2638 110.613
-26.3314 110.593
-26.4009 110.577
-26.4661 110.559
-26.538 110.541
-26.6067 110.522
-26.6779 110.504
-26.743 110.485
-26.8167 110.467
-26.8829 110.449
-26.9522 110.432
-27.0176 110.414
-27.0871 110.4
-27.15 110.384
-27.2175 110.369
-27.2802 110.352
-27.3509 110.335
-27.4151 110.317
-27.4885 110.301
-27.5589 110.282
-27.638 110.26
-27.7092 110.239
-27.7837 110.22
-27.8529 110.2
-27.93 110.183
-27.9991 110.165
-28.073 110.148
-28.1409 110.13
-28.2139 110.113
-28.2823 110.094
-28.357 110.077
-28.4265 110.058
-28.5035 110.039
-28.5734 110.019
-28.6503 110.003
-28.7216 109.984
-28.7985 109.965
-28.8697 109.945
-28.9479 109.926
-29.0156 109.907
-29.0856 109.89
-29.1499 109.872
-29.2213 109.854
-29.2875 109.836
-29.3579 109.816
-29.4217 109.796
-29.4882 109.779
-29.5487 109.762
-29.6173 109.747
-29.6792 109.731
-29.7471 109.72
-29.8069 109.707
-29.8735 109.694
-29.9349 109.679
-29.9969 109.665
-30.057 109.65
-30.1232 109.634
-30.1822 109.618
-30.2468 109.603
-30.3063 109.588
-30.369 109.575
-30.4277 109.56
-30.4974 109.544
-30.5609 109.527
-30.6284 109.513
-30.6904 109.497
-30.7607 109.48
-30.824 109.463
-30.8947 109.447
-30.9583 109.43
-31.0258 109.417
-31.0882 109.401
-31.1562 109.385
-31.2181 109.368
-31.2846 109.349
-31.3442 109.331
-31.4073 109.313
-31.4655 109.295
-31.5346 109.274
-31.5955 109.254
-31.6607 109.234
-31.7164 109.216
-31.7736 109.196
-31.8262 109.177
-31.8856 109.156
-31.9371 109.138
-31.9955 109.118
-32.0488 109.098
-32.1123 109.076
-32.1688 109.055
-32.2327 109.034
-32.2901 109.013
-32.3508 108.994
-32.4053 108.975
-32.465 108.952
-32.5196 108.929
-32.5834 108.905
-32.6439 108.88
-32.7069 108.857
-32.7636 108.834
-32.8232 108.813
-32.8807 108.79
-32.9446 108.767
-33.0018 108.745
-33.0656 108.722
-33.1244 108.699
-33.1848 108.674
-33.2386 108.651
-33.299 108.628
-33.356 108.605
-33.4212 108.58
-33.4791 108.555
-33.5432 108.528
-33.6009 108.503
-33.6645 108.477
-33.7204 108.454
-33.7791 108.431
-33.8344 108.408
-33.8913 108.385
-33.9386 108.365
-33.9901 108.346
-34.0404 108.325
-34.0939 108.305
-34.3045 108.208
-34.3625 108.191
-34.4156 108.171
-34.4724 108.149
-34.5231 108.128
-34.578 108.106
-34.6273 108.085
-34.6801 108.064
-34.7297 108.042
-34.7833 108.021
-34.8328 108
-34.8863 107.982
-34.934 107.964
-34.9892 107.945
-35.0406 107.925
-35.0973 107.906
-35.1479 107.888
-35.2048 107.867
-35.2562 107.846
-35.3165 107.825
-35.3706 107.804
-35.4244 107.785
-35.473 107.766
-35.522 107.75
-35.5623 107.736
-35.6074 107.72
-35.6521 107.703
-35.6985 107.687
-35.7444 107.67
-35.7954 107.652
-35.843 107.633
-35.8964 107.615
-35.9474 107.596
-36.006 107.577
-36.0637 107.556
-36.1287 107.536
-36.1873 107.516
-36.2478 107.497
-36.3048 107.476
-36.3636 107.46
-36.4182 107.442
-36.4804 107.424
-36.723 107.326
-36.7926 107.311
-36.8484 107.295
-37.0538 107.232
-37.3011 107.14
-37.3796 107.133
-37.4444 107.119
-37.6957 107.044
-37.7639 107.028
-38.0802 106.931
-38.1473 106.914
-38.2748 106.88
-38.4478 106.823
-38.5843 106.785
-38.6518 106.766
-38.7285 106.75
-38.7958 106.732
-38.8721 106.717
-38.9415 106.7
-39.016 106.686
-39.0833 106.67
-39.1505 106.655
-39.2108 106.639
-39.2725 106.625
-39.3281 106.61
-39.3896 106.598
-39.4435 106.586
-39.5009 106.573
-39.5538 106.56
-39.6148 106.541
-39.6708 106.523
-39.7349 106.503
-39.7932 106.484
-39.8548 106.465
-39.9085 106.448
-39.9659 106.431
-40.0193 106.413
-40.0776 106.395
-40.1318 106.377
-40.195 106.358
-40.254 106.339
-40.3172 106.318
-40.3725 106.299
-40.4345 106.28
-40.4966 106.26
-40.5644 106.238
-40.8468 106.134
-40.929 106.109
-40.9977 106.086
-41.0709 106.066
-41.1354 106.046
