0.00488308 -3.01497
0.036815 -2.9995
0.0722148 -2.98231
0.10115 -2.90274
0.133041 -2.84217
0.153989 -2.76457
0.178276 -2.70838
0.17932 -2.65072
0.192845 -2.60663
0.228533 -2.53289
0.262589 -2.47872
0.254901 -2.36206
0.263991 -2.27889
0.272189 -2.14441
0.289249 -2.05093
0.269409 -1.95581
0.267786 -1.88773
0.524259 -1.79714
0.699027 -1.72999
1.02188 -1.63358
1.23915 -1.56199
1.54295 -1.47294
1.74714 -1.40602
2.00524 -1.32999
2.18126 -1.2707
2.3971 -1.20283
2.54641 -1.14806
2.72292 -1.0857
2.84416 -1.03691
2.98887 -0.984294
3.09163 -0.940519
3.20891 -0.893788
3.29397 -0.853759
3.39285 -0.810306
3.46634 -0.772103
3.54931 -0.730157
3.6135 -0.69196
3.68512 -0.652027
3.73978 -0.617331
3.8034 -0.581461
3.85575 -0.546339
3.91594 -0.507755
3.96504 -0.472066
4.02201 -0.431399
4.0721 -0.391001
4.12892 -0.346771
4.17544 -0.307747
4.2291 -0.263334
4.27788 -0.219474
4.3323 -0.172478
4.37934 -0.129264
4.43068 -0.0867082
4.47606 -0.0459331
4.53028 -0.00231943
4.57696 0.0385182
4.62506 0.0811544
4.66789 0.121571
4.71666 0.165673
4.75923 0.206415
4.80586 0.247952
4.84734 0.287582
4.89638 0.328929
4.94034 0.369352
4.98725 0.410155
5.02777 0.447908
5.07549 0.489031
5.11911 0.529959
5.16944 0.574012
5.21411 0.616034
5.26026 0.656942
5.29846 0.692719
5.34248 0.734121
5.38174 0.77305
5.42431 0.814419
5.46353 0.854399
5.50748 0.896673
5.54716 0.936832
5.59377 0.980902
5.63536 1.02254
5.68037 1.06433
5.72287 1.10678
5.77018 1.15347
5.81194 1.19664
5.85912 1.24389
5.90282 1.28985
5.95009 1.33833
5.99462 1.38607
6.04051 1.43316
6.08189 1.47748
6.1281 1.52467
6.16992 1.5694
6.21616 1.61746
6.25656 1.66112
6.30333 1.70709
6.34778 1.75402
6.39816 1.80417
6.44425 1.85307
6.49625 1.90428
6.54332 1.95396
6.59362 2.0043
6.63932 2.05313
6.69024 2.10666
6.73698 2.15828
6.78681 2.2104
6.83025 2.2579
6.88237 2.30598
6.9312 2.35549
6.98279 2.40893
7.02782 2.45743
7.07581 2.50578
7.11999 2.55274
7.16852 2.60131
7.21152 2.64643
7.25846 2.69049
7.3046 2.73737
7.35859 2.7863
7.40809 2.83443
7.46141 2.88128
7.50845 2.92535
7.56336 2.97203
7.61301 3.01741
7.668 3.05913
7.71829 3.10143
7.77461 3.14621
7.82602 3.19037
7.88325 3.23065
7.93493 3.27118
7.99293 3.31279
8.04689 3.3554
8.10438 3.39393
8.15578 3.43208
8.20928 3.46849
8.25958 3.50621
8.31794 3.54498
8.36897 3.58161
8.42421 3.61935
8.47607 3.65749
8.53309 3.69314
8.58409 3.72788
8.64235 3.76267
8.79362 3.87575
8.86127 3.91092
8.9185 3.94559
8.98292 3.98179
9.0404 4.01697
9.10608 4.04833
9.16562 4.0809
9.23058 4.11183
9.28752 4.14216
9.35127 4.17138
9.40956 4.20179
9.47266 4.2296
9.52799 4.25704
9.58913 4.2842
9.64524 4.31229
9.70493 4.33943
9.76 4.36708
9.81979 4.3921
9.86851 4.41422
9.92518 4.43713
9.97605 4.46035
10.0309 4.48449
10.083 4.50989
10.139 4.53651
10.1908 4.5628
10.2471 4.58983
10.4692 4.71412
10.5335 4.73963
10.588 4.76541
10.6475 4.79106
10.7012 4.8168
10.7568 4.83969
10.8039 4.86106
10.8598 4.88578
10.9137 4.91224
10.9715 4.93804
11.0237 4.96345
11.0795 4.98857
11.1276 5.01198
11.1818 5.03694
11.2307 5.06124
11.2848 5.08849
11.3327 5.11375
11.3868 5.14246
11.4373 5.17023
11.4921 5.19784
11.5408 5.22355
11.5968 5.25092
11.6488 5.27798
11.7091 5.30648
11.7655 5.33525
11.8263 5.36548
11.8818 5.39463
11.9405 5.42329
11.994 5.45108
12.0511 5.47731
12.1052 5.50443
12.1633 5.53113
12.2147 5.55669
12.2698 5.58273
12.3203 5.60849
12.377 5.63644
12.4294 5.66391
12.4834 5.69162
12.532 5.71766
12.5894 5.74574
12.6415 5.77289
12.6947 5.798
12.7401 5.82069
12.7904 5.84457
12.8383 5.86907
12.8915 5.89484
13.0287 5.96913
13.0844 5.99436
13.1327 6.01876
13.2802 6.09505
13.3727 6.14548
13.4721 6.19779
13.5201 6.2232
13.5738 6.24728
13.8963 6.42026
13.9694 6.45563
14.2265 6.59598
14.3056 6.6354
14.3675 6.66886
14.5972 6.78742
14.662 6.82124
14.8999 6.95335
14.9631 6.98891
15.0363 7.02524
15.0976 7.05805
15.1592 7.08781
15.2124 7.11558
15.3702 7.20218
15.427 7.23348
15.4909 7.26833
15.5487 7.30179
15.6124 7.33554
15.6678 7.36674
15.7336 7.40224
15.7959 7.43821
15.8676 7.47755
15.9339 7.51622
16.0055 7.55974
16.0705 7.60029
16.1439 7.64014
16.2118 7.67949
16.2892 7.72091
16.3596 7.7613
16.4353 7.80195
16.5035 7.84114
16.5763 7.88125
16.6448 7.9216
16.7171 7.96363
16.7831 8.0038
16.8559 8.04339
16.9234 8.08293
16.997 8.12449
17.0623 8.16358
17.1312 8.20578
17.1943 8.24604
17.261 8.28582
17.3195 8.32251
17.3849 8.36166
17.4461 8.40052
17.5105 8.4406
17.567 8.47737
17.6268 8.51606
17.6822 8.55333
17.746 8.59227
17.8028 8.62916
17.8637 8.66881
17.9214 8.70828
17.9863 8.74939
18.0424 8.78689
18.1023 8.82482
18.1567 8.86148
18.2145 8.90014
18.2671 8.93702
18.3277 8.97717
18.3817 9.01495
18.4402 9.05184
18.4918 9.08685
18.5485 9.12179
18.5999 9.15637
18.6592 9.19551
18.7114 9.2323
18.7675 9.27132
18.8189 9.30906
18.8784 9.3526
18.9337 9.39489
18.9923 9.43728
19.0452 9.47734
19.1039 9.52008
19.1564 9.5601
19.217 9.6045
19.274 9.64857
19.3347 9.69495
19.3903 9.73922
19.4518 9.7861
19.5078 9.83075
19.5685 9.878
19.6244 9.92341
19.6848 9.97277
19.7385 10.0179
19.7976 10.0623
19.8529 10.1065
19.9106 10.148
19.9627 10.1885
20.0246 10.235
20.0818 10.2813
20.1416 10.3277
20.196 10.3727
20.2552 10.4211
20.3096 10.4681
20.3671 10.5168
20.4177 10.5615
20.472 10.6071
20.5204 10.6497
20.5755 10.6936
20.6261 10.737
20.6772 10.7798
20.7222 10.8195
20.7747 10.8629
20.8208 10.9034
20.8729 10.9472
20.9215 10.9909
20.9749 11.0377
21.2223 11.284
21.285 11.3357
21.4421 11.4929
21.5092 11.5468
21.5617 11.5944
21.616 11.6412
21.6641 11.6863
21.7153 11.7344
21.758 11.7765
21.8088 11.8234
21.8529 11.8669
21.9014 11.9117
21.9437 11.9533
21.9912 11.9986
22.034 12.0421
22.0802 12.0875
22.1225 12.1315
22.1702 12.1794
22.2145 12.2266
22.2615 12.2753
22.3029 12.3203
22.3485 12.3686
22.3897 12.4144
22.4364 12.4623
22.4779 12.5074
22.5242 12.5553
22.5666 12.602
22.6108 12.6507
22.6513 12.6974
22.6982 12.75
22.7394 12.7981
22.786 12.8489
22.8274 12.8965
22.876 12.9505
22.9192 13.0011
22.9652 13.0548
23.0082 13.1073
23.0561 13.1653
23.1001 13.2204
23.1469 13.2738
23.1875 13.3226
23.2344 13.377
23.2777 13.4302
23.3242 13.4863
23.3662 13.5396
23.4118 13.5965
23.4532 13.6504
23.5001 13.7084
23.5423 13.7633
23.5886 13.8228
23.6284 13.8761
23.6736 13.9357
23.7139 13.9912
23.7578 14.0502
23.7966 14.1048
23.8421 14.166
23.883 14.224
23.9286 14.2833
23.9679 14.3378
24.0118 14.3959
24.0505 14.4504
24.0938 14.5077
24.132 14.5621
24.1752 14.6221
24.2129 14.6778
24.255 14.7363
24.2907 14.7893
24.3292 14.845
24.3642 14.8993
24.4051 14.9596
24.4423 15.0186
24.4826 15.0822
24.5754 15.2472
24.6507 15.3636
24.7339 15.5156
24.7908 15.6278
24.8634 15.7804
24.9161 15.8966
24.9811 16.0382
25.0295 16.1501
25.0869 16.2793
25.1301 16.3836
25.1803 16.502
25.2189 16.6011
25.2637 16.7115
25.2977 16.8034
25.3354 16.9034
25.3646 16.9891
25.3982 17.0883
25.4248 17.1763
25.4537 17.274
25.4755 17.3546
25.4993 17.445
25.518 17.5247
25.539 17.6125
25.5556 17.6908
25.5743 17.7751
25.5889 17.8506
25.6042 17.9311
25.6163 18.0046
25.6296 18.0894
25.6395 18.1634
25.6509 18.2436
25.659 18.3146
25.6661 18.3959
25.671 18.47
25.6752 18.5491
25.6791 18.9173
25.6737 19.0114
25.6634 19.1447
25.6533 19.2366
25.6435 19.3172
25.6135 19.5445
25.6011 19.622
25.5892 19.7026
25.5563 19.8911
25.5458 19.974
25.5232 20.101
25.5118 20.162
25.478 20.3568
25.4525 20.4933
25.4024 20.7591
25.3766 20.8918
25.3478 21.0478
25.3246 21.1621
25.2988 21.295
25.2777 21.3953
25.2558 21.5103
25.2368 21.6005
25.2164 21.7044
25.1979 21.7887
25.1785 21.8799
25.1606 21.9554
25.1428 22.0378
25.126 22.1077
25.1087 22.1862
25.0914 22.2557
25.0732 22.335
25.0543 22.4076
25.0366 22.4834
25.0188 22.5508
24.9999 22.6286
24.9817 22.6957
24.9659 22.765
24.9481 22.8306
24.9288 22.9022
24.9095 22.9669
24.89 23.0387
24.8707 23.1031
24.8516 23.1739
24.8319 23.2391
24.8136 23.3099
24.7938 23.3763
24.7738 23.4507
24.754 23.5162
24.7347 23.5866
24.7149 23.651
24.6958 23.7195
24.6756 23.783
24.6552 23.8549
24.6333 23.9225
24.6125 23.9937
24.59 24.0616
24.5673 24.1345
24.5439 24.2023
24.5225 24.2735
24.5007 24.3382
24.48 24.4067
24.4589 24.4691
24.439 24.5356
24.4182 24.5969
24.3973 24.6646
24.3772 24.723
24.357 24.7866
24.3363 24.8445
24.316 24.908
24.2956 24.9644
24.275 25.0291
24.2525 25.0903
24.2305 25.1576
24.2088 25.2167
24.1874 25.2813
24.1653 25.34
24.1408 25.4097
24.1168 25.4712
24.0932 25.5387
24.0687 25.6009
24.045 25.6657
24.0216 25.7241
23.9979 25.7901
23.9746 25.8491
23.9526 25.9129
23.9291 25.9726
23.9045 26.0421
23.8811 26.1017
23.8566 26.1666
23.8319 26.2258
23.8065 26.2912
23.7837 26.346
23.7625 26.4015
23.7396 26.4555
23.7154 26.5176
23.6939 26.5692
23.6717 26.6256
23.6497 26.6772
23.626 26.7357
23.6031 26.7884
23.5809 26.8428
23.5609 26.8889
23.5403 26.941
23.5204 26.987
23.499 27.0378
23.4783 27.0835
23.4587 27.1315
23.4392 27.1755
23.4187 27.2228
23.3964 27.2704
23.3746 27.3202
23.3529 27.3665
23.3315 27.4165
23.3089 27.4648
23.2867 27.5147
23.264 27.562
23.2374 27.6176
23.2113 27.6694
23.1827 27.7278
23.1535 27.7847
23.1249 27.8444
23.0958 27.9016
23.0629 27.969
23.0295 28.0337
22.9939 28.1051
22.9588 28.172
22.9207 28.2469
22.8825 28.3183
22.8418 28.3982
22.8015 28.4732
22.7623 28.552
22.7246 28.6233
22.6847 28.7023
22.6465 28.7735
22.6072 28.8508
22.5683 28.9222
22.5268 29.0007
22.4882 29.07
22.4469 29.1484
22.4079 29.2183
22.3671 29.2978
22.3258 29.3722
22.2848 29.4536
22.245 29.5266
22.2069 29.6062
22.169 29.6782
22.1332 29.7546
22.0994 29.8211
22.0671 29.8916
22.0339 29.9572
22.0011 30.0286
21.9681 30.0944
21.9377 30.1642
21.9076 30.227
21.8801 30.2928
21.8527 30.3518
21.8288 30.4125
21.8043 30.4676
21.7794 30.531
21.7517 30.5923
21.7224 30.6634
21.6941 30.7264
21.6682 30.7942
21.6408 30.858
21.6144 30.9271
21.5857 30.9936
21.5575 31.0679
21.53 31.1339
21.5041 31.2052
21.476 31.2739
21.4472 31.3515
21.4186 31.4221
21.3929 31.493
21.3662 31.5597
21.3403 31.634
21.3144 31.7013
21.2905 31.7755
21.1831 32.0247
21.1624 32.1101
21.1395 32.1825
21.1177 32.2638
21.0942 32.338
21.0721 32.4221
21.0491 32.4977
21.0287 32.582
21.0064 32.6588
20.9868 32.7411
20.9655 32.816
20.9445 32.9029
20.9222 32.9819
20.9012 33.0668
20.8794 33.1433
20.8616 33.2241
20.8424 33.2973
20.8212 33.378
20.8003 33.4499
20.7805 33.5218
20.7601 33.5889
20.7381 33.6681
20.7164 33.7398
20.6949 33.8188
20.6728 33.8925
20.6511 33.9734
20.6296 34.0463
20.6094 34.1221
20.5891 34.1912
20.569 34.2654
20.5494 34.3317
20.5319 34.4032
20.514 34.4675
20.4977 34.5331
20.4817 34.5904
20.4682 34.6494
20.4535 34.7039
20.4397 34.7643
20.424 34.8219
20.4084 34.8858
20.3924 34.9431
20.3735 35.0127
20.3544 35.0768
20.3369 35.1447
20.3006 35.2604
20.2826 35.3316
20.2646 35.3932
20.2486 35.4602
20.2319 35.5208
20.2146 35.5899
20.1968 35.6527
20.1816 35.7154
20.1661 35.7713
20.1516 35.8344
20.1345 35.8962
20.1191 35.9613
20.1029 36.0204
20.0868 36.0848
20.0698 36.1445
20.0532 36.2108
20.0352 36.274
20.0175 36.3446
19.9978 36.4138
19.8789 36.8293
19.8403 36.9654
19.8212 37.0566
19.8012 37.134
19.7821 37.2199
19.7614 37.2986
19.7411 37.3803
19.7209 37.4536
19.7002 37.536
19.68 37.6089
19.6587 37.6889
19.6378 37.7609
19.6175 37.8383
19.5968 37.91
19.5749 37.9906
19.5537 38.0624
19.5334 38.1388
19.514 38.2062
19.494 38.2792
19.4742 38.3456
19.4544 38.4176
19.4344 38.484
19.4146 38.5578
19.3946 38.6252
19.3734 38.6993
19.3524 38.7673
19.3317 38.8399
19.3113 38.9061
19.2911 38.9816
19.2716 39.0479
19.2544 39.1137
19.2372 39.173
19.2198 39.2377
19.2014 39.2991
19.1831 39.3672
19.1642 39.4301
19.1451 39.4979
19.1261 39.5591
19.1078 39.6238
19.0704 39.7352
19.0511 39.8019
18.9751 40.0163
18.9535 40.0896
18.9319 40.1533
18.9112 40.2101
18.863 40.3474
18.7989 40.5134
18.7446 40.6648
18.7012 40.7778
18.5229 41.2173
18.4806 41.3218
18.4048 41.5062
18.368 41.594
18.2957 41.7619
18.261 41.8415
18.2235 41.9293
18.1908 42.001
18.156 42.0795
18.1237 42.1478
18.0884 42.2244
18.0568 42.2894
18.025 42.3565
17.9959 42.4148
17.9625 42.4813
17.9325 42.5387
17.9045 42.5969
17.8781 42.6486
17.8477 42.7103
17.8179 42.7672
17.7874 42.8269
17.7585 42.8807
17.7304 42.9401
17.7014 42.9962
17.6703 43.0579
17.6402 43.1141
17.6086 43.1779
17.5791 43.234
17.5478 43.2957
17.5177 43.3516
17.4873 43.4132
17.4584 43.4681
17.4281 43.5294
17.3985 43.5854
17.3688 43.6443
17.3406 43.6973
17.3106 43.7549
17.2825 43.8065
17.2539 43.8616
17.2255 43.9135
17.1967 43.971
17.1696 44.0221
17.1406 44.0787
17.1126 44.1305
17.0859 44.1867
17.0594 44.2385
17.0333 44.2953
17.0092 44.3444
16.9853 44.3967
16.9605 44.4466
16.9349 44.5006
16.9103 44.5496
16.8855 44.604
16.861 44.6539
16.8374 44.7082
16.8149 44.7564
16.7921 44.8084
16.7687 44.8575
16.7448 44.914
16.7207 44.9664
16.6999 45.0194
16.6807 45.0643
16.6608 45.1119
16.6412 45.1549
16.622 45.2011
16.6024 45.2442
16.5824 45.2929
16.5609 45.3401
16.538 45.3946
16.5159 45.4435
16.4939 45.4975
16.4714 45.5479
16.4483 45.6052
16.4241 45.6597
16.4003 45.7177
16.3766 45.7709
16.3543 45.8285
16.3324 45.8802
16.3123 45.9344
16.2924 45.9827
16.2722 46.0355
16.2519 46.0834
16.2316 46.1364
16.2123 46.1824
16.1939 46.2345
16.1747 46.2823
16.1558 46.3346
16.1365 46.3822
16.1172 46.4332
16.0972 46.4807
16.0774 46.5305
16.0584 46.5747
16.0393 46.6252
16.0199 46.6717
16.0009 46.7238
15.9813 46.7717
15.9596 46.8265
15.938 46.8764
15.9144 46.9337
15.89 46.9884
15.8667 47.0476
15.8429 47.1026
15.8184 47.1618
15.7932 47.2181
15.7686 47.2754
15.7436 47.3297
15.7191 47.3862
15.6942 47.44
15.6696 47.4971
15.6443 47.5519
15.6182 47.6114
15.592 47.6675
15.568 47.7264
15.5447 47.7791
15.5229 47.8316
15.5021 47.8783
15.4793 47.933
15.4548 47.9865
15.4329 48.0415
15.4099 48.0937
15.3879 48.1482
15.3656 48.1987
15.3418 48.2564
15.3189 48.3076
15.292 48.3688
15.2654 48.4256
15.2374 48.4884
15.2101 48.5462
15.1816 48.6095
15.1532 48.6691
15.1264 48.7322
15.1017 48.7866
15.0761 48.8459
15.0498 48.9025
15.0216 48.9667
14.9957 49.0223
14.9686 49.0835
14.9417 49.1406
14.9125 49.2063
14.8857 49.2634
14.8572 49.3283
14.8273 49.3913
14.7974 49.46
14.7698 49.5196
14.7417 49.5855
14.7142 49.6457
14.6905 49.706
14.6666 49.7606
14.6402 49.8218
14.6136 49.8787
14.5855 49.944
14.559 50.0014
14.5343 50.0619
14.5087 50.1185
14.481 50.1831
14.4536 50.2421
14.4273 50.303
14.4037 50.3542
14.3773 50.4144
14.3507 50.4706
14.322 50.5348
14.2933 50.5944
14.2644 50.6577
14.2355 50.7169
14.204 50.7843
14.1736 50.8457
14.1446 50.9094
14.1165 50.9674
14.0878 51.0299
14.0594 51.088
14.0285 51.1579
13.9996 51.2189
13.9714 51.2828
13.9445 51.3397
13.9178 51.4008
13.8912 51.457
13.8627 51.5222
13.8331 51.5841
13.8014 51.6505
13.7708 51.7114
13.7397 51.7784
13.7094 51.8398
13.6813 51.9025
13.6545 51.9583
13.6254 52.022
13.5968 52.0807
13.5689 52.1429
13.5413 52.1998
13.5156 52.2605
13.4912 52.3136
13.4662 52.3718
13.4413 52.4248
13.4158 52.4839
13.3898 52.5387
13.364 52.5973
13.3368 52.6533
13.3108 52.7134
13.2863 52.7657
13.2611 52.8205
13.2349 52.8731
13.2094 52.9291
13.1846 52.9798
13.1604 53.0333
13.1372 53.0812
13.1119 53.1354
13.086 53.187
13.0618 53.2403
13.0379 53.2891
13.0115 53.3447
12.9838 53.3989
12.9593 53.4531
12.936 53.5009
12.9089 53.5556
12.884 53.6039
12.8574 53.6587
12.8316 53.7089
12.8075 53.7617
12.7854 53.8071
12.7612 53.862
12.7359 53.9142
12.71 53.9716
12.6849 54.0234
12.6621 54.0764
12.6391 54.1253
12.6131 54.1845
12.5876 54.2384
12.5618 54.2991
12.5373 54.3526
12.5117 54.4124
12.4859 54.4682
12.4607 54.5301
12.4373 54.5834
12.4165 54.6393
12.3944 54.6919
12.3703 54.751
12.3465 54.805
12.3258 54.8607
12.256 55.0073
12.2323 55.076
12.2068 55.1382
12.1824 55.2079
12.1585 55.2686
12.1361 55.3333
12.1135 55.3914
12.093 55.4532
12.0706 55.5119
12.0484 55.5766
12.027 55.6328
12.0066 55.6946
11.9852 55.7513
11.9643 55.8126
11.9444 55.8652
11.9249 55.9231
11.9048 55.9762
11.885 56.0327
11.8644 56.0853
11.8436 56.145
11.822 56.2004
11.8004 56.2612
11.7781 56.318
11.6851 56.5487
11.6617 56.6113
11.6372 56.6803
11.6122 56.7432
11.588 56.8123
11.5638 56.8747
11.5357 56.9435
11.5083 57.0072
11.4778 57.0812
11.4486 57.1483
11.4201 57.2201
11.3928 57.2842
11.366 57.349
11.3396 57.4089
11.3099 57.4789
11.2062 57.694
11.0816 57.9794
11.0366 58.0808
10.9559 58.2888
10.9325 58.3515
10.8568 58.53
10.8284 58.5978
10.7982 58.6744
10.7152 58.8527
10.6861 58.9161
10.6132 59.1094
10.5605 59.2438
10.4936 59.4245
10.4416 59.5592
10.3817 59.7189
10.3343 59.8399
10.2828 59.9789
10.2416 60.0851
10.198 60.2051
10.1597 60.3035
10.1213 60.4064
10.0889 60.4888
10.0536 60.5795
10.0212 60.6583
9.98655 60.7422
9.95728 60.811
9.92444 60.8896
9.8955 60.9567
9.86841 61.0291
9.8437 61.0911
9.81708 61.1633
9.7925 61.2256
9.76736 61.2943
9.74324 61.3555
9.71881 61.4221
9.6947 61.4829
9.6694 61.5496
9.64575 61.6083
9.62111 61.6736
9.59884 61.7292
9.57657 61.7877
9.55439 61.8419
9.53394 61.8979
9.514 61.948
9.4923 62.004
9.47335 62.0503
9.45219 62.1042
9.42963 62.1572
9.40785 62.2103
9.38815 62.256
9.36692 62.31
9.3447 62.362
9.32266 62.4146
9.30267 62.4601
9.28273 62.5098
9.26183 62.5579
9.23806 62.6117
9.21571 62.6603
9.19127 62.7144
9.167 62.7659
9.14098 62.8249
9.115 62.8805
9.08791 62.9405
9.06042 62.998
9.0342 63.0555
9.0101 63.1059
8.98478 63.162
8.95818 63.2173
8.93117 63.2782
8.90456 63.3342
8.87708 63.3989
8.84968 63.4585
8.82258 63.522
8.79512 63.5813
8.76667 63.6481
8.73667 63.7123
8.7067 63.7809
8.67856 63.8411
8.6495 63.9075
8.61825 63.9725
8.58516 64.0404
8.55382 64.1017
8.52044 64.1713
8.48747 64.236
8.4528 64.308
8.41784 64.376
8.38377 64.4491
8.35142 64.5138
8.31746 64.5856
8.28358 64.6521
8.24901 64.7243
8.2165 64.7878
8.18347 64.8559
8.14981 64.9202
8.11435 64.9923
8.07925 65.0587
8.04371 65.1297
8.01097 65.1912
7.9752 65.2628
7.93877 65.3303
7.89974 65.4031
7.8618 65.4702
7.8231 65.5419
7.76921 65.6345
7.7173 65.7266
7.68121 65.7901
7.646 65.8594
7.61073 65.9243
7.57532 65.9951
7.5396 66.0619
7.50459 66.1318
7.46963 66.1976
7.43913 66.2628
7.40845 66.3236
7.37793 66.3926
7.34606 66.4584
7.31484 66.5274
7.28415 66.5906
7.25448 66.6582
7.2249 66.7206
7.19675 66.7886
7.16693 66.8536
7.13792 66.9244
7.1095 66.9877
7.08004 67.055
7.04986 67.1189
7.0185 67.1906
6.98842 67.2551
6.95617 67.3267
6.92568 67.391
6.89725 67.462
6.8679 67.5285
6.84075 67.5984
6.81396 67.661
6.78627 67.731
6.75891 67.7943
6.73233 67.8639
6.70512 67.9281
6.67814 67.9996
6.65055 68.0653
6.62098 68.1378
6.5922 68.2033
6.56284 68.2717
6.53432 68.3346
6.50588 68.4045
6.4763 68.4717
6.44766 68.5464
6.41856 68.6156
6.38928 68.6906
6.35862 68.7624
6.32611 68.846
6.29173 68.9269
6.26145 69.0069
6.23091 69.0808
6.20283 69.1602
6.17408 69.2329
6.14585 69.3105
6.11625 69.3836
6.08704 69.4605
6.05868 69.5292
6.03072 69.6035
6.00202 69.673
5.9728 69.7477
5.94362 69.8167
5.91381 69.8917
5.88404 69.9611
5.85673 70.0353
5.82888 70.1036
5.79774 70.1804
5.7679 70.2495
5.7401 70.3252
5.71152 70.3951
5.68477 70.4701
5.65755 70.538
5.62897 70.615
5.60106 70.6831
5.57566 70.7521
5.54964 70.8149
5.52312 70.8848
5.49527 70.9502
5.4665 71.0245
5.43713 71.0926
5.405 71.1679
5.37461 71.234
5.34442 71.3041
5.31475 71.3674
5.28496 71.4369
5.25536 71.4999
5.22516 71.5658
5.19733 71.6226
5.167 71.6871
5.13545 71.749
5.1045 71.8153
5.07525 71.8737
5.0454 71.9352
5.01614 71.9913
4.98428 72.0547
4.95306 72.113
4.92121 72.1756
4.88954 72.2338
4.8578 72.2966
4.82644 72.3546
4.79261 72.4202
4.7626 72.4754
4.73034 72.5337
4.69874 72.5883
4.66464 72.6487
4.63131 72.7052
4.59788 72.7667
4.56661 72.8214
4.53349 72.881
4.50263 72.9342
4.46858 72.9955
4.43514 73.0529
4.40063 73.1143
4.36634 73.1726
4.3302 73.2367
4.29554 73.2958
4.25968 73.3596
4.22658 73.4163
4.19213 73.4815
4.15999 73.5393
4.12785 73.6001
4.09528 73.6583
4.06185 73.7236
4.03039 73.7817
3.99686 73.8464
3.96259 73.9087
3.92793 73.9785
3.89526 74.0409
3.86436 74.1074
3.83397 74.1683
3.80395 74.2325
3.77583 74.2894
3.75012 74.3477
3.724 74.4027
3.69857 74.4642
3.67447 74.5184
3.65271 74.577
3.62968 74.632
3.60411 74.6938
3.57742 74.7537
3.48065 74.9944
3.46044 75.0551
3.4452 75.1169
3.42649 75.1746
3.40685 75.2394
3.38621 75.2989
3.36665 75.363
3.34657 75.4215
3.32739 75.4866
3.30842 75.5437
3.28757 75.6118
3.26562 75.6753
3.24542 75.7458
3.22441 75.8096
3.20023 75.8822
3.17528 75.9504
3.15117 76.0213
3.12736 76.0858
3.10417 76.1591
3.08107 76.2249
3.06023 76.2932
3.03758 76.3581
3.01712 76.4271
2.9947 76.4922
2.97187 76.5633
2.94884 76.6275
2.92585 76.701
2.90212 76.7679
2.8774 76.8414
2.85383 76.9049
2.82954 76.9758
2.80603 77.0377
2.78292 77.1007
2.75911 77.1595
2.73612 77.2215
2.71292 77.2783
2.68743 77.3406
2.66365 77.3953
2.63861 77.4559
2.61495 77.5099
2.59136 77.5686
2.56709 77.6242
2.54533 77.6802
2.52528 77.728
2.50525 77.7788
2.44308 77.9086
2.4227 77.9662
2.34494 78.1273
2.31771 78.1905
2.27099 78.285
2.24654 78.3427
2.22445 78.3907
2.1787 78.4906
2.13163 78.587
2.1091 78.6433
2.04437 78.7751
2.01968 78.8358
1.99727 78.8856
1.80042 79.3127
1.68631 79.5457
1.63482 79.6789
1.60917 79.7412
1.58227 79.8085
1.55747 79.8653
1.53264 79.9264
1.50872 79.9806
1.48088 80.0434
1.45537 80.0978
1.42954 80.1537
1.40525 80.2039
1.38228 80.2566
1.35831 80.3076
1.33206 80.364
1.3064 80.4166
1.2778 80.4778
1.24967 80.5351
1.22172 80.5985
1.19474 80.6558
1.16672 80.7155
1.13907 80.7714
1.11072 80.8285
1.08346 80.8816
1.05622 80.9385
1.03082 80.9891
0.917743 81.228
0.89495 81.2794
0.874649 81.3338
0.853611 81.3822
0.833534 81.4361
0.814875 81.4809
0.794261 81.5329
0.774154 81.5788
0.753629 81.634
0.734171 81.6811
0.715672 81.734
0.694191 81.7858
0.673233 81.8425
0.652251 81.893
0.632197 81.9455
0.612699 81.9917
0.592218 82.0472
0.569863 82.1002
0.545772 82.1619
0.522516 82.2164
0.499436 82.2765
0.474709 82.3342
0.452207 82.3942
0.427451 82.4528
0.401676 82.5181
0.375217 82.5796
0.350948 82.6441
0.326206 82.7039
0.300708 82.7731
0.274933 82.8367
0.248634 82.9051
0.223442 82.9661
0.199401 83.0326
0.17283 83.0984
0.147953 83.1706
0.123596 83.2346
0.100818 83.3043
0.0770663 83.3686
0.0554974 83.4383
0.0329131 83.502
0.00943995 83.5739
-0.0145554 83.6399
-0.0381245 83.7086
-0.0604221 83.7688
-0.0824266 83.8344
-0.104185 83.8937
-0.126737 83.9578
-0.149831 84.0183
-0.171629 84.082
-0.193341 84.1401
-0.216771 84.204
-0.238794 84.2605
-0.261378 84.3246
-0.284313 84.3843
-0.307602 84.4463
-0.330528 84.5037
-0.354227 84.5687
-0.37792 84.6287
-0.405354 84.6957
-0.432633 84.7595
-0.458793 84.827
-0.484244 84.8887
-0.511077 84.9566
-0.537802 85.0199
-0.568738 85.0961
-0.600336 85.1692
-0.630996 85.2455
-0.660211 85.3137
-0.692582 85.3887
-0.722492 85.4549
-0.754288 85.5303
-0.785344 85.5995
-0.816041 85.6764
-0.846445 85.7464
-0.876489 85.8184
-0.904804 85.8817
-0.933827 85.9474
-0.962258 86.0078
-0.99173 86.0733
-1.0189 86.1304
-1.04677 86.192
-1.07389 86.2482
-1.09998 86.3077
-1.12556 86.3617
-1.15157 86.42
-1.17645 86.4719
-1.20227 86.5317
-1.22919 86.5882
-1.25994 86.6507
-1.29109 86.7106
-1.32427 86.7753
-1.3557 86.8342
-1.38759 86.8974
-1.41791 86.9545
-1.44628 87.0163
-1.47511 87.074
-1.50442 87.137
-1.53415 87.1959
-1.56529 87.2604
-1.59401 87.3163
-1.62148 87.3755
-1.65009 87.432
-1.67987 87.4943
-1.70724 87.548
-1.73508 87.6053
-1.76255 87.6582
-1.79027 87.7115
-1.81691 87.7607
-1.84347 87.8147
-1.86992 87.8652
-1.89715 87.922
-1.9244 87.9748
-1.95469 88.0357
-1.98561 88.0939
-2.01749 88.1576
-2.05005 88.2188
-2.08356 88.2858
-2.11508 88.3457
-2.14853 88.4146
-2.18004 88.4758
-2.21113 88.5405
-2.24264 88.6014
-2.27215 88.6671
-2.30158 88.727
-2.33363 88.7914
-2.3647 88.8507
-2.3947 88.9143
-2.4223 88.9693
-2.44818 89.024
-2.47441 89.0755
-2.50179 89.1333
-2.52859 89.1864
-2.55506 89.2445
-2.57907 89.294
-2.60357 89.3507
-2.62817 89.4027
-2.65298 89.462
-2.67689 89.5143
-2.70291 89.574
-2.73035 89.6316
-2.75829 89.6917
-2.78408 89.7445
-2.81241 89.804
-2.84222 89.8636
-2.87061 89.9267
-2.899 89.9862
-2.92774 90.0522
-2.95663 90.1141
-2.98456 90.1815
-3.01253 90.2438
-3.04204 90.3134
-3.07098 90.3774
-3.09856 90.4452
-3.1252 90.5063
-3.15066 90.5724
-3.17687 90.6343
-3.2008 90.6975
-3.22291 90.7517
-3.24389 90.8112
-3.26575 90.8666
-3.28497 90.9243
-3.30452 90.9761
-3.3226 91.0323
-3.33983 91.0801
-3.35767 91.1354
-3.37801 91.1894
-3.39932 91.2498
-3.42014 91.3039
-3.43862 91.3611
-3.45803 91.414
-3.47604 91.47
-3.49564 91.5234
-3.51341 91.5857
-3.53212 91.6418
-3.54803 91.7009
-3.56575 91.7557
-3.58209 91.8158
-3.59954 91.8703
-3.61852 91.9319
-3.63786 91.988
-3.65641 92.052
-3.67627 92.1117
-3.6951 92.1753
-3.7146 92.2341
-3.73287 92.2959
-3.75065 92.3504
-3.7685 92.4112
-3.78542 92.4637
-3.80037 92.5231
-3.81723 92.5793
-3.83192 92.6416
-3.84912 92.7008
-3.86558 92.7625
-3.88243 92.8177
-3.90059 92.8783
-3.91911 92.9339
-3.93918 92.993
-3.95936 93.0486
-3.97782 93.1084
-3.99604 93.1619
-4.01489 93.2226
-4.07583 93.3808
-4.10023 93.4499
-4.12313 93.5096
-4.1442 93.5735
-4.16616 93.6334
-4.1907 93.7021
-4.21492 93.7649
-4.24011 93.8325
-4.26533 93.8956
-4.29093 93.9667
-4.31649 94.032
-4.34275 94.0999
-4.36731 94.1597
-4.39338 94.2253
-4.41883 94.2856
-4.44496 94.3509
-4.47102 94.4119
-4.49925 94.4786
-4.52532 94.5376
-4.55062 94.6005
-4.5768 94.6609
-4.59957 94.7228
-4.62273 94.7795
-4.64681 94.8431
-4.66993 94.8989
-4.69628 94.9645
-4.72259 95.0247
-4.75168 95.092
-4.78016 95.1539
-4.80652 95.2206
-4.83136 95.2783
-4.85704 95.3413
-4.88158 95.3967
-4.9089 95.4568
-4.93569 95.5127
-4.96425 95.5729
-4.99244 95.6296
-5.02152 95.6927
-5.05186 95.7545
-5.0841 95.8222
-5.11365 95.8814
-5.14707 95.9462
-5.17903 96.0062
-5.21263 96.0725
-5.24395 96.1319
-5.27594 96.1977
-5.30572 96.2556
-5.4202 96.4693
-5.55808 96.7143
-5.59675 96.7979
-5.63019 96.863
-5.87796 97.321
-5.91007 97.3824
-5.94221 97.4519
-6.05648 97.6995
-6.12271 97.841
-6.18103 97.979
-6.22389 98.0758
-6.27069 98.1946
-6.30881 98.2862
-6.35022 98.3912
-6.38493 98.4745
-6.42132 98.5646
-6.45228 98.6377
-6.48638 98.723
-6.51685 98.795
-6.54556 98.8726
-6.57299 98.9409
-6.59868 99.0127
-6.62138 99.0718
-6.64365 99.1365
-6.66512 99.1934
-6.6889 99.2601
-6.7115 99.3189
-6.73495 99.3815
-6.75857 99.4405
-6.78132 99.5045
-6.80237 99.5598
-6.82056 99.6206
-6.83847 99.6735
-6.85589 99.7305
-6.87455 99.7838
-6.89266 99.8385
-6.91105 99.8887
-6.928 99.9409
-6.94547 99.9891
-6.96303 100.046
-6.98111 100.098
-7.00032 100.157
-7.02065 100.212
-7.04227 100.271
-7.06411 100.327
-7.08759 100.391
-7.1105 100.449
-7.13465 100.513
-7.15797 100.571
-7.18211 100.633
-7.20668 100.691
-7.23166 100.755
-7.25583 100.813
-7.28089 100.874
-7.30461 100.929
-7.32764 100.985
-7.35098 101.037
-7.37655 101.1
-7.40082 101.155
-7.42436 101.212
-7.44582 101.26
-7.46792 101.314
-7.49199 101.367
-7.51625 101.424
-7.5398 101.476
-7.56486 101.535
-7.59346 101.596
-7.62285 101.663
-7.65122 101.723
-7.68162 101.787
-7.71356 101.851
-7.75005 101.924
-7.78425 101.99
-7.8189 102.062
-7.85279 102.129
-7.88533 102.201
-7.91734 102.266
-7.95182 102.337
-7.98582 102.404
-8.02005 102.473
-8.05158 102.533
-8.08343 102.6
-8.11565 102.662
-8.14954 102.73
-8.18231 102.793
-8.21567 102.859
-8.24939 102.921
-8.28285 102.987
-8.31664 103.049
-8.35199 103.119
-8.38627 103.182
-8.42438 103.25
-8.46183 103.314
-8.49895 103.382
-8.53471 103.444
-8.5724 103.513
-8.60799 103.574
-8.64448 103.64
-8.68022 103.7
-8.71673 103.765
-8.75277 103.825
-8.79103 103.892
-8.82563 103.949
-8.86499 104.015
-8.90364 104.077
-8.94603 104.145
-8.98559 104.206
-9.0268 104.269
-9.06668 104.328
-9.10972 104.396
-9.15214 104.46
-9.1955 104.528
-9.23686 104.59
-9.28307 104.659
-9.32758 104.723
-9.37443 104.793
-9.41748 104.856
-9.46105 104.922
-9.50345 104.983
-9.54982 105.051
-9.59326 105.112
-9.63808 105.179
-9.68087 105.239
-9.72617 105.306
-9.76967 105.368
-9.81384 105.436
-9.85434 105.495
-9.89643 105.56
-9.93587 105.617
-9.97921 105.681
-10.0201 105.738
-10.0618 105.802
-10.1018 105.86
-10.1456 105.925
-10.1889 105.987
-10.2339 106.053
-10.2722 106.108
-10.3153 106.174
-10.3598 106.237
-10.4011 106.301
-10.441 106.358
-10.4807 106.419
-10.5166 106.472
-10.5515 106.527
-10.5855 106.576
-10.6211 106.627
-10.6549 106.673
-10.6896 106.725
-10.7197 106.767
-10.7519 106.816
-10.7838 106.861
-10.8166 106.909
-10.8474 106.951
-10.8801 106.998
-10.9114 107.04
-10.9461 107.087
-10.979 107.129
-11.0127 107.174
-11.045 107.216
-11.0812 107.264
-11.1171 107.31
-11.1569 107.36
-11.1956 107.407
-11.2334 107.455
-11.2675 107.497
-11.3032 107.545
-11.3367 107.588
-11.3726 107.635
-11.4082 107.679
-11.4456 107.728
-11.4806 107.771
-11.5188 107.819
-11.5551 107.863
-11.5931 107.912
-11.6306 107.957
-11.6706 108.007
-11.7097 108.053
-11.7506 108.102
-11.7876 108.144
-11.8305 108.196
-11.8714 108.242
-11.9158 108.294
-11.9552 108.339
-11.9965 108.39
-12.0375 108.438
-12.0787 108.487
-12.1158 108.529
-12.1514 108.574
-12.1879 108.616
-12.2255 108.66
-12.2594 108.698
-12.2966 108.741
-12.3315 108.779
-12.3732 108.825
-12.4123 108.866
-12.4517 108.91
-12.4904 108.95
-12.5343 108.995
-12.5755 109.035
-12.6178 109.08
-12.6566 109.12
-12.6979 109.165
-12.7379 109.206
-12.7797 109.25
-12.8188 109.289
-12.8594 109.33
-12.8985 109.368
-12.9424 109.411
-12.9841 109.45
-13.0285 109.493
-13.0695 109.531
-13.1156 109.575
-13.1574 109.613
-13.2008 109.653
-13.243 109.691
-13.292 109.733
-13.34 109.773
-13.3922 109.818
-13.4404 109.858
-13.4923 109.901
-13.5412 109.939
-13.598 109.988
-13.6503 110.03
-13.7052 110.076
-13.7538 110.114
-13.8102 110.157
-13.8633 110.196
-13.9209 110.237
-13.9741 110.273
-14.0301 110.313
-14.0826 110.348
-14.1387 110.385
-14.1885 110.416
-14.245 110.452
-14.3727 110.528
-14.4781 110.589
-14.5775 110.643
-14.6341 110.674
-14.683 110.699
-14.7342 110.729
-14.7821 110.755
-14.8372 110.787
-14.8853 110.813
-14.9407 110.84
-14.9925 110.863
-15.049 110.889
-15.1004 110.911
-15.1602 110.939
-15.2166 110.963
-15.2765 110.988
-15.3309 111.009
-15.3949 111.032
-15.4535 111.052
-15.5182 111.074
-15.5755 111.094
-15.6376 111.114
-15.6953 111.133
-15.7604 111.153
-15.8213 111.172
-15.8865 111.194
-15.944 111.213
-16.0064 111.234
-16.0621 111.251
-16.1194 111.268
-16.177 111.285
-16.2358 111.304
-16.2851 111.318
-16.3393 111.335
-16.3922 111.35
-16.4498 111.37
-16.5014 111.386
-16.5596 111.404
-16.6158 111.419
-16.679 111.436
-16.8774 111.48
-16.9402 111.499
-17.1122 111.534
-17.3542 111.579
-17.4142 111.59
-17.4825 111.606
-17.6621 111.634
-17.7952 111.657
-17.8615 111.667
-17.9377 111.679
-18.0058 111.687
-18.2066 111.715
-18.2733 111.725
-18.4076 111.74
-18.4783 111.747
-18.5589 111.758
-18.872 111.771
-18.9623 111.783
-19.3633 111.779
-19.4631 111.786
-19.5401 111.788
-19.6266 111.793
-19.7033 111.794
-19.7835 111.797
-19.8502 111.797
-19.9248 111.795
-19.9948 111.791
-20.0682 111.79
-20.1326 111.787
-20.2065 111.784
-20.2722 111.779
-20.3395 111.777
-20.4004 111.773
-20.4705 111.771
-20.5339 111.768
-20.6016 111.763
-20.6655 111.757
-20.7354 111.752
-20.7982 111.745
-20.869 111.738
-20.9391 111.728
-21.0154 111.717
-21.0858 111.706
-21.1615 111.696
-21.2306 111.685
-21.3055 111.676
-21.3767 111.665
-21.4527 111.656
-21.5215 111.646
-21.6015 111.641
-21.6719 111.633
-21.75 111.627
-21.8229 111.618
-21.8984 111.608
-21.9668 111.596
-22.0435 111.587
-22.1135 111.576
-22.1858 111.565
-22.2513 111.553
-22.3196 111.541
-22.3806 111.53
-22.4464 111.52
-22.509 111.509
-22.5773 111.5
-22.6395 111.489
-22.7067 111.478
-22.7664 111.466
-22.8303 111.455
-22.8917 111.442
-22.9595 111.43
-23.0218 111.417
-23.0865 111.404
-23.1427 111.391
-23.2026 111.381
-23.2609 111.369
-23.3265 111.359
-23.3899 111.346
-23.4551 111.334
-23.5127 111.322
-23.5769 111.31
-23.6339 111.297
-23.6961 111.285
-23.755 111.271
-23.8213 111.258
-23.8807 111.245
-23.9444 111.232
-23.9999 111.22
-24.059 111.206
-24.1159 111.191
-24.1779 111.175
-24.2333 111.16
-24.2934 111.148
-24.3462 111.135
-24.4044 111.122
-24.4562 111.109
-24.5191 111.094
-24.5742 111.08
-24.633 111.069
-24.6871 111.057
-24.7488 111.04
-24.8068 111.024
-24.8716 111.008
-24.9296 110.992
-24.9982 110.973
-25.063 110.954
-25.1346 110.934
-25.2023 110.913
-25.2773 110.892
-25.3475 110.87
-25.4241 110.847
-25.495 110.825
-25.5668 110.804
-25.6319 110.783
-25.6995 110.762
-25.764 110.741
-25.8366 110.72
-25.9048 110.699
-25.9795 110.678
-26.0479 110.658
-26.1235 110.639
-26.1894 110.621
-26.2589 110.605
-26.3229 110.587
-26.3973 110.571
-26.4657 110.553
-26.5392 110.538
-26.6088 110.52
-26.6814 110.504
-26.7473 110.486
-26.8205 110.469
-26.8855 110.452
-26.9567 110.437
-27.024 110.419
-27.092 110.405
-27.1549 110.389
-27.225 110.374
-27.2888 110.358
-27.3583 110.34
-27.4217 110.322
-27.495 110.305
-27.5648 110.285
-27.6432 110.268
-27.7156 110.249
-27.7925 110.232
-27.8588 110.215
-27.9339 110.197
-28.0033 110.178
-28.0751 110.161
-28.1422 110.143
-28.2138 110.123
-28.2821 110.102
-28.361 110.081
-28.4327 110.06
-28.5078 110.041
-28.5766 110.021
-28.6483 110.002
-28.7138 109.982
-28.7869 109.964
-28.8571 109.943
-28.9341 109.925
-29.0039 109.906
-29.0781 109.889
-29.1437 109.872
-29.2154 109.855
-29.2819 109.836
-29.3514 109.822
-29.4136 109.806
-29.4824 109.791
-29.545 109.775
-29.615 109.758
-29.6777 109.741
-29.7456 109.724
-29.8068 109.708
-29.8769 109.693
-29.9392 109.677
-30.0038 109.662
-30.0664 109.646
-30.1327 109.629
-30.1917 109.612
-30.2554 109.597
-30.3146 109.581
-30.3786 109.566
-30.4381 109.55
-30.5046 109.539
-30.566 109.525
-30.634 109.513
-30.6974 109.498
-30.7645 109.487
-30.8259 109.473
-30.8932 109.458
-30.9546 109.442
-31.0223 109.426
-31.0848 109.409
-31.1522 109.39
-31.2136 109.372
-31.2771 109.353
-31.3336 109.334
-31.4002 109.314
-31.4609 109.294
-31.53 109.275
-31.5908 109.255
-31.6578 109.234
-31.7146 109.214
-31.7726 109.195
-31.8276 109.175
-31.8899 109.155
-31.9468 109.135
-32.0094 109.113
-32.0644 109.092
-32.1224 109.071
-32.173 109.051
-32.2321 109.031
-32.2881 109.009
-32.3486 108.985
-32.4012 108.963
-32.4584 108.939
-32.5116 108.916
-32.5756 108.893
-32.6359 108.87
-32.6988 108.847
-32.7562 108.825
-32.8163 108.802
-32.8721 108.779
-32.9314 108.754
-32.9869 108.73
-33.0466 108.705
-33.1029 108.68
-33.1655 108.655
-33.221 108.632
-33.2831 108.609
-33.3407 108.586
-33.4052 108.563
-33.4632 108.539
-33.5254 108.514
-33.58 108.49
-33.6427 108.466
-33.7011 108.441
-33.7621 108.42
-33.8177 108.398
-33.8745 108.376
-33.9219 108.357
-33.974 108.335
-34.0247 108.313
-34.0778 108.291
-34.1675 108.25
-34.2215 108.234
-34.3159 108.195
-34.3726 108.179
-34.4246 108.16
-34.4776 108.145
-34.525 108.128
-34.5823 108.109
-34.6332 108.09
-34.6874 108.072
-34.7378 108.053
-34.7928 108.034
-34.8432 108.014
-34.8957 107.996
-34.9437 107.978
-35.0018 107.958
-35.0544 107.937
-35.1075 107.917
-35.1548 107.898
-35.2097 107.877
-35.2604 107.855
-35.3185 107.832
-35.3712 107.809
-35.4255 107.788
-35.4741 107.769
-35.5232 107.751
-35.5636 107.736
-35.6119 107.719
-35.6577 107.702
-35.7062 107.686
-35.7541 107.668
-35.8071 107.651
-35.8559 107.632
-35.9098 107.613
-35.9611 107.592
-36.0186 107.574
-36.0756 107.554
-36.1402 107.533
-36.1993 107.511
-36.2593 107.492
-36.3153 107.472
-36.3712 107.451
-36.4238 107.431
-36.4844 107.413
-36.5798 107.378
-36.6853 107.345
-36.7385 107.328
-36.7926 107.312
-36.842 107.296
-37.051 107.227
-37.1108 107.211
-37.2179 107.17
-37.3807 107.127
-37.4986 107.092
-38.2746 106.851
-38.3872 106.822
-38.5253 106.797
-38.6264 106.774
-38.7402 106.748
-38.8324 106.724
-38.9328 106.7
-39.0154 106.678
-39.0992 106.658
-39.1715 106.639
-39.247 106.618
-39.3134 106.598
-39.3833 106.583
-39.4431 106.567
-39.515 106.553
-39.5765 106.538
-39.6471 106.522
-39.7105 106.506
-39.7749 106.489
-39.832 106.472
-39.8934 106.453
-39.9474 106.435
-40.0082 106.416
-40.0639 106.397
-40.1278 106.376
-40.1866 106.356
-40.2507 106.336
-40.3086 106.317
-40.3694 106.298
-40.4239 106.279
-40.4917 106.257
-40.5561 106.234
-40.8636 106.128
-40.9303 106.106
-41.0068 106.083
-41.0732 106.061
-41.1455 106.039
