0.173161 -2.95029
0.209671 -2.93315
0.248862 -2.91465
0.286197 -2.89688
0.316499 -2.88719
0.349829 -2.87524
0.385625 -2.87825
0.422502 -2.8745
0.49095 -2.87881
0.547785 -2.87661
0.534306 -2.89914
0.538048 -2.90901
0.569298 -2.93773
0.600828 -2.95146
0.639838 -3.04228
0.678274 -3.09511
0.731287 -3.13849
0.778019 -3.16058
0.805125 -3.20174
0.83509 -3.22248
0.817827 -3.26308
0.821723 -3.28219
0.877496 -3.29431
0.9252 -3.29621
0.974224 -3.32229
1.01828 -3.33332
1.07987 -3.33224
1.13223 -3.32573
1.22744 -3.27568
1.30157 -3.23743
1.36713 -3.21643
1.42347 -3.19633
1.42672 -3.17246
1.44035 -3.1519
1.43892 -3.1254
1.45306 -3.10099
1.47572 -3.09468
1.5038 -3.08373
1.51544 -3.06123
1.54053 -3.03766
1.58983 -2.98967
1.63651 -2.9509
1.71837 -2.91282
1.78852 -2.87956
1.81355 -2.88227
1.84196 -2.8775
1.91748 -2.86085
1.98547 -2.84064
2.08841 -2.82001
2.17036 -2.79805
2.24538 -2.76786
2.30976 -2.73981
2.38041 -2.69164
2.44332 -2.65084
2.46729 -2.5868
2.49688 -2.53739
2.4873 -2.49866
2.49663 -2.46517
2.47948 -2.4293
2.48259 -2.39885
2.4303 -2.36479
2.41291 -2.33401
2.41486 -2.28916
2.43247 -2.25167
2.48376 -2.18833
2.52808 -2.14112
2.56323 -2.10065
2.60025 -2.06659
2.63506 -2.03373
2.67404 -2.00339
2.71183 -1.97967
2.75127 -1.95597
2.76746 -1.91299
2.79369 -1.8766
2.89933 -1.87906
2.98207 -1.87171
3.02733 -1.87367
3.07382 -1.86502
3.11954 -1.79355
3.16663 -1.73724
3.22175 -1.68964
3.27528 -1.64826
3.32559 -1.55889
3.37193 -1.49304
3.44019 -1.38859
3.50138 -1.31159
3.54419 -1.26424
3.58571 -1.22543
3.61746 -1.18076
3.65893 -1.13933
3.7201 -1.13012
3.77531 -1.114
3.8206 -1.07994
3.86796 -1.04637
3.88739 -1.03301
3.91782 -1.0129
3.93909 -1.04398
3.97134 -1.05153
4.00025 -1.04869
4.03604 -1.03551
4.06456 -0.998839
4.1029 -0.962929
4.12753 -0.986669
4.15917 -0.992107
4.17585 -1.00318
4.205 -0.998502
4.23337 -0.98724
4.26656 -0.970595
4.26246 -0.994112
4.28072 -0.996142
4.29186 -0.995028
4.31606 -0.983092
4.36659 -0.971774
4.41612 -0.952913
4.49563 -0.937196
4.56413 -0.915299
4.63878 -0.869982
4.7046 -0.828923
4.70747 -0.740236
4.72733 -0.670684
4.67886 -0.569166
4.6642 -0.493142
4.5744 -0.456276
4.53634 -0.42016
4.45593 -0.390444
4.42272 -0.35966
4.35416 -0.290176
4.32821 -0.234922
4.26758 -0.187916
4.24403 -0.148501
4.2232 -0.08718
4.22841 -0.0369433
4.24744 -0.0106479
4.27599 0.0154367
4.28665 0.0272063
4.31424 0.0461494
4.34332 0.0882654
4.38178 0.125719
4.42588 0.22315
4.4716 0.294467
4.50363 0.35545
4.54238 0.403637
4.57702 0.410251
4.6174 0.423184
4.64219 0.448378
4.67575 0.472212
4.69177 0.569632
4.72114 0.640747
4.72672 0.752795
4.74588 0.831609
4.76367 0.921424
4.79143 0.985588
4.8006 1.10334
4.82629 1.18749
4.84784 1.29789
4.87288 1.37307
4.88307 1.47085
4.90549 1.53939
4.92633 1.60952
4.95704 1.66139
4.97888 1.68334
5.01197 1.70468
5.05075 1.74491
5.26769 1.85631
5.2848 1.91414
5.31556 1.95177
5.33408 1.99375
5.36022 2.02514
5.37044 2.06488
5.39193 2.09612
5.4483 2.1538
5.50324 2.19757
5.54932 2.23903
5.59575 2.27238
5.61507 2.2989
5.64085 2.32133
5.68809 2.34094
5.73349 2.3597
5.76994 2.36241
5.81076 2.371
5.88186 2.4013
5.94419 2.42771
6.01167 2.43756
6.07045 2.45023
6.09333 2.41076
6.12727 2.39304
6.18464 2.39841
6.23909 2.40883
6.28099 2.4091
6.32547 2.41687
6.38722 2.40506
6.44418 2.40378
6.53856 2.42017
6.61503 2.43605
6.67432 2.39579
6.72995 2.37548
6.81049 2.34049
6.87856 2.32363
6.96229 2.2652
7.03367 2.23371
7.07412 2.19397
7.11554 2.17347
7.17376 2.11965
7.22815 2.0904
7.30306 2.02743
7.36689 1.9915
7.40369 1.94365
7.44277 1.9177
7.50317 1.89923
7.65468 1.90939
7.66167 1.88392
7.98449 1.93122
7.99413 1.90806
8.01013 1.90231
8.13975 2.07666
8.15469 2.12346
8.17563 2.19487
8.27113 2.28907
8.31699 2.33518
8.36124 2.35782
8.40778 2.3743
8.43183 2.39788
8.46697 2.41526
8.52381 2.41152
8.58094 2.41212
8.59572 2.47916
8.62338 2.52471
8.65226 2.53785
8.68843 2.54923
8.72453 2.55399
8.76795 2.56049
8.82772 2.53527
8.88982 2.52327
8.93466 2.52477
8.98714 2.53003
9.05614 2.5108
9.12276 2.50343
9.20686 2.45544
9.2852 2.43003
9.41189 2.44762
9.51747 2.46433
9.61685 2.46716
9.70664 2.47452
9.79565 2.47609
9.877 2.48328
9.96709 2.46204
10.0478 2.45422
10.1188 2.43516
10.1887 2.42929
10.251 2.39826
10.3121 2.38413
10.3474 2.37336
10.3922 2.37265
10.434 2.40776
10.4794 2.43551
10.5382 2.45929
10.5978 2.48098
10.6446 2.5147
10.6937 2.5414
10.7858 2.62015
10.8634 2.67586
10.9621 2.71787
11.0449 2.75021
11.0919 2.77255
11.1446 2.79296
11.2065 2.82056
11.2639 2.84314
11.3463 2.83607
11.4191 2.83755
11.4878 2.87364
11.5507 2.90244
11.6365 2.92374
11.7094 2.94304
11.8102 2.99787
11.8923 3.03821
11.9766 3.09934
12.0493 3.14376
12.1403 3.15286
12.217 3.16413
12.2937 3.19978
12.3614 3.22822
12.4459 3.29632
12.5201 3.3465
12.5727 3.37607
12.6275 3.40169
12.6824 3.37929
12.7349 3.3705
12.7735 3.3522
12.8209 3.34853
12.8335 3.32913
12.8605 3.32361
12.9201 3.30335
12.9777 3.29737
12.9603 3.30119
12.972 3.31108
13.0186 3.32253
13.0694 3.3373
13.1478 3.34375
13.2183 3.35565
13.3328 3.32253
13.4262 3.30933
13.5122 3.35646
13.5892 3.39493
13.6787 3.44818
13.753 3.48897
13.7524 3.52075
13.7755 3.54973
13.7554 3.58749
13.7602 3.61817
13.7532 3.66489
13.7685 3.70223
13.8327 3.80472
13.8925 3.87748
13.9244 3.9401
13.9643 3.98769
13.9965 4.08868
14.0339 4.1596
14.1062 4.23394
14.1727 4.2887
14.207 4.33668
14.2485 4.37492
14.3007 4.43388
14.3538 4.47893
14.4241 4.51935
14.4874 4.55186
14.5656 4.60175
14.6301 4.63906
14.7051 4.67197
14.771 4.69976
14.8492 4.7814
14.9173 4.84085
14.9773 4.9041
15.0312 4.95075
15.0973 5.03593
15.1605 5.09892
15.2389 5.15826
15.3055 5.20329
15.369 5.28318
15.4254 5.34094
15.4741 5.39891
15.5217 5.44292
15.5525 5.47709
15.5897 5.50662
15.6362 5.58976
15.684 5.65079
15.7357 5.74596
15.7883 5.81631
15.8317 5.9202
15.8765 5.99536
15.939 6.09435
15.9963 6.16685
16.0469 6.20979
16.0929 6.24409
16.1312 6.31556
16.174 6.37117
16.2603 6.41108
16.3305 6.44457
16.3816 6.44378
16.4314 6.45229
16.504 6.48714
16.5683 6.5193
16.6399 6.53599
16.7033 6.55639
16.7946 6.60138
16.8725 6.64153
16.9676 6.73304
17.046 6.80204
17.1401 6.85429
17.2176 6.89803
17.2948 6.90625
17.3638 6.92342
17.4344 6.93026
17.4975 6.94611
17.5744 6.97611
17.639 7.00506
17.715 7.06434
17.7824 7.11452
17.8622 7.17514
17.9285 7.22408
18.0016 7.27133
18.0655 7.31317
18.0973 7.30928
18.134 7.31829
18.1457 7.28348
18.171 7.27398
18.1874 7.28964
18.2135 7.31104
18.2234 7.33634
18.2473 7.36538
18.2697 7.3338
18.3 7.32545
18.3275 7.26088
18.3613 7.23135
18.4321 7.19082
18.4942 7.17721
18.5352 7.17873
18.5769 7.19126
18.6088 7.19949
18.6473 7.21851
18.7216 7.24305
18.9976 7.42181
19.0588 7.45995
19.15 7.60052
19.221 7.7006
19.2448 7.83634
19.276 7.93929
19.3051 8.08123
19.3386 8.18895
19.3668 8.2524
19.3992 8.31025
19.3914 8.35282
19.4006 8.39735
19.4069 8.45636
19.4259 8.5132
19.4413 8.52124
19.465 8.54475
19.5338 8.68316
19.59 8.78968
19.6494 8.91025
19.7004 9.00662
19.7861 9.1651
19.852 9.28403
19.9187 9.4603
19.972 9.59078
20.0166 9.73332
20.0566 9.84404
20.1057 9.86628
20.1473 9.89908
20.1794 9.93412
20.2096 9.97459
20.2895 9.97654
20.3494 9.99605
20.3718 9.96834
20.395 9.97052
20.4223 9.9872
20.5489 10.2135
20.4349 10.1686
20.4318 10.309
20.2587 10.299
20.2072 10.399
20.2023 10.4012
20.3322 10.3943
20.4194 10.4301
20.5447 10.4056
20.6237 10.4142
20.7232 10.3882
20.7918 10.3894
20.8804 10.3867
20.9428 10.4016
21.0103 10.3836
21.059 10.3876
21.1256 10.4408
21.1733 10.4903
21.2347 10.5325
21.2799 10.5769
21.3341 10.6279
21.3744 10.6787
21.4174 10.7249
21.4498 10.7701
21.4768 10.8153
21.4991 10.8617
21.5412 10.9038
21.5739 10.9506
21.6078 11.0063
21.6359 11.0639
21.664 11.1143
21.6878 11.1664
21.6944 11.2441
21.7025 11.3118
21.7018 11.3757
21.7058 11.4387
21.6784 11.5138
21.6643 11.5817
21.6324 11.6779
21.6149 11.759
21.619 11.8785
21.624 11.976
21.6302 12.1265
21.6368 12.2453
21.702 12.4103
21.7453 12.5339
21.783 12.6544
21.8083 12.7512
21.9342 12.9592
22.0148 13.1133
22.1579 13.3555
22.2483 13.534
22.3874 13.7491
22.4748 13.911
22.5832 14.0883
22.6506 14.2247
22.7741 14.3887
22.851 14.5148
22.9798 14.6643
23.059 14.781
23.1636 14.907
23.2273 15.0088
23.3324 15.0963
23.3963 15.1685
23.5018 15.2168
23.5648 15.2661
23.6727 15.2955
23.7373 15.3312
23.8434 15.3218
23.9058 15.337
24.0052 15.2936
24.064 15.2827
24.1468 15.2642
24.1944 15.2709
24.287 15.2747
24.3399 15.2949
24.3984 15.3012
24.4292 15.3254
24.477 15.3767
24.5012 15.4273
24.5467 15.5079
24.5688 15.5771
24.6068 15.6423
24.6236 15.7026
24.6407 15.7878
24.6451 15.8588
24.663 15.9386
24.6677 16.0051
24.6771 16.0654
24.6771 16.1188
24.6853 16.1758
24.6829 16.2304
24.69 16.2794
24.6908 16.3199
24.6855 16.398
24.6746 16.4657
24.6688 16.5059
24.659 16.5464
24.6374 16.6451
24.618 16.7208
24.5965 16.8186
24.5765 16.8952
24.5456 16.9694
24.5207 17.0287
24.4873 17.1056
24.4599 17.1686
24.4503 17.1641
24.4367 17.1782
24.4219 17.213
24.4059 17.2502
24.3821 17.3124
24.3601 17.3673
24.3396 17.4164
24.3191 17.4636
24.3042 17.49
24.2868 17.5243
24.2747 17.5677
24.2589 17.6126
24.241 17.666
24.2198 17.7207
24.1944 17.7967
24.1675 17.8658
24.1457 17.9384
24.1202 18.008
24.0882 18.0927
24.0556 18.1713
24.0307 18.2514
24.0029 18.3268
23.988 18.3831
23.9668 18.4424
23.9379 18.5194
23.909 18.5898
23.8769 18.6889
23.8454 18.7746
23.8034 18.8904
23.7664 18.9846
23.7253 19.1047
23.6885 19.2027
23.6426 19.3272
23.6007 19.4307
23.5564 19.521
23.5166 19.6009
23.4881 19.6897
23.458 19.7686
23.4313 19.8417
23.4044 19.9066
23.3818 19.9486
23.3559 19.9969
23.3166 20.0569
23.2805 20.1156
23.2017 20.2117
23.1402 20.2912
23.045 20.4208
22.9732 20.5211
22.9053 20.5694
22.8509 20.6183
22.7789 20.7151
22.7214 20.7958
22.6529 20.9073
22.5986 20.9955
22.5602 21.0551
22.5237 21.1131
22.4991 21.1632
22.4694 21.2182
22.4336 21.2878
22.3986 21.3519
22.3428 21.4613
22.2944 21.5528
22.2358 21.6827
22.1881 21.7838
22.1525 21.8458
22.1178 21.9074
22.0768 21.9862
22.0392 22.0577
21.9977 22.154
21.9592 22.2361
21.9069 22.3496
21.8621 22.4423
21.8251 22.5359
21.79 22.6171
21.7485 22.722
21.7108 22.8107
21.6624 22.9443
21.6217 23.0498
21.5775 23.1683
21.5391 23.2649
21.4983 23.3615
21.4607 23.4459
21.4471 23.4662
21.4274 23.5005
21.4 23.5675
21.3712 23.6341
21.3254 23.7395
21.2867 23.8272
21.246 23.92
21.2112 23.9983
21.1859 24.0697
21.1601 24.1364
21.1428 24.1884
21.1225 24.2411
21.1095 24.2702
21.0917 24.3095
21.0687 24.3692
21.0436 24.4297
21.0148 24.5242
20.9875 24.6051
20.9555 24.6887
20.9267 24.7607
20.8961 24.8233
20.8674 24.8822
20.8366 24.9577
20.8089 25.0231
20.788 25.0937
20.7216 25.2571
20.6917 25.3428
20.6637 25.4137
20.6433 25.4747
20.6199 25.5347
20.6069 25.5671
20.59 25.6052
20.5441 25.7192
20.5221 25.7742
20.5021 25.8233
20.4809 25.8714
20.4394 25.9782
20.4033 26.065
20.3745 26.1288
20.3496 26.1821
20.3397 26.2062
20.3256 26.2373
20.3122 26.2798
20.2939 26.3267
20.2809 26.3666
20.2639 26.4097
20.2488 26.4438
20.2296 26.4853
20.2083 26.5639
20.0581 26.9261
20.0691 26.9943
20.0603 27.0594
20.1016 27.0812
20.1223 27.093
20.1487 27.1077
20.1551 27.1406
20.1713 27.1885
20.1731 27.241
20.197 27.284
20.2039 27.3342
20.2335 27.3355
20.2449 27.3579
20.2692 27.3584
20.2777 27.3785
20.2857 27.4235
20.2824 27.4756
20.286 27.4751
20.2807 27.4953
20.2721 27.5114
20.2587 27.5431
20.2509 27.5569
20.2395 27.5826
20.2371 27.5968
20.2276 27.6264
20.2316 27.6132
20.2261 27.6257
20.2139 27.6676
20.1994 27.7117
20.1822 27.7794
20.1625 27.8448
20.1397 27.9106
20.1188 27.9682
20.1037 27.9708
20.0867 27.9908
20.0886 27.9527
20.0817 27.948
20.0807 27.9067
20.0731 27.8952
20.0839 27.8543
20.0098 28.0086
20.0001 28.0411
19.8656 28.3646
19.872 28.3219
19.8609 28.3307
19.7956 28.4694
19.7875 28.4839
19.6084 28.7718
19.4546 29.0299
19.4247 29.1233
19.4072 29.1695
19.419 29.1667
19.4148 29.1839
19.3779 29.2208
19.3435 29.2615
19.3249 29.3077
19.3035 29.3527
19.313 29.368
19.3088 29.3948
19.3123 29.4168
19.3062 29.4443
19.2765 29.5539
19.2471 29.6411
19.2004 29.743
19.1608 29.8234
19.1018 29.9337
19.0545 30.0188
19.0045 30.1116
18.9618 30.1873
18.9079 30.284
18.8637 30.3602
18.8134 30.4492
18.771 30.5213
18.7167 30.6369
18.6698 30.7292
18.621 30.8242
18.5791 30.9012
18.5306 30.9794
18.489 31.0453
18.4425 31.1356
18.4014 31.211
18.3745 31.2862
18.3472 31.3499
18.3077 31.4401
18.2727 31.513
18.2295 31.6251
18.193 31.7106
18.1645 31.771
18.1364 31.8248
18.107 31.8842
18.0779 31.9384
18.0467 32.0021
18.0182 32.0566
18.0014 32.101
17.9812 32.1445
17.9731 32.1628
17.9579 32.1903
17.9485 32.2109
17.9345 32.2372
17.9183 32.2365
17.8983 32.2513
17.8971 32.2693
17.8873 32.296
17.8857 32.3211
17.877 32.3501
17.872 32.3769
17.8596 32.4097
17.8512 32.4413
17.8369 32.4768
17.8066 32.5078
17.7798 32.5399
17.7792 32.5794
17.7722 32.6162
17.7375 32.6663
17.7069 32.7123
17.6843 32.7492
17.661 32.7881
17.6358 32.8388
17.6104 32.8875
17.5948 32.9456
17.5758 32.999
17.5597 33.0507
17.5417 33.0976
17.535 33.1659
17.5227 33.2239
17.5218 33.2392
17.5135 33.263
17.4961 33.3239
17.4775 33.3764
17.4532 33.4595
17.4311 33.5247
17.4175 33.5696
17.4003 33.614
17.3762 33.6577
17.353 33.6997
17.339 33.7358
17.3223 33.773
17.3182 33.8135
17.3094 33.8508
17.309 33.8988
17.3014 33.9436
17.3038 33.9826
17.2982 34.021
17.2693 34.0943
17.2429 34.1562
17.2088 34.2115
17.1773 34.2647
17.1399 34.3177
17.1069 34.368
17.0837 34.3921
17.0602 34.424
17.0126 34.5409
16.9747 34.6295
16.9573 34.6732
16.9377 34.7177
16.9412 34.7276
16.9346 34.7505
16.912 34.8133
16.8868 34.8734
16.8761 34.9059
16.861 34.9419
16.8489 34.9765
16.8332 35.0139
16.8183 35.0821
16.8019 35.1388
16.7891 35.1757
16.772 35.2161
16.7656 35.3037
16.7531 35.376
16.7124 35.465
16.6774 35.5395
16.6666 35.6032
16.6503 35.6623
16.6015 35.765
16.5615 35.8468
16.561 35.9113
16.5521 35.9694
16.5145 36.0705
16.4821 36.1513
16.4198 36.2448
16.3703 36.3227
16.3069 36.4238
16.2575 36.5048
16.2181 36.568
16.1827 36.6263
16.1452 36.7066
16.111 36.7761
16.0607 36.8873
16.0172 36.9789
15.9694 37.0831
15.929 37.1678
15.9204 37.2233
15.9057 37.276
15.8645 37.3708
15.829 37.4481
15.7877 37.5311
15.7517 37.6013
15.7186 37.6776
15.6874 37.7444
15.651 37.8086
15.6188 37.8655
15.6127 37.8638
15.5987 37.8813
15.5977 37.8977
15.5895 37.9216
15.5783 37.9501
15.5607 37.987
15.5318 38.0396
15.503 38.0914
15.474 38.1856
15.4448 38.2649
15.4121 38.3782
15.3804 38.4698
15.3445 38.5705
15.3116 38.6531
15.2872 38.7401
15.2631 38.8106
15.2489 38.8659
15.2281 38.9221
15.2086 38.977
15.1864 39.0293
15.159 39.1299
15.1331 39.209
15.0957 39.3233
15.0622 39.4133
15.0059 39.5733
14.9592 39.6951
14.9155 39.8134
14.8764 39.9083
14.8477 39.9736
14.8208 40.0307
14.7934 40.0761
14.7666 40.122
14.7362 40.1379
14.7073 40.1647
14.693 40.1404
14.6743 40.1415
14.66 40.1457
14.6419 40.1641
14.6224 40.188
14.6003 40.2197
14.5793 40.2485
14.5569 40.2825
14.5243 40.3198
14.4934 40.3615
14.4664 40.4023
14.441 40.4427
14.4193 40.4805
14.3966 40.5199
14.373 40.5403
14.3491 40.5688
14.33 40.5773
14.3101 40.596
14.2883 40.6396
14.2642 40.6849
14.2336 40.7334
14.2041 40.7812
14.2011 40.7499
14.1921 40.742
14.1767 40.7595
14.1588 40.7845
14.1376 40.83
14.1142 40.8762
14.0861 40.9463
14.0604 41.0045
14.0716 41.0364
14.0707 41.0716
14.0526 41.1227
14.0337 41.1681
14.0393 41.199
14.0359 41.2319
14.0459 41.2717
14.0425 41.3165
14.0273 41.3809
14.0084 41.4393
14.01 41.5107
14.0038 41.5709
13.986 41.6291
13.9652 41.6849
13.9498 41.7409
13.931 41.7942
13.922 41.7823
13.908 41.7913
13.8778 41.8445
13.7775 42.0336
13.7634 42.1047
13.7429 42.1676
13.7114 42.2223
13.6847 42.271
13.6695 42.2464
13.65 42.251
13.6124 42.2952
13.5809 42.3384
13.5637 42.3901
13.5448 42.4403
13.5096 42.5003
13.4784 42.5568
13.4755 42.5758
13.4662 42.6042
13.4985 42.672
13.512 42.7321
13.5161 42.7742
13.5111 42.8173
13.5084 42.8677
13.4988 42.917
13.4957 42.9786
13.4857 43.0355
13.4936 43.0579
13.4909 43.0889
13.477 43.1244
13.4591 43.1668
13.4354 43.1786
13.4107 43.2058
13.387 43.2073
13.3633 43.2259
13.3281 43.2662
13.2965 43.3107
13.2891 43.2876
13.2745 43.2924
13.2555 43.3155
13.2341 43.3486
13.1898 43.3911
13.1531 43.4344
13.0982 43.4403
13.0506 43.4673
12.9922 43.5207
12.8848 43.6722
12.8365 43.777
12.8159 43.8218
12.7115 44.1579
12.68 44.2572
12.6612 44.3609
12.5934 44.5266
12.5623 44.6043
12.5337 44.6664
12.5051 44.7268
12.4781 44.8118
12.4517 44.8846
12.418 44.9748
12.3871 45.0516
12.3574 45.1355
12.3285 45.209
12.281 45.3067
12.2408 45.3889
12.1933 45.4973
12.1544 45.584
12.1348 45.6513
12.1125 45.7146
12.0804 45.7786
12.0525 45.8345
12.0181 45.9068
11.9868 45.9724
11.9466 46.0568
11.9126 46.128
11.8905 46.1909
11.8691 46.2461
11.8486 46.3201
11.8274 46.3844
11.8196 46.4669
11.8057 46.5382
11.7877 46.5941
11.7685 46.6458
11.7495 46.7067
11.7299 46.7611
11.723 46.8213
11.7111 46.8752
11.6919 46.947
11.6739 47.0046
11.6673 47.0566
11.6569 47.1026
11.6379 47.1667
11.6164 47.2262
11.5877 47.2811
11.5635 47.3279
11.5274 47.3913
11.4961 47.448
11.455 47.5296
11.4223 47.5942
11.3961 47.6335
11.3714 47.6743
11.3505 47.6971
11.3284 47.7284
11.3039 47.7493
11.2801 47.7779
11.2636 47.7999
11.2434 47.832
11.2334 47.874
11.2194 47.9154
11.2076 47.9624
11.1911 48.0089
11.1722 48.0671
11.1496 48.1236
11.1263 48.1929
11.1021 48.2543
11.0974 48.3153
11.0848 48.3726
11.0659 48.4232
11.0428 48.476
11.0197 48.568
10.9941 48.6466
10.9719 48.7447
10.9487 48.8242
10.964 48.8673
10.9613 48.9183
10.9488 48.9703
10.9308 49.0213
10.8919 49.0897
10.8554 49.1536
10.8104 49.2128
10.7688 49.2726
10.7413 49.3565
10.7133 49.4282
10.6826 49.4874
10.6508 49.5458
10.6219 49.5882
10.5925 49.6335
10.5668 49.6929
10.5382 49.7511
10.4891 49.8181
10.4453 49.8811
10.3893 49.9495
10.3435 50.0093
10.306 50.0692
10.27 50.1266
10.21 50.1903
10.1574 50.2532
10.1103 50.3219
10.0508 50.4124
9.97257 50.5057
9.91932 50.5702
9.84735 50.6484
9.78832 50.719
9.73933 50.8246
9.69487 50.9134
9.6423 50.9984
9.59584 51.0739
9.55987 51.141
9.52459 51.2044
9.46556 51.2937
9.41647 51.37
9.39143 51.4549
9.36403 51.5295
9.32937 51.6315
9.29731 51.7143
9.25379 51.7934
9.21367 51.8661
9.16489 51.9606
9.12355 52.0391
9.05633 52.1495
9.0016 52.2409
8.92844 52.3615
8.87056 52.4587
8.81404 52.5455
8.76898 52.617
8.75508 52.653
8.73453 52.6975
8.69923 52.7639
8.66682 52.824
8.64134 52.9101
8.61431 52.9849
8.55295 53.1188
8.50375 53.2228
8.43638 53.3459
8.38258 53.4444
8.32829 53.5811
8.28271 53.6883
8.23158 53.8643
8.18876 53.9956
8.15335 54.1252
8.118 54.2311
8.08745 54.3426
8.05657 54.4339
8.01628 54.5187
7.9772 54.5965
7.96327 54.6891
7.93894 54.7747
7.91255 54.816
7.88211 54.8648
7.83074 54.9389
7.78654 55.0071
7.73085 55.1092
7.68291 55.1975
7.62564 55.3009
7.57887 55.3865
7.55529 55.4423
7.52974 55.4978
7.51534 55.567
7.49603 55.6303
7.46392 55.7032
7.43209 55.7709
7.40795 55.8164
7.3822 55.8648
7.35019 55.9324
7.31823 55.9968
7.2732 56.0618
7.23477 56.1209
7.21926 56.1603
7.19755 56.2075
7.17666 56.2736
7.15216 56.3361
7.11157 56.3951
7.0757 56.4499
7.04966 56.4761
7.02162 56.5132
6.9932 56.5526
6.9632 56.5988
6.92629 56.6576
6.89264 56.7118
6.85746 56.7778
6.82501 56.8369
6.80049 56.8982
6.77367 56.9563
6.74523 57.0221
6.71841 57.0785
6.69304 57.1143
6.66406 57.1576
6.63094 57.2457
6.59831 57.3202
6.62031 57.327
6.62429 57.3474
6.5982 57.3815
6.57021 57.4207
6.52825 57.4744
6.48976 57.5268
6.43527 57.6161
6.38891 57.6908
6.32797 57.7629
6.27868 57.8247
6.22365 57.8992
6.17806 57.9623
6.13525 58.0006
6.096 58.0428
6.05944 58.0825
6.02426 58.1255
5.9905 58.168
5.95885 58.2101
5.9274 58.2492
5.89589 58.2915
5.86479 58.3451
5.83402 58.3958
5.81787 58.4407
5.79462 58.4889
5.78485 58.5286
5.76784 58.5701
5.75552 58.6023
5.73733 58.6386
5.7203 58.6993
5.69704 58.7571
5.65397 58.8339
5.61317 58.9035
5.56919 58.979
5.5283 59.0472
5.49929 59.1278
5.47026 59.1962
5.43512 59.2571
5.40166 59.314
5.36683 59.3841
5.33557 59.444
5.28666 59.5122
5.24612 59.5719
5.21169 59.6442
5.17983 59.7083
5.14935 59.7677
5.13933 59.8145
5.09961 59.9041
5.0848 60.0474
5.06592 60.1499
5.09202 60.2284
5.09755 60.2964
5.19372 60.4261
5.24472 60.5276
5.33046 60.6737
5.3735 60.7236
5.45955 60.7147
5.4997 60.7303
5.55431 60.8456
5.57764 60.9385
5.6253 60.9688
5.64495 61.0084
5.67286 60.9821
5.68034 60.9842
5.70842 60.9174
5.71677 60.8921
5.75214 60.8395
5.76535 60.822
5.74952 60.8084
5.73033 60.8156
5.75275 60.7921
5.75662 60.7946
5.84669 60.7391
5.89485 60.7188
6.02597 60.6836
6.10059 60.6754
6.20438 60.6524
6.26039 60.6538
6.26008 60.6187
6.24952 60.612
6.48214 60.6058
6.60419 60.5979
6.70272 60.5559
6.75386 60.5455
6.9546 60.6076
7.07555 60.6593
7.32448 60.787
7.45272 60.851
7.61969 60.9521
7.71564 61.0283
7.84961 61.1238
7.92237 61.2883
8.04353 61.3607
8.09863 61.4209
8.12348 61.4733
8.13619 61.6718
7.98548 62.1787
7.98783 62.3392
7.9771 62.434
7.98292 62.5116
7.97585 62.5786
7.97893 62.6443
7.97449 62.6979
7.97216 62.7765
7.96183 62.8433
7.9509 62.9224
7.93603 62.988
7.91923 63.0518
7.89873 63.1109
7.86882 63.184
7.84004 63.2488
7.81488 63.3167
7.78992 63.3766
7.75303 63.4531
7.72111 63.5173
7.69329 63.57
7.66637 63.6202
7.65005 63.6615
7.5469 63.8611
7.52953 63.9124
7.51021 63.9575
7.48191 64.0155
7.45579 64.0672
7.43966 64.1207
7.42253 64.1674
7.40288 64.242
7.38374 64.3019
7.35492 64.3846
7.32865 64.4521
7.29131 64.5316
7.25944 64.5975
7.22237 64.6815
7.19157 64.7488
7.15317 64.8423
7.11948 64.9197
7.08702 65.0033
7.05805 65.0729
7.03214 65.1474
7.00665 65.2126
6.9931 65.264
6.97566 65.3144
6.9483 65.3801
6.9212 65.4414
6.88573 65.5167
6.85454 65.5823
6.83437 65.6443
6.8111 65.7055
6.7899 65.7825
6.7665 65.8525
6.7532 65.9064
6.7344 65.9628
6.72055 66.0078
6.70298 66.0554
6.67037 66.1296
6.64137 66.1948
6.62599 66.2465
6.60812 66.2975
6.59173 66.3546
6.57188 66.412
6.54683 66.4789
6.52202 66.5417
6.50018 66.6105
6.47869 66.6719
6.46182 66.7283
6.44348 66.7818
6.42481 66.8491
6.40632 66.9073
6.3784 66.9931
6.35209 67.0675
6.32824 67.1539
6.30577 67.2261
6.26004 67.3317
6.22289 67.417
6.21126 67.4958
6.19541 67.5653
6.17348 67.6473
6.15007 67.7206
6.12593 67.7918
6.10192 67.8562
6.08945 67.9227
6.07306 67.9839
6.04906 68.0542
6.02214 68.1241
5.97705 68.2308
5.93911 68.3179
5.90292 68.4105
5.8702 68.4894
5.85575 68.5498
5.83596 68.6099
5.82069 68.6638
5.80066 68.7188
5.77367 68.7856
5.74787 68.845
5.72143 68.906
5.69517 68.9632
5.66809 69.0176
5.64157 69.07
5.62186 69.1363
5.60011 69.196
5.5738 69.2578
5.54781 69.3143
5.51927 69.3743
5.49355 69.4263
5.45387 69.5024
5.41905 69.5682
5.39017 69.6234
5.36143 69.6771
5.32507 69.7408
5.29139 69.8
5.26601 69.8493
5.23964 69.8984
5.20238 69.9622
5.16864 70.0202
5.13903 70.0779
5.11075 70.1311
5.07274 70.2141
5.03805 70.2849
4.9924 70.3746
4.95357 70.4484
4.91158 70.5273
4.87405 70.5959
4.83987 70.6683
4.81063 70.7272
4.78355 70.789
4.75736 70.8436
4.75269 70.8886
4.74153 70.9314
4.71917 70.9855
4.69487 71.0373
4.6856 71.0868
4.66759 71.1392
4.64498 71.1904
4.62052 71.2405
4.59041 71.3194
4.56068 71.3879
4.54367 71.4491
4.52083 71.5087
4.47532 71.6079
4.43557 71.6895
4.38427 71.7888
4.34191 71.8684
4.29076 71.9841
4.24698 72.077
4.19994 72.1749
4.15957 72.2552
4.13351 72.3123
4.10915 72.3623
4.08296 72.4082
4.05662 72.4546
4.01192 72.536
3.97533 72.602
3.93882 72.6576
3.90618 72.7095
3.87443 72.7782
3.84562 72.8373
3.82472 72.901
3.80139 72.9595
3.79449 73.0028
3.78055 73.0479
3.79449 73.0403
3.79338 73.0539
3.80615 73.0505
3.80588 73.064
3.84471 73.0241
3.85936 73.0179
3.89775 72.984
3.91147 72.9834
3.94059 72.9656
3.9489 72.9749
3.96086 72.9489
3.95884 72.9515
3.97505 72.9689
3.97738 72.9962
3.98849 73.0064
3.98743 73.0295
3.98921 73.04
3.98273 73.0624
3.97243 73.0907
3.95907 73.1228
3.95847 73.1268
3.95123 73.1436
3.94217 73.1508
3.92923 73.1705
3.91851 73.1839
3.90254 73.2119
3.88653 73.2382
3.86989 73.2689
3.84489 73.2976
3.82166 73.332
3.79792 73.382
3.77437 73.4327
3.74139 73.4668
3.71284 73.5053
3.69435 73.5644
3.67518 73.6192
3.65738 73.6759
3.63839 73.7299
3.60687 73.788
3.57902 73.8435
3.55541 73.8698
3.53269 73.9049
3.53643 73.9334
3.53301 73.9661
3.51648 74.0285
3.49902 74.0856
3.49001 74.129
3.47812 74.1724
3.48713 74.1932
3.48655 74.2227
3.47888 74.2563
3.46623 74.2973
3.44404 74.309
3.42348 74.3322
3.41869 74.3944
3.40855 74.4517
3.40168 74.507
3.39027 74.5596
3.38384 74.5381
3.27225 74.7674
3.24545 74.8266
3.22104 74.8819
3.18841 74.9674
3.16013 75.0384
3.13261 75.0847
3.10664 75.1331
3.09769 75.1788
3.08282 75.2282
3.11371 75.1926
3.1248 75.1886
3.13415 75.1617
3.13294 75.1597
3.12931 75.1318
3.11723 75.1346
3.08396 75.1518
3.05495 75.1792
3.05718 75.1932
3.04885 75.2222
3.07565 75.1713
3.08533 75.1539
3.08881 75.1685
3.08196 75.196
3.11057 75.1482
3.11977 75.1356
3.13991 75.083
3.14368 75.0671
3.17215 74.9883
3.18181 74.9542
3.20866 74.9199
3.21825 74.9126
3.23661 74.8779
3.23927 74.8731
3.24214 74.857
3.23423 74.8653
3.21178 74.8773
3.18658 74.9056
3.1837 74.935
3.17292 74.9703
3.16576 75.0406
3.15001 75.1058
3.12101 75.1806
3.03836 75.3518
3.03457 75.3899
3.02049 75.4317
2.98542 75.4866
2.76402 75.8775
2.70796 75.9688
2.54848 76.2475
2.54135 76.2637
2.42251 76.4797
2.39328 76.527
2.2382 76.8182
2.1923 76.9041
2.16794 76.95
2.1604 76.971
2.1467 77.0014
2.14137 77.0351
2.12912 77.074
2.10028 77.1272
2.07316 77.1788
2.05062 77.2296
2.02718 77.2805
2.00839 77.32
1.98843 77.362
1.97698 77.3944
1.96201 77.4312
1.93595 77.5347
1.91285 77.6146
1.88886 77.7016
1.86468 77.7764
1.83214 77.8374
1.804 77.8928
1.78127 77.9473
1.75873 78.0001
1.74365 78.0477
1.72756 78.0929
1.71271 78.138
1.69649 78.1822
1.70071 78.2372
1.69757 78.2853
1.70202 78.324
1.69901 78.3617
1.68963 78.3874
1.67684 78.4192
1.65399 78.4637
1.63236 78.5081
1.61646 78.5672
1.59826 78.6226
1.57952 78.6749
1.55961 78.7253
1.53084 78.7927
1.50411 78.8534
1.46876 78.94
1.43781 79.013
1.41103 79.0923
1.38543 79.1604
1.34718 79.2344
1.31436 79.2992
1.28499 79.3517
1.25972 79.3984
1.22092 79.4619
1.18685 79.5211
1.15611 79.5827
1.12867 79.6373
1.12647 79.6589
1.11654 79.6888
1.08907 79.7576
1.06333 79.817
1.04092 79.8418
1.01797 79.8745
0.99182 79.9298
0.963731 79.9867
0.926668 80.0812
0.893233 80.1597
0.859799 80.2511
0.826286 80.3322
0.78087 80.3984
0.740476 80.462
0.70334 80.5457
0.668122 80.6197
0.63444 80.6859
0.602179 80.7472
0.564796 80.8391
0.531046 80.9151
0.526611 80.9279
0.513798 80.953
0.465449 81.045
0.423063 81.1235
0.387574 81.1949
0.353656 81.2594
0.306475 81.3461
0.265547 81.4196
0.212899 81.4949
0.167358 81.5634
0.109143 81.655
0.059285 81.735
0.00428785 81.8458
-0.0428066 81.9361
-0.0945694 82.0311
-0.139702 82.1115
-0.182273 82.2239
-0.220635 82.313
-0.260169 82.4139
-0.297791 82.4975
-0.329841 82.6007
-0.362534 82.6846
-0.407325 82.7845
-0.449526 82.8681
-0.492702 82.9623
-0.533129 83.0409
-0.575493 83.1204
-0.614453 83.1884
-0.669237 83.2901
-0.717571 83.374
-0.797678 83.5152
-0.861275 83.6232
-0.925217 83.7419
-0.979883 83.8369
-1.04627 83.9354
-1.10231 84.0173
-1.14695 84.1059
-1.18997 84.1818
-1.27114 84.3487
-1.33497 84.4712
-1.40319 84.6112
-1.46113 84.7198
-1.51682 84.8322
-1.56627 84.9226
-1.63606 85.0124
-1.69283 85.0864
-1.75273 85.1646
-1.80727 85.237
-1.88521 85.3386
-1.94587 85.4185
-2.01431 85.5194
-2.07175 85.6027
-2.11603 85.6515
-2.15703 85.6998
-2.22388 85.8038
-2.28134 85.8899
-2.35428 86.0169
-2.41782 86.1199
-2.49487 86.2672
-2.55332 86.3724
-2.59962 86.4977
-2.64274 86.5943
-2.70285 86.725
-2.75039 86.8198
-2.79614 86.9258
-2.83679 87.0075
-2.86134 87.0929
-2.88719 87.1594
-2.92536 87.2578
-2.96072 87.3336
-2.98534 87.401
-3.01165 87.4566
-3.02799 87.5223
-3.05086 87.5788
-3.08364 87.6595
-3.1143 87.7226
-3.14298 87.8086
-3.17342 87.8777
-3.19976 87.9433
-3.22679 87.9968
-3.26498 88.047
-3.30053 88.0917
-3.32403 88.1398
-3.35168 88.1847
-3.3749 88.2406
-3.40118 88.289
-3.44116 88.3384
-3.47954 88.384
-3.50589 88.4023
-3.53334 88.4258
-3.5612 88.4695
-3.59177 88.5113
-3.62189 88.5658
-3.65327 88.6134
-3.6888 88.6512
-3.72585 88.6904
-3.78491 88.7494
-3.83425 88.7992
-3.87338 88.8611
-3.91165 88.9142
-3.95643 88.9798
-3.99752 89.0342
-4.0329 89.0853
-4.06829 89.1308
-4.1037 89.1739
-4.13739 89.2126
-4.18738 89.2753
-4.23106 89.3268
-4.27682 89.3883
-4.31698 89.438
-4.33714 89.4723
-4.36207 89.5057
-4.39126 89.5232
-4.42159 89.5455
-4.45398 89.5779
-4.48675 89.6099
-4.52611 89.6558
-4.56583 89.6986
-4.62665 89.783
-4.67752 89.8483
-4.73893 89.9081
-4.79142 89.9583
-4.85209 90.0253
-4.90354 90.0793
-4.9573 90.1211
-5.00308 90.1578
-5.06495 90.2015
-5.11808 90.241
-5.17611 90.274
-5.2266 90.3065
-5.27759 90.3793
-5.32474 90.4379
-5.38074 90.508
-5.42936 90.563
-5.47899 90.6139
-5.52607 90.6589
-5.601 90.7521
-5.66677 90.8255
-5.74223 90.8857
-5.80304 90.9333
-5.88336 91.0229
-5.95341 91.0936
-6.03639 91.211
-6.10423 91.2965
-6.17289 91.4156
-6.23456 91.5035
-6.29372 91.579
-6.34726 91.6374
-6.40613 91.6784
-6.45926 91.7148
-6.51832 91.7296
-6.57007 91.7478
-6.64162 91.8546
-6.94025 92.1153
-6.9996 92.1379
-7.04832 92.1607
-7.07697 92.0953
-7.10746 92.0621
-7.12104 91.9628
-7.14469 91.9072
-7.16967 91.863
-7.20336 91.8429
-7.24921 91.8106
-7.29189 91.7957
-7.33249 91.7848
-7.37548 91.7856
-7.43188 91.7877
-7.48236 91.7951
-7.53023 91.7735
-7.57998 91.7673
-7.64319 91.7813
-7.70091 91.7971
-7.7587 91.7904
-7.91008 91.8221
-7.97657 91.8459
-8.03438 91.8665
-8.10075 91.9313
-8.15973 91.9776
-8.21367 91.9547
-8.26586 91.9456
-8.3472 91.9707
-8.4143 91.9914
-8.4837 91.9965
-8.543 92.0037
-8.60022 92.0007
-8.6531 92.0024
-8.70944 91.9868
-8.76349 91.9807
-8.81176 91.9797
-9.10091 92.0306
-9.119 91.9241
-9.24965 91.879
-9.31359 91.877
-9.42623 91.8868
-9.50034 91.9006
-9.66978 91.9272
-9.78484 91.8878
-10.2013 91.8903
-10.2576 91.8498
-10.3159 91.8329
-10.3746 91.8248
-10.5466 91.7773
-10.6723 91.7472
-10.8841 91.7799
-11.0413 91.7996
-11.212 91.7932
-11.3395 91.7872
-11.4614 91.7574
-11.5586 91.7364
-11.7136 91.7727
-11.8302 91.7937
-11.9513 91.828
-12.0503 91.8475
-12.1805 91.9047
-12.28 91.9387
-12.3944 92.0125
-12.4849 92.0569
-12.5885 92.1136
-12.6741 92.1465
-12.7699 92.1616
-12.8495 92.1679
-12.9473 92.1839
-13.0311 92.19
-13.116 92.2427
-13.1918 92.2722
-13.2753 92.3571
-13.3514 92.4069
-13.4149 92.4112
-13.4774 92.4089
-13.5378 92.3638
-13.5954 92.3305
-13.654 92.3038
-13.7628 92.3222
-13.863 92.3982
-13.946 92.499
-14.0146 92.5229
-14.0817 92.5426
-14.1578 92.6119
-14.2604 92.6636
-14.4082 92.7386
-14.5585 92.7897
-14.6661 92.8315
-14.7583 92.836
-14.8641 92.9523
-14.949 93.0219
-15.0302 93.0438
-15.1336 93.0136
-15.199 92.991
-15.2808 92.9492
-15.2559 92.8924
-15.2551 92.8506
-15.3187 92.8008
-15.2933 92.7467
-15.228 92.6937
-15.1744 92.6448
-15.1783 92.6319
-15.1935 92.652
-15.209 92.6565
-15.2058 92.6641
-15.2099 92.6518
-15.3052 92.6239
-15.3928 92.6125
-15.4741 92.6094
-15.5 92.5861
-15.5328 92.5649
-15.5332 92.5316
-15.5208 92.4892
-15.5194 92.4737
-15.5363 92.4567
-15.5762 92.518
-15.7251 92.5035
-15.9021 92.4767
-16.0829 92.4457
-16.1972 92.4501
-16.3318 92.4345
-16.438 92.4155
-16.5112 92.4384
-16.6145 92.4301
-16.6743 92.384
-16.7523 92.3912
-16.8245 92.4085
-16.884 92.4149
-16.97 92.3821
-17.0673 92.3325
-17.1805 92.3085
-17.2607 92.305
-17.3455 92.294
-17.4074 92.2558
-17.4809 92.2397
-17.5689 92.2115
-17.6157 92.2128
-17.6609 92.196
-17.7353 92.1523
-17.7789 92.1226
-17.8297 92.0899
-17.8828 92.0505
-17.9577 91.9711
-18.0589 91.935
-18.146 91.9101
-18.2414 91.8559
-18.3402 91.793
-18.3979 91.6875
-18.4553 91.6106
-18.5314 91.5297
-18.5993 91.469
-18.6856 91.3519
-18.7736 91.219
-18.8608 91.0871
-18.9475 90.9729
-19.0011 90.9087
-19.0711 90.9082
-19.142 90.8968
-19.1848 90.8716
-19.2464 90.8541
-19.3106 90.8358
-19.3744 90.8169
-19.4128 90.7929
-19.4415 90.7553
-19.4792 90.7214
-19.5359 90.6762
-19.5915 90.6376
-19.5044 90.5372
-19.4675 90.462
-19.4961 90.3982
-19.5739 90.295
-19.6691 90.2097
-19.7676 90.0999
-19.8568 90.0258
-19.9422 89.9346
-20.0236 89.8392
-20.0954 89.7487
-20.1689 89.6765
-20.2501 89.6486
-20.3291 89.6108
-20.4189 89.5929
-20.5077 89.5479
-20.5968 89.4881
-20.6988 89.4602
-20.7699 89.4199
-20.8578 89.4074
-20.9262 89.3836
-21.0134 89.3722
-21.1114 89.3728
-21.1976 89.3696
-21.286 89.375
-21.3682 89.3779
-21.4533 89.3814
-21.5393 89.3858
-21.6243 89.3882
-21.7057 89.3874
-21.7782 89.3841
-21.8514 89.3836
-21.9051 89.3508
-21.9564 89.3308
-22.0059 89.3187
-22.0424 89.3111
-22.0733 89.2991
-22.1299 89.2855
-22.1759 89.2675
-22.2482 89.2516
-22.3336 89.2367
-22.4191 89.2198
-22.5044 89.2012
-22.5841 89.1849
-22.6616 89.1668
-22.738 89.1436
-22.8126 89.1199
-22.8598 89.0816
-22.9163 89.0506
-22.9808 89.0213
-23.0497 89.008
-23.121 88.9885
-23.1944 88.9776
-23.2671 88.9573
-23.3212 88.9769
-23.3581 89.03
-23.4133 89.0277
-23.4412 89.0643
-23.473 89.0998
-23.5276 89.1112
-23.6052 89.1501
-23.6715 89.1674
-23.732 89.1701
-23.7907 89.1478
-23.85 89.1138
-23.9033 89.0794
-23.9499 89.0514
-23.9972 89.025
-24.0459 88.9991
-24.0867 88.9949
-24.1461 88.9251
-24.3158 88.9855
-24.4412 89.0172
-24.6372 89.1224
-24.7815 89.1826
-24.8907 89.2145
-24.9809 89.2268
-25.0536 89.2284
-25.1169 89.2227
-25.1758 89.2114
-25.2328 89.1962
-25.3346 89.2723
-25.4156 89.3144
-25.4842 89.3347
-25.6089 89.4187
-25.742 89.5094
-25.8437 89.5623
-25.9284 89.5895
-26.0004 89.6009
-26.0654 89.6017
-26.1243 89.5963
-26.1777 89.5874
-26.2292 89.5757
-26.2811 89.5616
-26.3341 89.5458
-26.3847 89.5298
-26.4311 89.5147
-26.5208 89.3637
-26.6222 89.1917
-26.7158 89.05
-26.8014 88.926
-26.8759 88.8211
-26.9471 88.7306
-27.0223 88.7147
-27.1004 88.7349
-27.1633 88.7142
-27.2162 88.6681
-27.3576 88.5682
-27.4139 88.5158
-27.4671 88.4768
-27.522 88.4349
-27.5735 88.4007
-27.62 88.3725
-27.6644 88.3476
-27.7093 88.3241
-27.755 88.301
-27.8 88.279
-27.8424 88.2586
-27.8848 88.2384
-27.9306 88.2169
-27.9773 88.195
-28.0221 88.174
-28.0669 88.1531
-28.109 88.1336
-28.1484 88.1153
-28.1877 88.097
-28.2261 88.0792
-28.2663 88.0605
-28.2479 88.0612
-28.2161 88.0661
-28.2093 88.0626
-28.2187 88.0537
-28.2375 88.0417
-28.2584 88.0298
-28.2844 88.0161
-28.3161 88
-28.4902 88.1309
-28.6183 88.208
-28.718 88.2501
-28.7878 88.331
-28.8492 88.376
-28.9157 88.3299
-28.9995 88.2867
-29.0686 88.2524
-29.1307 88.2228
-29.2167 88.1929
-29.2868 88.1672
-29.3482 88.1437
-29.4029 88.1219
-29.4529 88.1013
-29.5421 88.0631
-29.5854 88.0443
-29.6298 88.0245
-29.7168 87.9846
-29.7938 87.9482
-29.8295 87.931
-29.8677 87.9124
-30.111 87.7348
-30.1591 87.7931
-30.2087 87.8067
-30.2578 87.8028
-30.3069 87.7896
-30.6003 87.6362
-30.648 87.6123
-30.6956 87.5862
-30.7432 87.559
-30.7917 87.5307
-30.9397 87.4423
-30.9876 87.4135
-31.036 87.3844
-31.1843 87.2948
-31.3069 87.3678
-31.4193 87.4208
-31.5068 87.442
-31.5792 87.4458
-31.6449 87.4374
-31.7054 87.422
-31.7608 87.4032
-31.8125 87.3822
-31.8636 87.359
-31.9121 87.3356
-31.96 87.3114
-32.005 87.2881
-32.0488 87.265
-32.0924 87.2418
-32.1341 87.2194
-32.1776 87.1959
-32.221 87.1723
-32.262 87.15
-32.3051 87.1265
-32.3496 87.1023
-32.3919 87.0792
-32.4352 87.0555
-32.4785 87.0318
-32.5227 87.0075
-32.5678 86.9828
-32.6129 86.958
-32.6579 86.9333
-32.7033 86.9084
-32.7489 86.8834
-32.7975 86.8567
-32.8461 86.8301
-33.0846 86.699
-33.1332 86.6723
-41.3753 106.152
-41.4285 106.13
