0.0807036 -2.9941
0.116231 -2.97732
0.139188 -2.95031
0.166151 -2.9262
0.203239 -2.87581
0.23902 -2.83758
0.213618 -2.74696
0.211147 -2.68275
0.216525 -2.62035
0.233403 -2.57485
0.282088 -2.54871
0.326329 -2.52648
0.366883 -2.41837
0.404839 -2.34462
0.442504 -2.34757
0.481401 -2.3433
0.498128 -2.33403
0.518298 -2.32527
0.446311 -2.25225
0.415104 -2.20032
0.326378 -2.14162
0.281236 -2.09987
0.248551 -2.02009
0.241178 -1.96397
0.207478 -1.89588
0.199215 -1.84787
0.151771 -1.77532
0.135269 -1.72379
0.145723 -1.66891
0.167141 -1.62797
0.184123 -1.56498
0.2075 -1.51989
0.217902 -1.45313
0.238521 -1.40523
0.26096 -1.35811
0.288314 -1.32305
0.28266 -1.28347
0.29262 -1.25303
0.289362 -1.1879
0.301996 -1.14036
0.32979 -1.07083
0.360336 -1.02131
0.397015 -1.00893
0.435494 -0.994988
0.475072 -0.918703
0.514617 -0.864355
0.559477 -0.833271
0.606519 -0.805807
0.638571 -0.819429
0.672771 -0.822732
0.703649 -0.772942
0.742766 -0.732627
0.802878 -0.668229
0.857765 -0.619815
0.934138 -0.591582
1.00164 -0.565492
1.07002 -0.494348
1.12958 -0.441841
1.19403 -0.369062
1.25157 -0.31525
1.33612 -0.236618
1.40883 -0.178093
1.4696 -0.119833
1.52358 -0.0756827
1.5785 -0.0260726
1.62974 0.0132585
1.70938 -0.0162516
1.77506 -0.0287431
1.87442 -0.1054
1.95501 -0.147139
2.03958 -0.160555
2.11079 -0.161758
2.18544 -0.194419
2.24521 -0.209622
2.31522 -0.295227
2.37503 -0.342736
2.42346 -0.358084
2.4708 -0.36031
2.52954 -0.372525
2.58394 -0.372503
2.63007 -0.371028
2.67581 -0.362665
2.72727 -0.39724
2.77916 -0.410732
2.84951 -0.421387
2.91069 -0.420455
2.97512 -0.446792
3.03484 -0.454318
3.09763 -0.513266
3.15681 -0.541469
3.22393 -0.625853
3.28241 -0.671483
3.37181 -0.740292
3.4469 -0.77466
3.54081 -0.823759
3.61561 -0.846953
3.70218 -0.876318
3.77753 -0.884175
3.85897 -0.877329
3.92976 -0.861751
4.00305 -0.875803
4.06816 -0.874119
4.16478 -0.914201
4.2452 -0.9292
4.3051 -0.935725
4.36277 -0.928618
4.40319 -0.917863
4.44629 -0.900886
4.48624 -0.872441
4.53221 -0.842308
4.54193 -0.818588
4.56445 -0.794333
4.62469 -0.762439
4.68146 -0.731728
4.68849 -0.772377
4.70859 -0.788699
4.73702 -0.786338
4.77475 -0.77326
4.79494 -0.804487
4.82732 -0.813439
4.84095 -0.81751
4.86548 -0.810818
4.87186 -0.763866
4.89554 -0.722736
4.90311 -0.735454
4.92648 -0.732383
4.92176 -0.762358
4.93756 -0.770067
4.89938 -0.802199
4.89221 -0.812427
4.88973 -0.810063
4.90798 -0.798088
4.90578 -0.782273
4.92356 -0.761784
4.9342 -0.777928
4.95967 -0.778734
4.95449 -0.751509
4.96698 -0.725575
4.97094 -0.743163
4.99269 -0.744713
4.9951 -0.725034
5.01437 -0.703645
5.00788 -0.702511
5.02401 -0.690875
4.99547 -0.608919
4.99687 -0.545699
5.00319 -0.492778
5.02551 -0.449168
5.01295 -0.354256
5.02309 -0.284245
5.00876 -0.339089
5.0172 -0.364344
4.96884 -0.396334
4.95507 -0.407863
4.92534 -0.312038
4.92386 -0.242577
4.86639 -0.0897864
4.84619 0.0160424
4.76948 0.143095
4.73893 0.233469
4.68484 0.317493
4.66803 0.379602
4.63555 0.466126
4.62563 0.526824
4.61969 0.597129
4.63145 0.649116
4.60332 0.687398
4.60225 0.719726
4.60053 0.765822
4.61659 0.803385
4.64202 0.877178
4.84093 1.03312
4.88327 1.10279
4.92627 1.14735
4.95223 1.19221
4.98639 1.22757
5.06184 1.36438
5.12325 1.45748
5.20073 1.56627
5.26957 1.64442
5.36479 1.72614
5.44351 1.78644
5.54313 1.90818
5.62034 1.99172
5.69071 2.03995
5.75078 2.07742
5.80997 2.1123
5.86467 2.14222
5.90153 2.19679
5.94082 2.23855
5.98334 2.27356
6.02517 2.3018
6.07589 2.33241
6.12561 2.35926
6.21346 2.38189
6.28872 2.40411
6.36238 2.45275
6.42736 2.49153
6.47464 2.51819
6.52287 2.54292
6.61988 2.5716
6.69986 2.59727
6.72863 2.5769
6.76328 2.57054
6.72821 2.4542
6.72134 2.38574
6.72281 2.33541
6.74137 2.30981
6.68889 2.2348
6.67056 2.19277
6.61048 2.10317
6.58884 2.05199
6.57217 1.99615
6.57417 1.96467
6.57958 1.91225
6.6003 1.88435
6.63168 1.81766
6.75476 1.78817
6.86535 1.77266
6.94787 1.76985
7.07085 1.78404
7.17352 1.77428
7.26575 1.73984
7.57238 1.75137
7.70143 1.81877
7.79221 1.85748
7.88688 1.89181
7.96728 1.91689
8.06099 1.97578
8.13916 2.01628
8.23034 2.03426
8.30891 2.04969
8.40609 2.05718
8.48646 2.06516
8.60087 2.07207
8.69475 2.08043
8.77313 2.09577
8.84083 2.10956
8.94579 2.15604
9.03666 2.19077
9.11551 2.20456
9.18994 2.2188
9.23126 2.25233
9.28015 2.2788
9.37158 2.26554
9.4545 2.26285
9.54103 2.24707
9.62072 2.24309
9.71114 2.23632
9.79572 2.23847
9.89314 2.25742
9.98003 2.27507
10.0971 2.26759
10.1961 2.26868
10.3001 2.2844
10.3905 2.30064
10.4593 2.32311
10.5247 2.34273
10.6089 2.34557
10.6852 2.35306
10.7893 2.34423
10.8746 2.34391
10.9645 2.34311
11.0448 2.34929
11.134 2.37222
11.2102 2.39261
11.2945 2.4166
11.3682 2.43758
11.4335 2.49695
11.4946 2.54056
11.4999 2.63058
11.5258 2.69439
11.5871 2.72671
11.644 2.75264
11.6899 2.79065
11.7393 2.82119
11.769 2.82991
11.8069 2.84115
11.8345 2.82824
11.8701 2.82535
11.9214 2.84624
11.9725 2.8656
12.0482 2.91629
12.1145 2.9546
12.1812 2.98249
12.2412 3.0062
12.308 3.05319
12.3702 3.09032
12.4321 3.12183
12.4924 3.14909
12.5414 3.17425
12.5917 3.19699
12.6473 3.19739
12.7016 3.20429
12.7895 3.25251
12.8684 3.2916
12.9185 3.32214
12.9699 3.34876
13.0042 3.38643
13.0483 3.41845
13.0946 3.43407
13.1457 3.45162
13.22 3.45009
13.2883 3.45691
13.3536 3.47493
13.4169 3.49455
13.4877 3.59711
13.5534 3.67052
13.6635 3.70376
13.7556 3.73408
13.8344 3.73866
13.9016 3.74864
13.9632 3.77202
14.0257 3.79703
14.103 3.76876
14.1692 3.75773
14.2433 3.73654
14.3083 3.73071
14.3794 3.74746
14.4444 3.76707
14.5177 3.75783
14.5836 3.76051
14.6483 3.78722
14.708 3.81214
14.7619 3.82835
14.8138 3.84645
14.859 3.83718
14.9071 3.83984
14.941 3.8316
14.982 3.8347
15.021 3.90262
15.0638 3.95362
15.1399 3.99286
15.2027 4.02489
15.2677 4.07819
15.3266 4.12052
15.3741 4.14462
15.4219 4.16855
15.4628 4.20907
15.5039 4.24227
15.5131 4.26898
15.5392 4.29609
15.5894 4.3383
15.6368 4.37279
15.7004 4.42144
15.756 4.46022
15.83 4.42802
15.8933 4.41541
15.9128 4.43796
15.9422 4.46109
15.9827 4.49788
16.0251 4.53007
16.0876 4.5473
16.1472 4.5687
16.1567 4.58919
16.1795 4.61155
16.2516 4.60777
16.314 4.61418
16.3634 4.63043
16.4106 4.64966
16.4969 4.67071
16.5698 4.69483
16.6878 4.74511
16.7778 4.78591
16.8356 4.84946
16.8891 4.90006
16.9555 4.9542
17.0152 4.99942
17.0792 5.03568
17.137 5.06971
17.2161 5.13123
17.2857 5.18295
17.3976 5.24288
17.4881 5.29342
17.5739 5.33976
17.644 5.37915
17.7153 5.44608
17.7803 5.50133
17.8585 5.54754
17.926 5.58853
17.9995 5.63655
18.0614 5.67766
18.1065 5.77976
18.1539 5.85768
18.2158 5.96786
18.2726 6.05051
18.3253 6.14624
18.3742 6.21817
18.4344 6.23005
18.4891 6.24945
18.4961 6.3015
18.5188 6.3475
18.563 6.43338
18.6069 6.49978
18.6661 6.59017
18.7201 6.65968
18.7613 6.77168
18.8041 6.85581
18.8601 6.93606
18.912 6.99942
18.9673 7.08668
19.02 7.15521
19.0822 7.20251
19.1378 7.24395
19.2213 7.29243
19.2934 7.33672
19.3453 7.36912
19.707 7.62899
20.5718 8.11763
20.6994 8.18568
20.7201 8.264
20.7516 8.32689
20.8095 8.38846
20.863 8.44365
20.8643 8.48455
20.881 8.52739
20.9175 8.60731
20.9553 8.6742
20.9786 8.765
21.0082 8.84005
21.0463 8.90592
21.0863 8.96668
21.1554 9.00817
21.2139 9.05232
21.2603 9.12517
21.3031 9.18903
21.3337 9.27041
21.3667 9.34125
21.4017 9.43384
21.4353 9.51043
21.4365 9.58903
21.4478 9.6567
21.4795 9.72157
21.5109 9.78141
21.5431 9.83371
21.5746 9.88609
21.5684 9.95153
21.574 10.0111
21.6328 10.0537
21.6799 10.0998
21.7306 10.1196
21.7721 10.151
21.8011 10.217
21.828 10.2784
22.0274 10.5272
22.0871 10.5948
22.1187 10.6496
22.2931 11.0954
22.4329 11.2312
22.5328 11.3846
22.5594 11.4374
22.6078 11.4913
22.6405 11.54
22.6234 11.724
22.6125 11.7928
22.532 11.8522
22.4869 11.907
22.4516 12.0016
22.4318 12.0791
22.4045 12.1772
22.3894 12.2566
22.367 12.3708
22.3549 12.4619
22.3522 12.5568
22.3523 12.6312
22.3429 12.7423
22.3394 12.8338
22.3547 12.8848
22.3664 12.935
22.4094 13.0139
22.4377 13.0807
22.4994 13.1015
22.5395 13.1349
22.5998 13.1414
22.6391 13.1661
22.7001 13.1807
22.7394 13.2082
22.7715 13.2518
22.7921 13.3037
22.8435 13.3404
22.8762 13.3822
22.9047 13.4291
22.9228 13.4809
22.9729 13.5386
23.0045 13.5962
23.0409 13.6384
23.0636 13.6854
23.1014 13.7443
23.125 13.8028
23.1693 13.8479
23.1968 13.897
23.2376 13.9535
23.2626 14.0078
23.3085 14.0877
23.3353 14.1632
23.3896 14.2492
23.4212 14.3272
23.4887 14.4101
23.5286 14.4846
23.6255 14.5575
23.6831 14.6267
23.7559 14.7005
23.7985 14.7671
23.866 14.8237
23.905 14.8796
23.9587 14.9437
23.9887 15.0038
24.0455 15.0652
24.0769 15.1252
24.1331 15.1609
24.1648 15.2006
24.2309 15.2031
24.2674 15.2268
24.3504 15.2261
24.3974 15.2433
24.4827 15.2257
24.5311 15.2312
24.5934 15.2651
24.6261 15.3051
24.6802 15.3704
24.707 15.432
24.7665 15.4029
24.7977 15.4015
24.8539 15.3954
24.8811 15.4095
24.9263 15.4303
24.9467 15.4604
24.9862 15.4785
25.0035 15.506
25.0357 15.528
25.0474 15.5591
25.0643 15.5971
25.0666 15.6377
25.0895 15.645
25.0957 15.6657
25.1189 15.6675
25.127 15.6809
25.1298 15.7284
25.1222 15.776
25.129 15.7988
25.1262 15.8267
25.0984 15.908
25.0736 15.973
25.0465 16.0574
25.0221 16.1243
25.0078 16.167
24.9902 16.2098
24.9826 16.2294
24.9714 16.2533
24.9659 16.2734
24.9549 16.2997
24.942 16.3429
24.9257 16.3847
24.894 16.4622
24.8653 16.5266
24.8378 16.5889
24.8125 16.642
24.7754 16.725
24.742 16.7945
24.7049 16.8644
24.6713 16.9258
24.6417 16.9916
24.613 17.0506
24.5833 17.1101
24.5542 17.1655
24.5115 17.2537
24.473 17.3296
24.4229 17.3982
24.3776 17.464
24.3664 17.4647
24.3446 17.4879
24.3393 17.4715
24.3203 17.4844
24.2956 17.5396
24.2647 17.5974
24.2339 17.6588
24.1996 17.7196
24.1614 17.802
24.1225 17.8759
24.0785 17.949
24.0359 18.0166
23.9771 18.1224
23.9253 18.2107
23.8767 18.275
23.8323 18.3352
23.799 18.3636
23.7617 18.4045
23.7172 18.4651
23.6751 18.5239
23.6693 18.5196
23.6511 18.536
23.6593 18.5167
23.6519 18.5215
23.6569 18.4793
23.6457 18.4719
23.639 18.4616
23.6213 18.4733
23.6312 18.4311
23.6256 18.4208
23.6141 18.4546
23.5942 18.4935
23.5884 18.5218
23.573 18.556
23.5551 18.5974
23.5292 18.6449
23.4957 18.7348
23.4614 18.8112
23.4362 18.8707
23.4069 18.9283
23.3791 19.0055
23.3485 19.0739
23.2998 19.1697
23.2559 19.2508
23.2405 19.28
23.2173 19.3189
23.1855 19.3622
23.1544 19.4071
23.1291 19.4536
23.0984 19.5064
23.0835 19.5262
23.0625 19.5578
23.0448 19.5885
23.0213 19.628
22.9997 19.6814
22.974 19.735
22.9443 19.7948
22.9141 19.8532
22.9149 19.8387
22.904 19.8511
22.9266 19.8144
22.93 19.811
23.0034 19.6691
23.039 19.6002
23.1242 19.4229
23.1683 19.3308
23.2602 19.1292
23.3085 19.0226
23.3895 18.8464
23.4321 18.7539
23.5025 18.6014
23.5375 18.525
23.579 18.4315
23.5959 18.3918
23.6463 18.3065
23.6689 18.2722
23.7183 18.1786
23.7396 18.1406
23.7676 18.1015
23.7759 18.0971
23.7818 18.108
23.7761 18.1353
23.7774 18.1405
23.7685 18.1655
23.7624 18.1523
23.7504 18.1618
23.7386 18.1151
23.7231 18.1026
23.7046 18.1037
23.6856 18.1201
23.6298 18.2803
23.6117 18.3357
23.586 18.4054
23.562 18.4661
23.5469 18.4918
23.529 18.5258
23.5129 18.5504
23.4719 18.6316
23.4545 18.683
23.4354 18.7324
23.4155 18.7957
23.3944 18.8547
23.3811 18.8986
23.3646 18.9441
23.3567 19.001
23.3442 19.0538
23.323 19.1053
23.3007 19.1578
23.2804 19.2652
23.2597 19.351
23.2331 19.4595
23.208 19.547
23.1605 19.6834
23.1218 19.7901
23.0737 19.9277
23.0327 20.0396
22.8731 20.4855
22.8218 20.6316
22.7796 20.7602
22.7458 20.8568
22.6985 20.9772
22.6583 21.0765
22.616 21.1817
22.58 21.2691
22.5258 21.394
22.4826 21.4942
22.4382 21.601
22.401 21.6897
22.3724 21.7699
22.3447 21.8428
22.326 21.9003
22.3056 21.9567
22.2905 22.0324
22.2732 22.0988
22.2543 22.1891
22.2338 22.2665
22.1971 22.3742
22.1654 22.462
22.1396 22.5461
22.1144 22.6202
22.092 22.6445
22.07 22.6805
22.0454 22.752
22.0227 22.8153
21.9821 22.9343
21.9487 23.0296
21.9007 23.1621
21.863 23.2643
21.8072 23.4172
21.7633 23.5348
21.7151 23.638
21.6765 23.7232
21.649 23.7927
21.6246 23.8543
21.5773 23.9563
21.4723 24.2051
21.4231 24.3283
21.263 24.7265
21.2287 24.7767
21.1986 24.8324
21.1714 24.8869
21.1182 24.8769
21.0758 24.8929
21.0451 24.8605
21.0196 24.8542
20.9769 24.8551
20.9418 24.8746
20.9068 24.8903
20.8774 24.9178
20.8292 24.9476
20.7911 24.9841
20.7434 25.0333
20.7065 25.0801
20.6661 25.1289
20.6321 25.1792
20.5539 25.2657
20.497 25.338
20.4223 25.3979
20.3681 25.4522
20.3075 25.5239
20.2617 25.588
20.1971 25.6128
20.149 25.6457
20.0912 25.7249
20.0475 25.7919
19.989 25.8852
19.9434 25.9653
19.9015 26.065
19.8678 26.1468
19.799 26.2724
19.7485 26.3703
19.7003 26.4522
19.6619 26.5237
19.6373 26.5932
19.6153 26.653
19.6083 26.7071
19.5966 26.759
19.5667 26.8482
19.5415 26.9205
19.5171 26.9739
19.4936 27.0277
19.4792 27.1025
19.4637 27.1666
19.4606 27.216
19.4533 27.2607
19.4569 27.3148
19.4533 27.3645
19.4465 27.4272
19.4343 27.4873
19.4501 27.5401
19.4542 27.5892
19.4451 27.6414
19.4328 27.6918
19.3783 27.7818
19.3374 27.8561
19.3091 27.9133
19.2856 27.9649
19.2643 28.0231
19.2449 28.0767
19.2098 28.1724
19.183 28.2465
19.1664 28.3093
19.1503 28.3655
19.1013 28.4508
19.0657 28.5181
19.0603 28.5781
19.0513 28.6318
19.0486 28.6996
19.041 28.7596
19.0486 28.8123
19.0476 28.8625
19.0527 28.9158
19.0494 28.9687
19.0483 29.0304
19.0416 29.0868
19.0313 29.1306
19.0197 29.1729
19.0129 29.2371
19.0033 29.2935
19.0143 29.356
19.016 29.4114
18.998 29.4894
18.9818 29.554
18.9663 29.5898
18.9509 29.6296
18.9406 29.684
18.9298 29.7321
18.9482 29.8064
18.9542 29.871
18.9544 29.8927
18.9503 29.9188
18.934 29.9427
18.9184 29.973
18.8968 30.0039
18.8776 30.0398
18.8787 30.0705
18.874 30.1053
18.8913 30.1386
18.8968 30.1751
18.9014 30.219
18.897 30.2671
18.8985 30.3524
18.893 30.4246
18.8838 30.4992
18.8726 30.5615
18.858 30.6033
18.8422 30.6476
18.8197 30.7123
18.7981 30.7727
18.7706 30.8326
18.746 30.8908
18.7115 30.9631
18.6837 31.0257
18.6485 31.0984
18.6202 31.1611
18.6098 31.2244
18.5976 31.2802
18.5731 31.3531
18.5517 31.4178
18.5335 31.4713
18.5159 31.523
18.506 31.5513
18.493 31.5877
18.4594 31.6437
18.4315 31.6991
18.423 31.7544
18.4115 31.8069
18.3695 31.8771
18.3367 31.9405
18.2749 32.0508
18.2296 32.14
18.2116 32.136
18.1948 32.1518
18.1468 32.2017
18.1097 32.2546
18.0816 32.3485
18.058 32.4271
18.0314 32.511
18.0082 32.5856
18.0085 32.6246
18.0028 32.6696
18.0053 32.7872
18.0012 32.8825
17.9828 32.9681
17.965 33.0436
17.9528 33.1549
17.9397 33.2431
17.9261 33.3547
17.9115 33.4452
17.903 33.5534
17.8915 33.6424
17.8829 33.7623
17.8721 33.8564
17.8708 33.9383
17.8646 34.0091
17.8593 34.0703
17.8515 34.1249
17.8734 34.1365
17.8816 34.1645
17.8947 34.1735
17.8973 34.1992
17.8789 34.2727
17.861 34.3396
17.8547 34.3946
17.844 34.4505
17.8455 34.4841
17.8402 34.5259
17.8366 34.5899
17.8278 34.652
17.822 34.7225
17.8123 34.7874
17.7998 34.853
17.7859 34.9137
17.7815 34.9786
17.7741 35.0353
17.7719 35.0851
17.7647 35.1359
17.749 35.1988
17.7323 35.2602
17.7247 35.286
17.7131 35.3235
17.7056 35.3653
17.6956 35.4087
17.6887 35.4379
17.6783 35.4747
17.6566 35.5453
17.636 35.6106
17.6363 35.6726
17.6308 35.729
17.6103 35.8147
17.5903 35.89
17.5768 35.9716
17.5626 36.04
17.5452 36.1327
17.5284 36.2091
17.5208 36.2534
17.5096 36.3013
17.514 36.3849
17.5119 36.4541
17.5055 36.5205
17.4961 36.5798
17.487 36.6475
17.4759 36.707
17.4478 36.7555
17.4242 36.804
17.3977 36.8561
17.3762 36.9039
17.3616 36.9351
17.3459 36.9752
17.3477 36.9909
17.344 37.0157
17.3425 37.0623
17.3353 37.1111
17.3456 37.0884
17.3463 37.0904
17.349 37.0709
17.3463 37.0708
17.3466 37.0583
17.34 37.0695
17.3395 37.0263
17.3338 37.0126
17.2847 36.9766
17.2481 36.9675
17.1984 36.9344
17.1587 36.9334
17.0974 36.9152
17.0513 36.9212
17.0177 36.9237
16.9893 36.9432
16.952 36.9913
16.9223 37.0382
16.893 37.0811
16.8685 37.1247
16.8522 37.1711
16.8346 37.2214
16.8322 37.288
16.7774 37.498
16.7876 37.5943
16.7839 37.6721
16.7762 37.7439
16.7655 37.807
16.7574 37.8731
16.7467 37.9332
16.7676 37.9945
16.7745 38.054
16.7751 38.1487
16.7708 38.2249
16.7713 38.2873
16.7668 38.3436
16.7613 38.3958
16.7531 38.4446
16.7468 38.4882
16.7377 38.5328
16.7129 38.5912
16.6911 38.6474
16.6672 38.6764
16.6462 38.7128
16.6102 38.7526
16.5815 38.7957
16.5641 38.8383
16.5469 38.8851
16.5209 38.9482
16.4988 39.007
16.4814 39.071
16.464 39.1329
16.4727 39.2065
16.4724 39.2722
16.4643 39.317
16.4528 39.3653
16.4418 39.4225
16.4281 39.4791
16.3952 39.5418
16.3675 39.6019
16.3351 39.6621
16.3085 39.7179
16.2968 39.7895
16.2806 39.8605
16.2482 39.9487
16.1805 40.1382
16.0247 40.4868
15.9715 40.6071
15.936 40.7786
15.9227 40.8433
15.8684 41.0333
15.7923 41.2788
15.7488 41.4527
15.6675 41.7193
15.6369 41.7958
15.6116 41.8638
15.5647 42.1235
15.5058 42.3628
15.5016 42.4467
15.4901 42.5184
15.4834 42.6056
15.4724 42.6811
15.4618 42.7565
15.4484 42.8255
15.4463 42.8938
15.4384 42.9569
15.4387 43.0008
15.432 43.0501
15.4465 43.109
15.4503 43.1631
15.4425 43.2311
15.4314 43.2939
15.425 43.3459
15.4156 43.3956
15.397 43.4599
15.3775 43.5251
15.3461 43.576
15.3203 43.6262
15.3117 43.6773
15.3003 43.7288
15.2897 43.7797
15.2768 43.8323
15.2728 43.8994
15.2647 43.9598
15.2486 44.0247
15.2336 44.0808
15.2569 44.1518
15.2651 44.2174
15.251 44.2875
15.2367 44.3487
15.1933 44.4737
15.161 44.5679
15.1399 44.6395
15.1218 44.6997
15.1195 44.7667
15.1133 44.8241
15.1077 44.8946
15.0992 44.9544
15.0864 45.0104
15.073 45.0618
15.0442 45.1093
15.0206 45.1543
14.9778 45.1919
14.9454 45.2305
14.904 45.31
14.8719 45.3768
14.8432 45.4556
14.8185 45.5241
14.8004 45.6067
14.7825 45.6773
14.753 45.7692
14.7271 45.847
14.7121 45.8987
14.6949 45.9519
14.6818 46.0038
14.6667 46.0547
14.6712 46.0786
14.6659 46.1152
14.6726 46.1296
14.6694 46.1575
14.6378 46.2419
14.6104 46.3144
14.5893 46.3818
14.5679 46.446
14.5569 46.4865
14.5426 46.5316
14.5305 46.6048
14.5153 46.6706
14.5139 46.7277
14.5049 46.7851
14.515 46.825
14.5125 46.8726
14.504 46.8827
14.4894 46.9119
14.4645 46.9447
14.4402 46.9865
14.4167 47.0609
14.3925 47.1307
14.3659 47.191
14.34 47.2513
14.2937 47.3507
14.2551 47.4344
14.259 47.4917
14.2521 47.5489
14.2245 47.6321
14.1979 47.7057
14.1749 47.7823
14.1504 47.8535
14.1256 47.9249
14.0991 47.994
14.0599 48.0911
14.0249 48.1755
13.9783 48.2874
13.9341 48.3914
13.9079 48.4692
13.8815 48.5407
13.8577 48.6061
13.8324 48.6711
13.8315 48.7732
13.8222 48.8587
13.8022 48.9558
13.7813 49.0367
13.7811 49.1187
13.7715 49.1932
13.7614 49.2602
13.7446 49.3234
13.7256 49.3803
13.7036 49.4351
13.6853 49.489
13.6626 49.5442
13.6482 49.5954
13.6291 49.6468
13.6056 49.716
13.5803 49.7797
13.5512 49.8523
13.5217 49.9196
13.4953 49.9837
13.4675 50.0456
13.4333 50.126
13.4015 50.1967
13.3645 50.2872
13.3307 50.3651
13.2914 50.456
13.2567 50.533
13.235 50.5928
13.2118 50.6496
13.1936 50.7099
13.1719 50.7682
13.1456 50.8448
13.1195 50.9123
13.0933 50.9803
13.0664 51.0439
13.028 51.1408
12.9927 51.2245
12.9527 51.3231
12.9161 51.4087
12.8782 51.4964
12.8431 51.5747
12.8109 51.6506
12.778 51.7244
12.7398 51.8164
12.7068 51.8931
12.6603 52.0057
12.6198 52.1002
12.5746 52.2118
12.5344 52.3066
12.4955 52.4004
12.4605 52.4813
12.4325 52.5669
12.4043 52.6431
12.3796 52.711
12.3539 52.7748
12.3236 52.8552
12.2941 52.9276
12.2591 53.0056
12.2264 53.0767
12.1957 53.1482
12.1646 53.217
12.1381 53.2777
12.1109 53.3374
12.0902 53.3993
12.0675 53.458
12.0319 53.5521
11.9987 53.6337
11.9669 53.7092
11.9377 53.7752
11.91 53.84
11.8831 53.8992
11.8491 53.9851
11.8174 54.0595
11.785 54.1368
11.7547 54.2045
11.716 54.2915
11.6803 54.3675
11.6564 54.4436
11.6309 54.5113
11.6061 54.577
11.5812 54.6352
11.5573 54.6769
11.5313 54.7226
11.5093 54.7553
11.4846 54.7949
11.4681 54.8347
11.4473 54.8778
11.4151 54.9601
11.3837 55.0311
11.3533 55.0915
11.3235 55.1474
11.2811 55.2319
11.2449 55.3009
11.2138 55.3554
11.1832 55.4079
11.1602 55.4517
11.1352 55.4964
11.1073 55.5456
11.078 55.5955
11.0455 55.6558
11.0135 55.7122
10.9991 55.7538
10.981 55.7949
10.9599 55.8342
10.9341 55.8791
10.912 55.9215
10.8877 55.9648
10.8587 56.0231
10.8285 56.0792
10.7947 56.1446
10.7617 56.2048
10.7218 56.2808
10.6846 56.3484
10.6455 56.4302
10.6103 56.4994
10.5716 56.5738
10.5362 56.6386
10.4985 56.7184
10.4621 56.7899
10.4142 56.8879
10.3723 56.9695
10.3369 57.0333
10.3039 57.0921
10.2763 57.1422
10.2486 57.1925
10.2289 57.2362
10.2063 57.2827
10.1894 57.3272
10.171 57.3703
10.1413 57.45
10.1148 57.5158
10.0913 57.5813
9.92966 57.9242
9.89855 58.0414
9.87272 58.1216
9.84593 58.2256
9.82032 58.3103
9.79951 58.3944
9.77928 58.4645
9.76694 58.5184
9.7518 58.5703
9.73032 58.648
9.7073 58.7195
9.68631 58.7845
9.6664 58.841
9.64681 58.9047
9.62521 58.9669
9.60384 59.0361
9.58204 59.0993
9.56987 59.1552
9.55247 59.2134
9.54039 59.2721
9.52489 59.3278
9.50495 59.4047
9.48357 59.4739
9.47116 59.5305
9.45354 59.5889
9.43834 59.6456
9.42028 59.7008
9.38791 59.7754
9.3578 59.8439
9.32612 59.9151
9.29755 59.9785
9.2717 60.0518
9.24814 60.1135
9.22377 60.1756
9.20022 60.2318
9.1705 60.2983
9.14249 60.359
9.11721 60.4067
9.09229 60.4547
9.06947 60.5065
9.04662 60.5561
9.01892 60.6159
8.97282 60.7104
8.95582 60.761
8.82037 61.0366
8.76498 61.1486
8.71891 61.2388
8.68793 61.315
8.57892 61.5315
8.54268 61.6093
8.51367 61.6686
8.43579 61.8364
8.36606 61.9791
8.32566 62.0892
8.30495 62.1433
8.20831 62.3576
8.08818 62.6034
8.06835 62.6573
8.04587 62.7079
8.01267 62.7846
7.98452 62.8467
7.97842 62.8632
7.96687 62.8883
7.96659 62.9031
7.95712 62.9306
7.93795 62.9919
7.91761 63.0466
7.89389 63.1133
7.8716 63.1694
7.84497 63.2393
7.82009 63.2991
7.79715 63.3499
7.77445 63.3975
7.76125 63.4307
7.74428 63.4681
7.71087 63.5219
7.68114 63.5719
7.64526 63.6457
7.61172 63.7126
7.58531 63.7697
7.55971 63.8219
7.52958 63.8785
7.41292 64.0928
7.38644 64.1532
7.36266 64.2029
7.33975 64.2591
7.31744 64.3088
7.29928 64.3554
7.28013 64.3994
7.25236 64.4748
7.22736 64.5366
7.20295 64.6157
7.18011 64.6799
7.15282 64.7546
7.12738 64.8175
7.09576 64.8848
7.06884 64.9404
7.03368 65.0057
7.0034 65.0623
6.97362 65.1168
6.94548 65.169
6.90863 65.2269
6.87622 65.2808
6.85256 65.3448
6.82857 65.4032
6.80503 65.4718
6.78031 65.5349
6.77318 65.5855
6.76008 65.6354
6.75034 65.6946
6.73365 65.754
6.71847 65.8239
6.69885 65.8894
6.68026 65.9563
6.65832 66.0198
6.6343 66.0914
6.60947 66.1569
6.60979 66.2074
6.60109 66.2589
6.59783 66.317
6.58821 66.3709
6.5791 66.4194
6.56364 66.472
6.54349 66.5321
6.52252 66.5886
6.48223 66.6518
6.44804 66.7105
6.41236 66.7616
6.38166 66.8115
6.37133 66.8571
6.35846 66.9004
6.3475 66.9633
6.33217 67.0223
6.32349 67.0761
6.31054 67.1272
6.27392 67.2328
6.2413 67.3208
6.20129 67.4083
6.16825 67.4806
6.1495 67.5702
6.12791 67.649
6.09507 67.7401
6.06622 67.8154
6.03254 67.9104
6.00096 67.9926
5.97862 68.0773
5.95409 68.1533
5.92775 68.2462
5.90127 68.3256
5.88073 68.431
5.85799 68.5182
5.83624 68.6049
5.81143 68.6824
5.8027 68.7689
5.78784 68.843
5.77713 68.9255
5.76101 68.9965
5.74492 69.0748
5.72532 69.1431
5.71179 69.1985
5.69353 69.2524
5.66117 69.3232
5.63181 69.3849
5.59709 69.4424
5.56576 69.4962
5.53785 69.5595
5.51242 69.614
5.47439 69.6726
5.44032 69.7278
5.42124 69.7745
5.39863 69.8231
5.37773 69.8663
5.35408 69.9124
5.34898 69.9422
5.33606 69.9783
5.3175 70.0147
5.29595 70.0547
5.29224 70.0667
5.27933 70.0927
5.29312 70.0696
5.2908 70.074
5.28652 70.0879
5.27622 70.1097
5.26471 70.139
5.24724 70.1751
5.23127 70.2065
5.21375 70.239
5.21184 70.2515
5.20182 70.2746
5.20592 70.2809
5.19985 70.2999
5.20232 70.2923
5.19433 70.3038
5.19489 70.3125
5.18378 70.3377
5.17315 70.3525
5.15637 70.3792
5.14773 70.4153
5.13131 70.4573
5.12348 70.4933
5.10793 70.5346
5.09715 70.5828
5.07959 70.6322
5.06477 70.6556
5.04554 70.6873
5.0191 70.7264
4.99232 70.7686
4.97468 70.8154
4.95404 70.8616
4.92499 70.9135
4.8977 70.9617
4.85642 71.0306
4.8208 71.0907
4.78365 71.1591
4.75124 71.218
4.71969 71.291
4.69081 71.3532
4.6619 71.4073
4.63496 71.4571
4.6022 71.4982
4.57138 71.5424
4.54089 71.5864
4.51282 71.6302
4.49166 71.6633
4.46753 71.7041
4.44739 71.7436
4.42611 71.7847
4.4123 71.8331
4.39319 71.8835
4.36403 71.8887
4.33473 71.9123
4.30824 71.9688
4.28049 72.0258
4.23888 72.0893
4.20326 72.1477
4.16973 72.1943
4.1402 72.2402
4.11541 72.2991
4.09049 72.355
4.07455 72.4412
4.05668 72.5122
4.04556 72.6045
4.03165 72.6775
4.02058 72.7467
4.00726 72.8039
3.97825 72.8847
3.95247 72.9516
3.9332 73.0111
3.91182 73.0686
3.88633 73.1174
3.86357 73.1625
3.84973 73.2002
3.83365 73.2403
3.8062 73.3193
3.78036 73.3886
3.75408 73.424
3.72963 73.464
3.69364 73.5244
3.66346 73.5795
3.63131 73.6451
3.60317 73.7049
3.56697 73.7691
3.53769 73.8247
3.525 73.8703
3.50892 73.9185
3.49593 73.961
3.48195 74.0024
3.46845 74.0632
3.45339 74.118
3.45105 74.169
3.44295 74.2184
3.4239 74.3095
3.40494 74.385
3.39597 74.4721
3.38275 74.5468
3.3673 74.6258
3.35102 74.6924
3.32845 74.7745
3.30693 74.8446
3.28541 74.9437
3.26518 75.023
3.25567 75.1149
3.16519 75.4078
3.12089 75.5096
3.08863 75.5837
3.07124 75.6577
3.05068 75.7257
3.02533 75.8003
3.00018 75.868
2.96912 75.9486
2.94072 76.0191
2.90458 76.097
2.87325 76.1648
2.85265 76.223
2.8306 76.2793
2.79882 76.3675
2.77096 76.4399
2.73586 76.514
2.70386 76.5813
2.67076 76.646
2.64078 76.7054
2.61443 76.7825
2.59009 76.8469
2.57589 76.8869
2.55831 76.9295
2.54043 76.9762
2.51959 77.0248
2.50261 77.1002
2.48164 77.1682
2.43486 77.2849
2.39683 77.3753
2.35912 77.4827
2.32525 77.5702
2.2977 77.6822
2.27125 77.7707
2.21892 77.9141
2.17677 78.0221
2.14743 78.1253
2.11829 78.2105
2.06339 78.3234
2.01754 78.4149
1.95242 78.5505
1.90088 78.6545
1.85712 78.7837
1.65115 79.212
1.56772 79.3174
1.5265 79.3722
1.34074 79.743
1.22083 79.9632
1.13412 80.1706
1.09303 80.2646
0.917386 80.5374
0.869192 80.6104
0.687099 80.8933
0.595357 81.0466
0.485758 81.2371
0.436519 81.3231
0.367129 81.4443
0.31714 81.534
0.278465 81.6646
0.245089 81.7645
0.212978 81.8699
0.184204 81.9534
0.151084 82.0285
0.121348 82.0935
0.0864739 82.1766
0.0563326 82.2454
0.0230874 82.2988
-0.00714275 82.3516
-0.0227225 82.4139
-0.0407141 82.4704
-0.0753161 82.5776
-0.104308 82.6605
-0.144108 82.7477
-0.176392 82.8185
-0.206876 82.9044
-0.235142 82.9786
-0.266025 83.0672
-0.29255 83.1397
-0.28521 83.2043
-0.288625 83.2634
-0.273523 83.3198
-0.269214 83.3678
-0.244812 83.4069
-0.236486 83.4481
-0.2672 83.5365
-0.292739 83.6065
-0.321204 83.6764
-0.3452 83.7343
-0.357078 83.779
-0.371538 83.8229
-0.403211 83.8759
-0.43129 83.9277
-0.476814 84.0132
-0.512734 84.0833
-0.551746 84.1503
-0.585073 84.2112
-0.611515 84.2593
-0.637129 84.3083
-0.660802 84.3259
-0.683422 84.3528
-0.718468 84.427
-0.750155 84.4941
-0.810583 84.593
-0.857359 84.6739
-0.904228 84.7666
-0.94175 84.8419
-0.964613 84.9138
-0.987583 84.9768
-1.00246 85.0363
-1.01811 85.0866
-1.08057 85.2457
-1.12961 85.3656
-1.17092 85.4689
-1.20504 85.5499
-1.24594 85.6616
-1.28065 85.7501
-1.33355 85.8747
-1.37889 85.976
-1.40723 86.0805
-1.43484 86.1647
-1.4808 86.2757
-1.52236 86.3693
-1.5817 86.5079
-1.63167 86.6186
-1.68287 86.7299
-1.72672 86.8214
-1.78053 86.9267
-1.82571 87.0132
-1.86559 87.0902
-1.90095 87.1567
-1.91781 87.177
-1.93857 87.207
-1.95441 87.2297
-1.9753 87.2634
-1.97947 87.2468
-1.99417 87.2566
-2.02413 87.3002
-2.0542 87.3468
-2.07307 87.3714
-2.0976 87.4086
-2.11074 87.4306
-2.13024 87.463
-2.15159 87.5203
-2.17734 87.5769
-2.21607 87.6633
-2.25274 87.7382
-2.30129 87.8194
-2.34283 87.8889
-2.38333 87.9567
-2.41982 88.0176
-2.45518 88.0903
-2.49105 88.1579
-2.51452 88.1971
-2.54199 88.241
-2.57263 88.292
-2.60301 88.3405
-2.63816 88.4056
-2.67332 88.4661
-2.69677 88.5336
-2.72491 88.5957
-2.74995 88.6407
-2.77824 88.687
-2.82866 88.7302
-2.87414 88.7772
-2.93499 88.8372
-2.98598 88.8936
-3.01991 88.9109
-3.0557 88.9421
-3.13572 89.0327
-3.19892 89.1089
-3.26475 89.1837
-3.31949 89.2507
-3.39426 89.3349
-3.45337 89.4063
-3.52566 89.5072
-3.58482 89.5919
-3.64921 89.6813
-3.70484 89.7606
-3.75728 89.8603
-3.80088 89.9394
-3.83129 90.0057
-3.86331 90.0663
-3.90396 90.1216
-3.94223 90.1751
-3.96673 90.2205
-3.99695 90.2698
-4.03404 90.3374
-4.07297 90.4027
-4.10458 90.474
-4.13331 90.531
-4.12489 90.5446
-4.13264 90.5698
-4.15485 90.6068
-4.17804 90.6419
-4.2064 90.6723
-4.23493 90.7052
-4.25722 90.7203
-4.28172 90.7435
-4.27273 90.7208
-4.27568 90.7167
-4.26376 90.6877
-4.26776 90.6829
-4.25059 90.6588
-4.25188 90.6578
-4.2524 90.6453
-4.26253 90.6486
-4.24723 90.6424
-4.24939 90.6524
-4.25653 90.676
-4.27059 90.7019
-4.29246 90.7417
-4.3186 90.7811
-4.33916 90.8144
-4.36457 90.8493
-4.38596 90.8895
-4.41109 90.9278
-4.44231 90.9625
-4.47495 90.9987
-4.5066 91.0364
-4.53831 91.0734
-4.56779 91.1064
-4.5988 91.1408
-4.64056 91.1872
-4.67921 91.2298
-4.72439 91.2947
-4.76384 91.3476
-4.78803 91.3861
-4.81749 91.4248
-4.84337 91.5026
-4.87332 91.5656
-4.88578 91.6087
-4.90424 91.6464
-4.94342 91.7353
-4.98243 91.8054
-5.03285 91.8984
-5.07659 91.9686
-5.13708 92.0883
-5.18791 92.1759
-5.2603 92.2793
-5.31787 92.3561
-5.35427 92.4026
-5.38997 92.4434
-5.42148 92.4784
-5.45338 92.5113
-5.49206 92.551
-5.52867 92.5869
-5.58003 92.6506
-5.62781 92.7044
-5.67727 92.7457
-5.72163 92.7832
-5.78607 92.8339
-5.83999 92.8774
-5.89265 92.9249
-5.94022 92.9669
-5.99674 93.0135
-6.0447 93.0527
-6.09266 93.0983
-6.13719 93.1387
-6.18508 93.1695
-6.22939 93.2002
-6.26799 93.2393
-6.30748 93.2761
-6.3396 93.3191
-6.37314 93.3566
-6.41594 93.4054
-6.45892 93.4486
-6.52271 93.4847
-6.57823 93.5189
-6.64268 93.5492
-6.70194 93.5819
-6.77112 93.5964
-6.83107 93.6167
-6.89965 93.6429
-6.95838 93.6697
-7.03119 93.7134
-7.09554 93.753
-7.16731 93.7923
-7.22901 93.8274
-7.29779 93.8712
-7.3583 93.9091
-7.41257 93.9366
-7.46144 93.9626
-7.50683 93.9979
-7.6327 94.0811
-7.68482 94.1448
-7.72983 94.1893
-7.81018 94.267
-7.84968 94.3047
-7.88946 94.3408
-7.92974 94.3718
-7.97024 94.4138
-8.01048 94.4482
-8.06888 94.5
-8.11861 94.5397
-8.19016 94.641
-8.25035 94.7134
-8.33476 94.8069
-8.40491 94.8748
-8.49343 94.9583
-8.56577 95.0192
-8.65002 95.1005
-8.71979 95.1597
-8.81616 95.2469
-8.8945 95.31
-8.96994 95.3993
-9.03605 95.464
-9.1147 95.5473
-9.23457 95.6352
-9.30604 95.7053
-9.36732 95.7535
-9.42322 95.8105
-9.47656 95.8529
-9.51593 95.8515
-9.55386 95.8548
-9.60799 95.8766
-9.65801 95.8957
-9.73682 95.9572
-9.80194 96.0012
-9.87438 96.0558
-9.93664 96.0956
-10.0152 96.131
-10.0832 96.1585
-10.1481 96.1709
-10.5488 96.2769
-10.6303 96.2934
-10.6957 96.3072
-10.7759 96.3263
-11.1125 96.3972
-11.2029 96.4781
-11.2748 96.5223
-11.5329 96.589
-11.7823 96.64
-11.8957 96.6842
-12.2197 96.7466
-12.2809 96.7256
-12.5234 96.7279
-12.6587 96.7757
-12.7252 96.7957
-12.7872 96.8138
-12.8499 96.8252
-12.9661 96.8999
-13.0613 96.9472
-13.1282 97.0022
-13.1931 97.0376
-13.2586 97.0849
-13.3191 97.1152
-13.3993 97.1898
-13.471 97.2377
-13.5441 97.2785
-13.6094 97.3044
-13.6819 97.3459
-13.7454 97.372
-13.7999 97.4098
-13.8539 97.4334
-13.9129 97.4636
-13.9687 97.4824
-14.0382 97.5075
-14.1005 97.5229
-14.1682 97.532
-14.2328 97.5367
-14.2954 97.6103
-14.36 97.6562
-14.4241 97.7584
-14.4864 97.8226
-14.5505 97.8899
-14.6126 97.9316
-14.6851 98.0227
-14.7559 98.0793
-14.8301 98.1471
-14.8998 98.189
-14.973 98.2195
-15.0413 98.2372
-15.1172 98.2496
-15.1874 98.2557
-15.2635 98.2802
-15.3328 98.294
-15.4055 98.3069
-15.4744 98.313
-15.5466 98.3388
-15.6135 98.3534
-15.6861 98.3574
-15.749 98.3582
-15.8004 98.4075
-15.8537 98.4375
-15.9532 98.4708
-16.0368 98.49
-16.1364 98.5679
-16.2182 98.6166
-16.313 98.6817
-16.3944 98.7218
-16.5224 98.8004
-16.6239 98.8491
-16.7163 98.8933
-16.7906 98.9201
-16.8548 98.9356
-16.965 98.8736
-17.0951 98.7984
-17.1749 98.6927
-17.2866 98.5979
-17.4144 98.54
-17.5631 98.512
-17.7412 98.499
-17.8719 98.4635
-18.0075 98.4773
-18.151 98.5108
-18.2877 98.5495
-18.4204 98.5627
-18.5505 98.5747
-18.6822 98.5348
-18.8462 98.5162
-19.0188 98.5107
-19.1427 98.5147
-19.2292 98.5186
-19.2883 98.5241
-19.3427 98.5247
-19.3874 98.5476
-19.4218 98.5742
-19.4612 98.6077
-19.5216 98.6207
-19.5921 98.6199
-19.6396 98.6398
-19.6901 98.6491
-19.7428 98.6606
-19.7939 98.6663
-19.8418 98.6654
-19.8961 98.6447
-19.9397 98.6459
-20.0122 98.6159
-20.0691 98.6008
-20.128 98.5755
-20.1817 98.5707
-20.2367 98.5669
-20.2891 98.5574
-20.3513 98.5304
-20.4216 98.5018
-20.4997 98.4828
-20.5706 98.4754
-20.7342 98.3952
-20.8691 98.344
-20.9678 98.2591
-21.0569 98.2216
-21.1262 98.1923
-21.1387 98.22
-21.0988 98.2517
-21.0925 98.2639
-21.1084 98.2634
-21.1094 98.3083
-21.1038 98.3449
-21.151 98.3544
-21.2407 98.3423
-21.2953 98.309
-21.3871 98.2744
-21.4802 98.2449
-21.5721 98.2187
-21.6233 98.1988
-21.6821 98.1767
-21.7112 98.1891
-21.7704 98.1839
-21.8025 98.2021
-21.8312 98.2329
-21.8579 98.2652
-21.8978 98.2417
-21.935 98.2386
-21.9609 98.2146
-21.9995 98.2089
-22.0292 98.1727
-22.0726 98.1488
-22.1239 98.1319
-22.171 98.1135
-22.2037 98.123
-22.2016 98.1198
-22.2199 98.1083
-22.1839 98.1147
-22.1946 98.156
-22.2319 98.2111
-22.2841 98.268
-22.3333 98.2907
-22.3837 98.2968
-22.467 98.2877
-22.4858 98.2659
-22.4498 98.1907
-22.4466 98.1384
-22.4348 98.1007
-22.4247 98.071
-22.4203 98.0457
-22.4235 98.0227
-22.436 97.9998
-22.4549 97.9781
-22.4996 97.9256
-22.5158 97.8467
-22.5737 97.813
-22.6529 97.7808
-22.7407 97.7505
-22.8321 97.6972
-22.9256 97.6332
-22.9405 97.5551
-22.9733 97.478
-23.0138 97.4191
-23.0566 97.3731
-23.04 97.3088
-23.0063 97.2397
-23.036 97.2071
-23.0341 97.162
-23.0172 97.1402
-23.0612 97.1623
-23.161 97.1873
-23.2597 97.23
-23.36 97.2753
-23.4844 97.2984
-23.5912 97.3262
-23.7116 97.3331
-23.8098 97.347
-23.9188 97.3437
-24.0307 97.3291
-24.1122 97.329
-24.1779 97.334
-24.2607 97.3191
-24.2665 97.2795
-24.2358 97.2271
-24.2334 97.1844
-24.2487 97.1482
-24.274 97.1168
-24.308 97.0873
-24.3431 97.0613
-24.3778 97.0381
-24.4135 97.0159
-24.4531 96.9928
-24.4935 96.9698
-24.3195 96.9195
-24.2228 96.8779
-24.1758 96.8417
-24.1611 96.8091
-24.1666 96.7787
-24.1858 96.7496
-24.218 96.7187
-24.4365 96.8184
-24.5914 96.8721
-24.7069 96.8951
-24.7981 96.898
-24.8743 96.8876
-24.9382 96.8706
-24.9942 96.8495
-25.0446 96.8259
-25.0946 96.7989
-25.1421 96.771
-25.1874 96.743
-25.232 96.7145
-25.277 96.6851
-25.321 96.656
-25.3646 96.6268
-25.4081 96.5975
-25.4516 96.5682
-25.4967 96.5377
-25.5402 96.5082
-25.5803 96.481
-25.6187 96.4549
-25.6578 96.4283
-25.6986 96.4005
-25.7387 96.3733
-26.2073 95.7026
-26.3369 95.0949
-26.5706 94.5874
-26.8151 94.125
-27.0201 93.8092
-27.1592 93.5891
-27.2673 93.4822
-27.3968 93.347
-27.5069 93.2397
-27.4117 93.1852
-27.3723 93.1414
-27.3655 93.0999
-27.3739 93.063
-27.3914 93.0291
-27.4144 92.9974
-27.4428 92.9655
-27.4749 92.9332
-27.5088 92.9012
-27.5437 92.8695
-27.5769 92.8399
-27.3279 92.6147
-27.1827 92.4579
-27.1037 92.345
-27.0667 92.2607
-27.0536 92.1974
-27.057 92.1466
-27.073 92.1019
-27.0937 92.0641
-27.1183 92.03
-26.844 92.2144
-26.5561 92.4126
-26.3638 92.5919
-26.2481 92.7004
-26.1863 92.7596
-26.159 92.7869
-26.1543 92.7936
-26.1662 92.7852
-26.1868 92.7687
-26.213 92.7471
-26.1938 92.7613
-26.2301 92.7669
-26.2893 92.7646
-26.323 92.7599
-26.3614 92.7446
-26.4259 92.7236
-26.4825 92.6995
-26.5339 92.6733
-26.5794 92.6475
-26.621 92.622
-26.6607 92.5961
-26.6961 92.572
-26.7696 92.519
-26.8456 92.4621
-26.8826 92.4339
-26.9694 92.2685
-26.9999 92.2078
-27.0907 92.139
-27.3479 92.0658
-27.5213 91.9307
-27.5788 91.8848
-27.63 91.8439
-27.6536 91.8346
-27.6857 91.8158
-27.7229 91.7912
-27.7632 91.7629
-27.8064 91.7313
-27.8503 91.6985
-27.919 91.6625
-27.9511 91.6471
-27.9904 91.6227
-28.0372 91.5909
-28.3579 91.3184
-28.5172 91.1841
-28.6897 91.0162
-28.7499 90.9539
-28.7795 90.9088
-28.804 90.87
-28.8358 90.8328
-28.8725 90.7963
-28.9115 90.7609
-28.9525 90.7257
-28.9963 90.6895
-29.0387 90.6551
-29.0791 90.6228
-29.1036 90.6682
-29.129 90.7231
-29.1556 90.7723
-29.1868 90.794
-29.2213 90.7979
-29.2563 90.7913
-29.2927 90.7773
-29.3299 90.7586
-29.3671 90.7372
-29.4058 90.713
-29.4459 90.6867
-29.4851 90.6603
-29.5252 90.6328
-29.5654 90.6048
-29.6057 90.5767
-29.6468 90.5478
-29.688 90.5188
-29.729 90.4898
-29.773 90.4588
-29.817 90.4276
-29.8614 90.3962
-29.9058 90.3647
-30.1278 90.2073
-30.1731 90.1753
-30.22 90.142
-30.2676 90.1082
-30.3145 90.0749
