9.436526 54.365673
9.437343 54.367324
9.439394 54.366555
9.437787 54.365100
9.437983 54.367684
9.439410 54.367664
9.437020 54.366959
9.439878 54.367102
9.437647 54.366396
9.439090 54.367483
9.439542 54.365814
9.439394 54.366555
9.439881 54.367287
9.438289 54.366941
9.439693 54.365257
9.438531 54.361763
9.436141 54.361059
9.439453 54.359717
9.437085 54.360491
9.438827 54.360280
9.438020 54.359368
9.435327 54.359592
9.439472 54.361010
9.442316 54.360230
9.437550 54.359745
9.438647 54.358805
9.440246 54.359705
9.441346 54.358950
9.439956 54.361558
9.441093 54.363389
9.439313 54.361013
9.440607 54.362657
9.438727 54.364347
9.440284 54.362292
9.439623 54.360454
9.436929 54.360678
9.440249 54.359890
9.438037 54.360477
9.438999 54.361202
9.439289 54.359350
9.438859 54.362498
9.438996 54.361017
9.441370 54.360613
9.440074 54.358784
9.440862 54.358403
9.440362 54.356747
9.441314 54.356733
9.441281 54.354516
9.442531 54.353205
9.439679 54.353431
9.443464 54.351897
9.439977 54.352133
9.442811 54.350613
9.438848 54.350856
9.438999 54.350299
9.438480 54.347350
9.437996 54.346803
9.440526 54.346212
9.440340 54.344366
9.439364 54.342718
9.440168 54.343445
9.440609 54.341036
9.441036 54.337704
9.443214 54.334716
9.443692 54.334893
9.441754 54.332519
9.445698 54.330984
9.444133 54.332485
9.444859 54.327854
9.447096 54.318028
9.443819 54.321771
9.447340 54.334840
9.442776 54.315504
9.451867 54.307980
9.444209 54.326755
9.443098 54.326771
9.443440 54.306624
9.442770 54.315134
9.444364 54.326568
9.443993 54.311975
9.444069 54.306245
9.444375 54.316404
9.444510 54.314739
9.444015 54.302550
9.442810 54.307003
9.443536 54.313275
9.444176 54.302733
9.443810 54.299412
9.441676 54.305356
9.442579 54.302017
9.444238 54.296079
9.442523 54.298137
9.443001 54.298315
9.444617 54.289421
9.444171 54.291461
9.446560 54.292165
9.446985 54.288648
9.442961 54.284641
9.445515 54.285713
9.445509 54.285343
9.446547 54.280339
9.445458 54.281833
9.444641 54.280182
9.446829 54.277932
9.446783 54.274792
9.446160 54.275540
9.447539 54.272193
9.447835 54.270711
9.447195 54.270351
9.448606 54.269221
9.450918 54.264568
9.449020 54.264965
9.449636 54.263663
9.448953 54.260346
9.449762 54.261443
9.446990 54.256309
9.448367 54.252778
9.451539 54.252732
9.449558 54.247402
9.450902 54.241654
9.451695 54.230740
9.452350 54.221306
9.452157 54.208004
9.453740 54.196893
9.453737 54.185806
9.454151 54.170647
9.456694 54.160077
9.458829 54.143230
9.463103 54.131711
9.460965 54.115665
9.462952 54.099560
9.463167 54.081632
9.461855 54.067792
9.462492 54.046162
9.439894 54.030414
9.444432 54.015195
9.444579 54.003551
9.446579 53.988369
9.448026 53.978739
9.450493 53.962996
9.448679 53.947315
9.453555 53.933570
9.452324 53.914370
9.454291 53.896971
9.456907 53.880486
9.458934 53.867152
9.461313 53.845312
9.461519 53.826830
9.464095 53.807574
9.460820 53.789697
9.463847 53.768772
9.465954 53.750077
9.467554 53.729173
9.467288 53.710882
9.469266 53.694222
9.471236 53.677008
9.470696 53.661678
9.470056 53.650416
9.472862 53.636146
9.472669 53.622844
9.473905 53.609706
9.478284 53.594489
9.479013 53.579141
9.481448 53.561181
9.480413 53.544565
9.480343 53.528859
9.479601 53.510575
9.486518 53.495322
9.485292 53.476491
9.485179 53.457829
9.484135 53.440658
9.488477 53.422855
9.489017 53.405477
9.489904 53.390127
9.490329 53.375707
9.492017 53.360899
9.496213 53.344022
9.497613 53.331251
9.499302 53.316443
9.497809 53.301127
9.500436 53.285382
9.503790 53.265191
9.504960 53.247434
9.504844 53.228587
9.510226 53.205964
9.512836 53.189110
9.513099 53.163605
9.512994 53.145498
9.514435 53.124595
9.520599 53.112125
9.518343 53.098852
9.521599 53.082728
9.522634 53.066636
9.520945 53.048736
9.523991 53.029104
9.526741 53.010955
9.525544 52.994156
9.528485 52.978221
9.529966 52.960090
9.528856 52.938301
9.533566 52.924004
9.536923 52.903998
9.537127 52.885331
9.538614 52.867569
9.538197 52.849836
9.542202 52.830744
9.542452 52.815218
9.543974 52.799858
9.545990 52.785785
9.544825 52.771203
9.545266 52.757892
9.547914 52.743624
9.547220 52.728667
9.546019 52.711498
9.552064 52.690899
9.557981 52.672334
9.556962 52.656826
9.558594 52.638138
9.560637 52.625913
9.562217 52.614617
9.561736 52.603352
9.568169 52.587551
9.562255 52.573593
9.563808 52.560451
9.562572 52.540881
9.560905 52.524459
9.568120 52.507907
9.569601 52.489776
9.572018 52.470523
9.572899 52.454803
9.576308 52.438307
9.577579 52.416668
9.579353 52.396870
9.582861 52.376307
9.581536 52.361543
9.585178 52.339315
9.584476 52.323803
9.585291 52.303464
9.587030 52.281264
9.592796 52.263255
9.589325 52.242794
9.595645 52.219234
9.596594 52.197230
9.600438 52.177956
9.599489 52.156349
9.602666 52.134867
9.603927 52.112489
9.605185 52.089926
9.607085 52.067908
9.612513 52.048426
9.615833 52.025834
9.614279 52.006269
9.617155 51.985900
9.613655 51.963406
9.619055 51.942077
9.620004 51.920073
9.622238 51.899159
9.624445 51.876398
9.626662 51.854375
9.625218 51.831482
9.627471 51.811862
9.631275 51.789816
9.632224 51.767813
9.632557 51.747111
9.634293 51.724726
9.635368 51.700503
9.637279 51.679224
9.631572 51.657687
9.633346 51.637889
9.638628 51.619333
9.639096 51.596966
9.636080 51.575020
9.640090 51.556298
9.639813 51.537268
9.640544 51.522105
9.639568 51.498651
9.643004 51.484002
9.648767 51.465809
9.640552 51.446341
9.640208 51.433595
9.647495 51.422032
9.650651 51.409975
9.647471 51.398564
9.642186 51.384227
9.645710 51.375676
9.647820 51.368069
9.648250 51.354018
9.646917 51.349603
9.650871 51.337903
9.650073 51.326643
9.652242 51.312198
9.657422 51.297524
9.655097 51.279448
9.653403 51.261179
9.660621 51.244812
9.660935 51.222817
9.661322 51.205811
9.663233 51.184532
9.664287 51.169734
9.669462 51.154690
9.669397 51.139354
9.673986 51.127645
9.671558 51.113452
9.675026 51.101020
9.678375 51.091362
9.678335 51.077688
9.679512 51.060486
9.681996 51.045851
9.681249 51.027198
9.685147 51.011619
9.688706 50.994566
9.693085 50.979350
9.690439 50.961094
9.691877 50.940007
9.695254 50.921294
9.695754 50.901145
9.699697 50.877804
9.700541 50.859497
9.701769 50.845805
9.704589 50.832459
9.707541 50.817263
9.709073 50.802642
9.713202 50.792049
9.712406 50.780973
9.708565 50.767724
9.712503 50.754916
9.715629 50.740827
9.716204 50.725850
9.720920 50.711923
9.721167 50.696212
9.723618 50.679360
9.725393 50.670464
9.727078 50.655472
9.730616 50.647844
9.728704 50.636415
9.734220 50.623030
9.735868 50.616353
9.737282 50.604506
9.737293 50.594342
9.739368 50.584333
9.741253 50.572110
9.740731 50.558073
9.746064 50.543028
9.749306 50.525980
9.750575 50.504156
9.752892 50.488969
9.753680 50.466783
9.756263 50.448082
9.756773 50.428671
9.762222 50.410667
9.768489 50.394314
9.768946 50.382112
9.772026 50.364881
9.773389 50.349524
9.775236 50.334714
9.772676 50.333273
9.776144 50.320841
9.776883 50.306232
9.780174 50.292510
9.784883 50.278212
9.786289 50.265811
9.787416 50.245098
9.791690 50.233579
9.793493 50.215813
9.797520 50.198199
9.801752 50.183724
9.803657 50.162075
9.808754 50.141674
9.809181 50.127439
9.810649 50.108384
9.818367 50.093674
9.822897 50.077900
9.824692 50.059580
9.828200 50.039017
9.829208 50.021078
9.829746 50.003515
9.836964 49.987148
9.840964 49.967687
9.842703 49.945487
9.846563 49.927321
9.852466 49.907832
9.856848 49.892801
9.860945 49.879990
9.865504 49.866249
9.866577 49.852744
9.870198 49.839941
9.872851 49.826043
9.874482 49.818258
9.873364 49.806817
9.875219 49.792561
9.880891 49.778989
9.879746 49.765701
9.883318 49.749572
9.886208 49.730127
9.890445 49.716021
9.895356 49.693775
9.896802 49.673242
9.901479 49.656728
9.903936 49.640246
9.906584 49.625978
9.910130 49.608002
9.910721 49.594134
9.919014 49.575350
9.916847 49.557272
9.918154 49.538034
9.921406 49.521725
9.921745 49.501394
9.928178 49.485593
9.928527 49.466000
9.933003 49.446532
9.933998 49.427669
9.939860 49.405408
9.945347 49.389991
9.948312 49.375719
9.947140 49.360583
9.950785 49.349443
9.953266 49.334623
9.952296 49.322441
9.954172 49.309663
9.954693 49.290992
9.957215 49.278944
9.962169 49.259654
9.966503 49.241296
9.958465 49.223119
9.963932 49.206408
9.969475 49.183968
9.966069 49.167941
9.970604 49.152537
9.970948 49.132575
9.972263 49.113892
9.975383 49.099433
9.977832 49.082396
9.979448 49.062600
9.984908 49.045335
9.988219 49.022188
9.989832 49.002207
9.991313 48.984076
9.995902 48.961465
10.000192 48.940152
10.008026 48.922483
10.008800 48.899373
10.008867 48.882186
10.013372 48.864750
10.013754 48.847374
10.013746 48.835918
10.017676 48.822555
10.018891 48.807939
10.020485 48.797568
10.024267 48.784947
10.026442 48.770871
10.029130 48.759375
10.030219 48.746978
10.034135 48.732692
10.039219 48.711368
10.039995 48.699345
10.038622 48.681255
10.044861 48.663055
10.045995 48.642896
10.056807 48.622782
10.061090 48.600914
10.063329 48.580370
10.063191 48.560045
10.066035 48.537459
10.072600 48.508906
10.072170 48.490248
10.074043 48.466383
10.079441 48.444869
10.078237 48.416613
10.077559 48.391861
10.080688 48.367054
10.084002 48.344091
10.084577 48.318212
10.088220 48.295985
10.093357 48.278355
10.095255 48.256152
10.095435 48.235823
10.105569 48.212761
10.106195 48.190392
10.113825 48.169585
10.112803 48.142990
10.122658 48.122519
10.115620 48.096751
10.119405 48.073413
10.124504 48.053196
10.128644 48.021537
10.129595 47.999718
10.133993 47.974892
10.136657 47.950830
10.138111 47.930852
10.141471 47.911030
10.145893 47.887867
10.144503 47.868669
10.146869 47.845905
10.149366 47.821292
10.150809 47.800574
10.153643 47.777249
10.153645 47.755629
10.156172 47.733048
10.158884 47.712312
10.164137 47.691723
10.167556 47.665064
10.168486 47.641767
10.169849 47.615507
10.172997 47.591992
10.177386 47.566612
10.182892 47.541585
10.189212 47.507122
10.192935 47.479534
10.199373 47.453200
10.200752 47.428049
10.204002 47.400653
10.206351 47.376780
10.207103 47.352192
10.210915 47.319799
10.207471 47.301185
10.210170 47.268623
10.215501 47.242489
10.223826 47.215019
10.220756 47.189378
10.220360 47.162220
10.215736 47.127916
10.224554 47.101547
10.235841 47.070523
10.228363 47.047164
10.233069 47.010876
10.239405 46.977522
10.243279 46.949377
10.248066 46.918632
10.247685 46.892398
10.244332 46.858260
10.247512 46.826060
10.262711 46.802186
10.256649 46.767164
10.253694 46.738564
10.260218 46.707240
10.267442 46.680340
10.269194 46.648161
10.272570 46.618545
10.276113 46.589482
10.277734 46.559153
10.285073 46.529294
10.289919 46.502614
10.289922 46.470091
10.290166 46.443293
10.297569 46.406966
10.302927 46.382681
10.309661 46.354864
10.310940 46.322877
10.310531 46.294794
10.317464 46.269747
10.320550 46.241983
10.324674 46.209215
10.325883 46.183327
10.331044 46.156457
10.330628 46.127821
10.335974 46.102796
10.336350 46.074148
10.338356 46.048433
10.344576 46.018037
10.349977 45.996708
10.352920 45.970055
10.359506 45.942980
10.360275 45.919500
10.366541 45.892245
10.368272 45.869490
10.376071 45.849419
10.379014 45.822767
10.382788 45.798689
10.387447 45.769979
10.393748 45.745125
10.399396 45.718987
10.409498 45.693709
10.415571 45.664054
10.417914 45.628910
10.425331 45.604409
10.428904 45.577378
10.435597 45.546790
10.441078 45.520100
10.452842 45.489069
10.462060 45.457521
10.465907 45.427529
10.475428 45.395052
10.495644 45.367039
10.483253 45.333218
10.495960 45.301618
10.499081 45.276257
10.504783 45.242911
10.518111 45.210379
10.523995 45.178694
10.529073 45.146097
10.542732 45.114484
10.561690 45.087229
10.560520 45.050472
10.560012 45.015554
10.570762 44.980288
10.586638 44.948457
10.595926 44.921712
10.609101 44.889552
10.607520 44.857236
10.608445 44.822667
10.619114 44.792761
10.629351 44.765817
10.638136 44.737231
10.638418 44.702117
10.646937 44.666144
10.650934 44.635595
10.659603 44.609968
10.663947 44.581447
10.668904 44.551439
10.677488 44.519899
10.683305 44.494498
10.687947 44.464679
10.692947 44.437627
10.697740 44.407252
10.704977 44.381276
10.709649 44.353489
10.716996 44.324185
10.722437 44.294725
10.727783 44.269700
10.733842 44.239121
10.738907 44.216503
10.737606 44.181597
10.746192 44.150242
10.752993 44.127044
10.757920 44.095004
10.765560 44.064033
10.770332 44.043082
10.774028 44.013646
10.776307 43.984971
10.785891 43.956743
10.791544 43.930975
10.798291 43.904082
10.801708 43.877238
10.803912 43.843389
10.810183 43.816503
10.815347 43.789818
10.824054 43.755875
10.828570 43.728275
10.832011 43.703094
10.835807 43.669591
10.838237 43.640359
10.843032 43.610168
10.852159 43.583241
10.846411 43.558932
10.852586 43.536298
10.856282 43.506862
10.860790 43.478709
10.864223 43.452973
10.862870 43.425459
10.868618 43.395254
10.872042 43.368964
10.875910 43.340450
10.876281 43.311433
10.881254 43.282533
10.882531 43.261263
10.885789 43.234421
10.889509 43.206649
10.893305 43.184049
10.897515 43.157193
10.900154 43.131469
10.900423 43.106333
10.906756 43.083697
10.911291 43.057391
10.908159 43.027500
10.905675 42.998524
10.905814 42.975423
10.916414 42.951616
10.923691 42.928411
10.920258 42.899634
10.922739 42.873912
10.925282 42.852439
10.929086 42.830394
10.934803 42.809060
10.937758 42.783146
10.936567 42.755814
10.939773 42.725462
10.947053 42.702442
10.953411 42.681468
10.954233 42.650781
10.956222 42.623957
10.961741 42.599854
10.970319 42.578848
10.971209 42.552780
10.971977 42.529300
10.979421 42.506647
10.979198 42.480410
10.985628 42.453522
10.989362 42.426673
10.996932 42.401801
11.000778 42.371809
11.006243 42.344011
11.010999 42.321952
11.015200 42.294541
11.025082 42.265016
11.028832 42.239275
11.040945 42.210457
11.043332 42.178268
11.048630 42.149918
11.058096 42.124464
11.059289 42.097467
11.069195 42.069605
11.072289 42.042395
11.080171 42.017149
11.089244 41.986527
11.093507 41.963366
11.104077 41.937526
11.110488 41.909345
11.110109 41.883295
11.119945 41.861531
11.127859 41.838502
11.126940 41.808025
11.128217 41.786755
11.137534 41.762042
11.149295 41.741729
11.139189 41.712310
11.146741 41.686144
11.154192 41.664046
11.161633 41.641208
11.164437 41.615851
11.167956 41.596027
11.170593 41.570118
11.180980 41.542618
11.185889 41.520187
11.192512 41.495698
11.198356 41.472145
11.201090 41.441984
11.206297 41.418255
11.210311 41.399718
11.216907 41.373381
11.220558 41.351708
11.231233 41.333073
11.236754 41.309155
11.239889 41.284717
11.239832 41.269935
11.247994 41.242097
11.250488 41.217299
11.258244 41.194272
11.265029 41.169966
11.266515 41.141302
11.276768 41.115467
11.281305 41.089345
11.289687 41.065755
11.294392 41.040185
11.296222 41.013364
11.306287 40.985499
11.311765 40.958624
11.319271 40.929318
11.322217 40.902850
11.328792 40.875036
11.333152 40.847624
11.339055 40.817232
11.344701 40.790910
11.348561 40.761841
11.357510 40.733623
11.368392 40.707409
11.368158 40.680433
11.370324 40.654900
11.373706 40.625654
11.383158 40.599276
11.387655 40.570384
11.392209 40.545371
11.398410 40.513681
11.407749 40.490446
11.412230 40.460445
11.424107 40.437173
11.424467 40.407417
11.438661 40.379861
11.442542 40.352271
11.443709 40.323427
11.444644 40.300499
11.451561 40.274343
11.458349 40.250221
11.457633 40.222883
11.461372 40.196403
11.466066 40.170095
11.471655 40.150795
11.477808 40.126683
11.483300 40.100732
11.483136 40.078560
11.485004 40.054325
11.491800 40.030758
11.500340 40.007165
11.499305 39.979646
11.500504 39.953019
11.508506 39.925184
11.516208 39.898462
11.517262 39.872761
11.525920 39.846395
11.532662 39.819132
11.544410 39.786993
11.549286 39.751442
11.554128 39.724392
11.562042 39.701363
11.561883 39.668657
11.575321 39.643700
11.579378 39.617216
11.586617 39.580522
11.587896 39.548534
11.596676 39.519579
11.603996 39.488428
11.609294 39.460078
11.620542 39.437185
11.624974 39.403858
11.629367 39.378663
11.632972 39.353848
11.641751 39.324893
11.648163 39.296712
11.652023 39.267643
11.658305 39.241496
11.665582 39.207389
11.676039 39.173790
11.682501 39.149118
11.689165 39.116498
11.699287 39.081610
11.703972 39.054748
11.714166 39.024848
11.722819 38.998112
11.730647 38.969171
11.742051 38.946091
11.747180 38.917004
11.756110 38.887492
11.764285 38.860579
11.767828 38.831515
11.773217 38.798544
11.785134 38.767141
11.799180 38.740327
11.801712 38.718115
11.805231 38.687388
11.815591 38.647138
11.829702 38.624758
11.833807 38.590697
11.842043 38.557130
11.847430 38.523974
11.856479 38.491688
11.874245 38.448004
11.881901 38.418141
11.887009 38.387577
11.893302 38.362169
11.904952 38.323378
11.914151 38.290536
11.914407 38.253574
11.924267 38.222571
11.933264 38.197678
11.941891 38.169095
11.950071 38.131648
11.959439 38.099543
11.966386 38.064516
11.972794 38.036150
11.981706 38.005345
11.989396 37.977884
11.996087 37.947111
12.005335 37.917595
12.010781 37.888504
12.020972 37.858419
12.030077 37.830014
12.032010 37.799310
12.042168 37.767009
12.048461 37.741601
12.055652 37.712484
12.065534 37.682959
12.073392 37.656050
12.079784 37.626575
12.087018 37.589512
12.090695 37.558783
12.100784 37.532581
12.101663 37.505773
12.113505 37.469197
12.118972 37.441584
12.129771 37.409643
12.137102 37.379230
12.142155 37.355873
12.146182 37.316454
12.149558 37.286839
12.153160 37.250937
12.159480 37.227376
12.166045 37.187920
12.174491 37.157861
12.187198 37.115359
12.193475 37.088843
12.197816 37.049235
12.209717 37.016723
12.219610 36.987937
12.226252 36.953838
12.222365 36.937449
12.230811 36.896487
12.243123 36.870437
12.245827 36.838244
12.249069 36.810294
12.255303 36.769919
12.266126 36.739640
12.274908 36.710870
12.280602 36.676970
12.290779 36.645962
12.298285 36.605753
12.307250 36.567741
12.317580 36.536361
12.324960 36.509274
12.335981 36.481765
12.342702 36.442122
12.350828 36.411883
12.358070 36.386276
12.369218 36.356547
12.377584 36.320946
12.387041 36.294937
12.393506 36.270451
12.397267 36.234547
12.404482 36.207093
12.415627 36.177179
12.423982 36.140839
12.430764 36.116348
12.441106 36.085707
12.449248 36.056576
12.457208 36.025785
12.471235 35.997677
12.475039 35.964729
12.487787 35.935901
12.494521 35.908085
12.504354 35.875234
12.517196 35.841969
12.529209 35.817217
12.539414 35.788057
12.552419 35.755159
12.553360 35.721699
12.555908 35.689693
12.576769 35.662410
12.595869 35.634043
12.602272 35.605308
12.594745 35.567720
12.605788 35.541689
12.627716 35.511433
12.638036 35.479314
12.639106 35.443819
12.647031 35.410626
12.661800 35.378997
12.673026 35.343723
12.681152 35.313484
12.692617 35.283751
12.705591 35.248636
12.716389 35.216695
12.721795 35.184833
12.727368 35.153522
12.745414 35.118149
12.750903 35.081111
12.753938 35.049837
12.762540 35.019591
12.770804 34.987872
12.783194 34.956277
12.793503 34.923419
12.796877 34.893619
12.800712 34.862888
12.807624 34.836362
12.815825 34.800393
12.824885 34.768847
12.827938 34.738866
12.836887 34.710648
12.845447 34.677446
12.853312 34.651091
12.854906 34.618914
12.861301 34.589624
12.872691 34.554718
12.880678 34.525774
12.888939 34.493870
12.896579 34.462899
12.900753 34.433641
12.906944 34.401213
12.916463 34.368551
12.924710 34.324821
12.930778 34.294796
12.942122 34.267652
12.945928 34.234888
12.946568 34.202541
12.952815 34.173992
12.960756 34.141908
12.964167 34.103791
12.965734 34.080670
12.967175 34.048865
12.976207 34.015471
12.979973 33.979936
12.983962 33.948834
12.985742 33.918502
12.988578 33.884459
12.994763 33.851661
13.001629 33.821995
13.002768 33.791303
13.006182 33.764274
13.005948 33.737298
13.008007 33.704375
13.017252 33.674674
13.019018 33.643419
13.020383 33.617344
13.024719 33.588269
13.027762 33.557549
13.031434 33.526451
13.034859 33.500161
13.041988 33.477697
13.039235 33.452052
13.042598 33.421512
13.049326 33.393326
13.052546 33.363898
13.061571 33.340852
13.064431 33.308472
13.056723 33.280311
13.071928 33.256807
13.077985 33.226043
13.077310 33.201476
13.082070 33.168883
13.087229 33.141829
13.092361 33.112927
13.100691 33.085826
13.110173 33.061481
13.107653 33.030103
13.114831 33.000062
13.128033 32.969749
13.133173 32.941402
13.136543 32.911417
13.149692 32.888311
13.153049 32.857402
13.164651 32.826189
13.170668 32.792654
13.177625 32.758366
13.185216 32.734972
13.193364 32.706211
13.200450 32.669889
13.208706 32.648518
13.218146 32.610499
13.225034 32.582310
13.233235 32.546341
13.243738 32.515883
13.253297 32.485992
13.257932 32.455619
13.266609 32.430546
13.275553 32.401958
13.281161 32.373049
13.291701 32.345177
13.300903 32.312520
13.304758 32.283083
13.322728 32.253439
13.330691 32.222833
13.342984 32.195490
13.354796 32.167784
13.365920 32.136393
13.369740 32.104553
13.377571 32.075796
13.404448 32.058589
13.411322 32.029477
13.408429 31.994224
13.418598 31.973564
13.436069 31.953168
13.442018 31.925917
13.445096 31.897599
13.452494 31.871806
13.468696 31.851428
13.485320 31.827348
13.484449 31.800196
13.489556 31.769632
13.495976 31.742004
13.509847 31.714084
13.524068 31.688376
13.536248 31.664176
13.531872 31.635966
13.545563 31.606570
13.555614 31.577781
13.561880 31.550526
13.573735 31.525776
13.584937 31.488840
13.597972 31.468878
13.613629 31.432800
13.624027 31.406039
13.625803 31.375523
13.634441 31.336776
13.654487 31.318929
13.656113 31.278067
13.675979 31.258744
13.682850 31.229447
13.684522 31.191726
13.696762 31.171590
13.707692 31.137799
13.718273 31.112698
13.720891 31.074593
13.729171 31.043982
13.740181 31.015734
13.747117 30.979968
13.765064 30.959565
13.769572 30.920509
13.783392 30.889078
13.788803 30.857585
13.801234 30.828761
13.811094 30.797758
13.820602 30.764357
13.831350 30.739808
13.835782 30.706481
13.845742 30.671411
13.855807 30.643546
13.863861 30.619221
13.872509 30.592116
13.879573 30.565218
13.892410 30.531584
13.900144 30.507080
13.907308 30.476115
13.914445 30.443303
13.925509 30.418750
13.937464 30.389933
13.947408 30.364657
13.951386 30.332815
13.958908 30.304618
13.965978 30.278090
13.971230 30.246599
13.982505 30.214651
13.987916 30.183158
13.992569 30.154078
14.009454 30.126113
14.018201 30.094941
14.026570 30.059525
14.032290 30.027473
14.042823 29.999046
14.056256 29.973719
14.061151 29.939462
14.066363 29.905200
14.076541 29.874191
14.091189 29.845151
14.096831 29.807741
14.103369 29.777340
14.110960 29.743044
14.127152 29.711024
14.139071 29.679806
14.148227 29.644008
14.160306 29.612787
14.167964 29.572207
14.179843 29.538217
14.192373 29.505327
14.207524 29.478127
14.217581 29.438805
14.229557 29.400564
14.242089 29.367858
14.254662 29.337924
14.264912 29.301001
14.275756 29.261298
14.286829 29.226396
14.297950 29.194820
14.312491 29.158389
14.324964 29.121619
14.337354 29.090025
14.355406 29.065924
14.356330 29.020452
14.369712 28.980712
14.382592 28.950034
14.391777 28.916269
14.407113 28.880011
14.416912 28.844758
14.427888 28.814108
14.437493 28.776456
14.449708 28.743755
14.463069 28.713440
14.469625 28.673429
14.482045 28.643867
14.493566 28.607111
14.498787 28.573403
14.510948 28.537007
14.521182 28.498976
14.533938 28.470702
14.543519 28.431387
14.556804 28.395899
14.564581 28.363447
14.580971 28.323294
14.588941 28.293242
14.595428 28.259331
14.607616 28.224782
14.619746 28.186169
14.631211 28.145533
14.646098 28.111130
14.662588 28.077813
14.671230 28.039435
14.676539 28.000922
14.690403 27.961544
14.697806 27.914315
14.715879 27.880789
14.724908 27.847211
14.731244 27.802954
14.741430 27.761597
14.751019 27.722836
14.771054 27.682445
14.777627 27.643544
14.792702 27.600268
14.800557 27.562272
14.803130 27.521026
14.818614 27.484027
14.830856 27.442271
14.840910 27.402764
14.845633 27.367585
14.848337 27.324490
14.862396 27.287697
14.876483 27.252751
14.882394 27.212011
14.886630 27.176100
14.894117 27.145501
14.904477 27.105250
14.918905 27.071963
14.932784 27.033694
14.934757 26.994859
14.941136 26.953558
14.951445 26.920700
14.961940 26.878785
14.975416 26.845511
14.988005 26.805783
14.994752 26.767987
15.005201 26.733834
15.016645 26.691720
15.026952 26.658677
15.036729 26.621946
15.037527 26.578694
15.056215 26.543866
15.068667 26.505618
15.077831 26.470374
15.087737 26.431609
15.102302 26.385938
15.116147 26.356170
15.122582 26.318749
15.132343 26.280909
15.145257 26.241731
15.156717 26.200725
15.172879 26.166673
15.185478 26.127684
15.196223 26.081145
15.210285 26.044537
15.224100 26.012736
15.237138 25.971153
15.256184 25.939092
15.268329 25.901588
15.284846 25.859215
15.300005 25.821667
15.310887 25.784550
15.319204 25.745623
15.330607 25.711641
15.344530 25.676328
15.361199 25.633583
15.373705 25.599030
15.388458 25.566292
15.393412 25.525197
15.422835 25.497604
15.451011 25.460605
15.453139 25.421584
15.460976 25.382294
15.473849 25.340344
15.491659 25.299616
15.501205 25.257899
15.513122 25.226496
15.524286 25.186973
15.535732 25.145044
15.555612 25.104840
15.569295 25.074889
15.576085 25.040050
15.588365 25.000880
15.601943 24.963724
15.616322 24.927111
15.623696 24.888752
15.637898 24.850848
15.652492 24.807210
15.663046 24.769359
15.678700 24.733097
15.690251 24.698373
15.702982 24.646631
15.713652 24.616725
15.727405 24.580675
15.744002 24.543845
15.749475 24.494796
15.753125 24.462220
15.764416 24.431380
15.778121 24.402908
15.784666 24.362159
15.797210 24.330192
15.802449 24.297777
15.811454 24.262536
15.819798 24.225457
15.832643 24.192377
15.838589 24.164941
15.848729 24.131347
15.857568 24.095554
15.865872 24.066605
15.873471 24.032863
15.881081 23.999859
15.889012 23.967036
15.896864 23.939758
15.906848 23.906350
15.914929 23.872970
15.919407 23.842784
15.926915 23.813663
15.935340 23.782126
15.946241 23.757205
15.959359 23.721165
15.963620 23.686916
15.969144 23.663183
15.979021 23.633288
15.989776 23.609293
15.995155 23.575583
16.004814 23.552528
16.008220 23.524945
16.024430 23.483316
16.026702 23.475891
16.043801 23.440902
16.051944 23.400869
16.061498 23.392414
16.061933 23.378733
16.070183 23.335187
16.086902 23.317574
16.089023 23.310705
16.098644 23.285064
16.108889 23.258675
16.110744 23.244419
16.113026 23.237733
16.122545 23.215974
16.128929 23.196848
16.129139 23.189453
16.134489 23.175516
16.141150 23.153614
16.143142 23.148780
16.147223 23.145764
16.151572 23.128515
16.159175 23.116763
16.161503 23.102315
16.166231 23.089311
16.171796 23.068349
16.177971 23.056617
16.182984 23.041391
16.191828 23.016870
16.196624 22.997582
16.200205 22.982008
16.211552 22.965951
16.219571 22.950127
16.220791 22.935880
16.224531 22.920303
16.232378 22.903558
16.239085 22.895699
16.246144 22.879335
16.250787 22.871321
16.252590 22.853555
16.263440 22.836027
16.268016 22.823394
16.276949 22.804970
16.280658 22.787361
16.281863 22.772006
16.299632 22.750312
16.307463 22.732458
16.308422 22.711193
16.310594 22.686030
16.325342 22.663825
16.333087 22.650962
16.339385 22.636826
16.339536 22.614464
16.350205 22.606363
16.358426 22.593493
16.359464 22.577585
16.363706 22.563849
16.370190 22.551559
16.374262 22.537086
16.384233 22.524560
16.390397 22.501186
16.397330 22.487041
16.407481 22.465088
16.412919 22.446345
16.420387 22.425355
16.428842 22.406753
16.434860 22.384306
16.443272 22.362748
16.449611 22.340481
16.455982 22.331333
16.464350 22.306819
16.473294 22.289134
16.484932 22.271224
16.492531 22.248385
16.501574 22.226632
16.508574 22.206204
16.513661 22.185063
16.517784 22.163198
16.527239 22.158810
16.531193 22.136208
16.548452 22.123022
16.543040 22.100002
16.548285 22.089762
16.557955 22.078349
16.557952 22.056359
16.569422 22.037898
16.579506 22.022228
16.581140 22.003726
16.589200 21.979770
16.605628 21.964009
16.613346 21.949298
16.621900 21.926629
16.628763 21.907680
16.632867 21.884522
16.643314 21.861086
16.651416 21.840087
16.651529 21.815139
16.661338 21.802430
16.661973 21.791518
16.665518 21.773542
16.667645 21.756141
16.673742 21.739051
16.678567 21.721795
16.685796 21.706168
16.691065 21.686688
16.695852 21.666846
16.704323 21.649352
16.705879 21.625492
16.716347 21.603534
16.727890 21.579158
16.737388 21.566824
16.743759 21.546774
16.748482 21.533400
16.755870 21.517770
16.761303 21.498658
16.764461 21.486785
16.768518 21.471204
16.774179 21.456892
16.782722 21.433484
16.786937 21.417901
16.790163 21.399744
16.794402 21.385823
16.801029 21.372422
16.807962 21.358277
16.808932 21.348654
16.814916 21.334707
16.817414 21.320996
16.819269 21.306741
16.823476 21.301505
16.827153 21.292582
16.830731 21.276823
16.832253 21.261463
16.840422 21.245082
16.843218 21.230074
16.847419 21.213566
16.852379 21.194645
16.859775 21.179570
16.862990 21.160674
16.867350 21.144164
16.876861 21.132754
16.875366 21.106350
16.876933 21.094131
16.883853 21.079063
16.889675 21.064934
16.891541 21.051417
16.897264 21.041355
16.899633 21.029679
16.906810 21.021443
16.908670 21.007557
16.911407 20.999386
16.910576 20.985909
16.915907 20.981581
16.922437 20.972431
16.929356 20.957362
16.928716 20.946100
16.933813 20.925698
16.940451 20.913036
16.939854 20.904729
16.947394 20.888727
16.952432 20.875164
16.958486 20.866022
16.961072 20.847505
16.966099 20.833203
16.970153 20.817437
16.977193 20.799779
16.982709 20.786394
16.983129 20.771604
16.987215 20.758055
16.992134 20.747266
16.996382 20.733899
16.993634 20.719525
17.004812 20.713634
17.007471 20.700106
17.012879 20.690233
17.015796 20.672636
17.023603 20.653119
17.027315 20.635695
17.031721 20.622326
17.041210 20.598534
17.050678 20.573265
17.059343 20.558171
17.065595 20.529992
17.071437 20.506253
17.078418 20.484531
17.089429 20.467186
17.100335 20.442634
17.107196 20.423501
17.118669 20.405225
17.119123 20.381934
17.120271 20.362700
17.127475 20.345409
17.135064 20.321830
17.141755 20.301960
17.150312 20.279476
17.160334 20.259558
17.165092 20.237683
17.174245 20.212603
17.183624 20.192140
17.187732 20.169166
17.195482 20.145769
17.203230 20.133091
17.210517 20.110625
17.222416 20.088832
17.229953 20.061742
17.242981 20.041226
17.253795 20.021296
17.259981 19.999400
17.268212 19.976367
17.275347 19.954273
17.281527 19.932008
17.293095 19.909295
17.294936 19.883213
17.301662 19.865745
17.317926 19.849616
17.327405 19.825086
17.329426 19.800479
17.337319 19.775972
17.350351 19.755825
17.359749 19.736654
17.367494 19.712889
17.367615 19.677592
17.386414 19.661241
17.397559 19.642230
17.403067 19.617388
17.407645 19.594038
17.414705 19.566771
17.422917 19.542444
17.432358 19.515327
17.441071 19.492656
17.451326 19.467006
17.461119 19.442286
17.464310 19.410825
17.475249 19.388491
17.484534 19.361561
17.500056 19.338052
17.507112 19.310600
17.518301 19.283643
17.528497 19.253928
17.539043 19.226425
17.549721 19.197073
17.562105 19.165109
17.574907 19.139975
17.581781 19.110863
17.590224 19.080620
17.599184 19.053140
17.612469 19.028554
17.622343 18.998475
17.628160 18.962171
17.641779 18.938689
17.646887 18.908124
17.657492 18.873784
17.666943 18.847406
17.677245 18.813994
17.688952 18.789985
17.698863 18.751589
17.709495 18.719096
17.717584 18.686271
17.727313 18.657117
17.739399 18.626451
17.748372 18.599895
17.755563 18.570778
17.764157 18.539978
17.783529 18.508466
17.797591 18.482761
17.805231 18.451789
17.810322 18.420116
17.819401 18.389863
17.830387 18.359952
17.836807 18.332325
17.843377 18.304141
17.850605 18.277611
17.860764 18.245309
17.871912 18.215580
17.883786 18.192124
17.893560 18.155208
17.894826 18.122297
17.908061 18.094201
17.923048 18.066634
17.936279 18.038353
17.945360 18.008285
17.960089 17.973884
17.968812 17.941050
17.981119 17.914630
17.990834 17.884553
17.998931 17.852281
18.011192 17.822721
18.025216 17.794429
18.038582 17.764483
18.050607 17.751373
18.061863 17.718131
18.065357 17.685742
18.085713 17.656434
18.100931 17.633852
18.110565 17.598232
18.123888 17.565331
18.134958 17.541147
18.147485 17.508072
18.162690 17.473664
18.178481 17.435922
18.188013 17.404184
18.205363 17.375474
18.218423 17.346271
18.231748 17.313554
18.247431 17.279324
18.265066 17.248393
18.277005 17.218468
18.292263 17.187755
18.303965 17.152474
18.318616 17.123619
18.335082 17.088638
18.343576 17.061905
18.362426 17.027259
18.381284 17.004071
18.392868 16.971564
18.402091 16.940385
18.416917 16.912635
18.441103 16.884934
18.455044 16.850915
18.458093 16.820565
18.462934 16.793515
18.485736 16.757888
18.497164 16.725568
18.513296 16.700386
18.522675 16.669020
18.532008 16.634513
18.549815 16.604503
18.567039 16.578012
18.579539 16.543089
18.600024 16.522649
18.612849 16.488276
18.623492 16.456522
18.642420 16.427234
18.660676 16.395369
18.673649 16.360255
18.684612 16.328681
18.698610 16.298541
18.711763 16.264903
18.724946 16.233297
18.743990 16.201051
18.761665 16.172890
18.775625 16.129261
18.785926 16.095849
18.797150 16.060390
18.818021 16.033846
18.832648 15.992425
18.845592 15.955279
18.860294 15.919030
18.878681 15.885316
18.889590 15.850047
18.902714 15.814376
18.916669 15.781280
18.932588 15.741503
18.946667 15.706003
18.960245 15.668848
18.978100 15.631260
18.990047 15.601889
18.998826 15.562031
19.017364 15.527760
19.033456 15.488905
19.048037 15.455245
19.061788 15.419011
19.075514 15.381114
19.084363 15.346060
19.092826 15.317109
19.109815 15.274545
19.123783 15.242373
19.137337 15.203554
19.147184 15.171627
19.156010 15.134910
19.171438 15.094032
19.180271 15.057869
19.200876 15.023937
19.213409 14.980329
19.225170 14.938210
19.229853 14.900260
19.247708 14.862672
19.266198 14.825076
19.277835 14.785361
19.283069 14.741674
19.292714 14.706793
19.313233 14.666950
19.328747 14.631983
19.340462 14.597626
19.350393 14.549621
19.357979 14.504052
19.374261 14.467411
19.395609 14.429958
19.406044 14.394880
19.413620 14.348573
19.431475 14.300082
19.444349 14.258132
19.455005 14.216399
19.468852 14.175914
19.486847 14.137030
19.498597 14.094173
19.514235 14.056802
19.532232 14.018104
19.551757 13.986220
19.561058 13.938594
19.572588 13.902392
19.586126 13.862465
19.605774 13.828177
19.621866 13.789322
19.634283 13.748672
19.654101 13.715121
19.666711 13.676871
19.673036 13.631875
19.691787 13.601296
19.705615 13.559517
19.717137 13.522761
19.740786 13.490817
19.746783 13.445087
19.761313 13.407917
19.777544 13.367766
19.795961 13.336084
19.815699 13.296991
19.837568 13.262671
19.852511 13.221245
19.869265 13.184228
19.895811 13.144296
19.913150 13.103944
19.932452 13.067629
19.952020 13.027799
19.974321 12.990516
19.993421 12.951248
20.018352 12.920209
20.030110 12.867003
20.049944 12.823658
20.081252 12.794745
20.099970 12.761949
20.112817 12.718152
20.139525 12.678403
20.159749 12.640041
20.180975 12.605177
20.189475 12.557007
20.216737 12.522609
20.238533 12.483301
20.260020 12.444552
20.275442 12.403304
20.286884 12.361005
20.307048 12.318579
20.330584 12.289779
20.359601 12.245192
20.372897 12.210442
20.384513 12.169250
20.402629 12.138680
20.424602 12.100663
20.445297 12.061926
20.457813 12.028112
20.468493 11.988041
20.487424 11.948036
20.508734 11.907996
20.531713 11.884562
20.543393 11.836901
20.560711 11.795071
20.577421 11.755098
20.593091 11.719945
20.613693 11.674925
20.628199 11.646996
20.646960 11.606253
20.662708 11.565555
20.679125 11.527249
20.696843 11.491142
20.715161 11.452624
20.733793 11.413916
20.748455 11.374897
20.770577 11.336138
20.790115 11.294276
20.807102 11.262430
20.842853 11.179123
20.858574 11.147480
20.877399 11.111172
20.888362 11.068695
20.903327 11.028747
20.919419 10.989892
20.944855 10.960879
20.952753 10.914936
20.965600 10.882041
20.975372 10.844941
20.990074 10.808693
21.008419 10.772022
21.019085 10.731028
21.029357 10.695583
21.037357 10.656661
21.059592 10.625662
21.077205 10.593252
21.090813 10.558129
21.104719 10.510805
21.113225 10.473908
21.127496 10.440807
21.143387 10.409901
21.156503 10.373676
21.163349 10.342716
21.175003 10.304110
21.190834 10.269139
21.212547 10.235006
21.227996 10.206508
21.242521 10.168969
21.260285 10.125100
21.274758 10.094953
21.288151 10.066855
21.299138 10.026041
21.313630 9.986285
21.330593 9.952776
21.351069 9.920879
21.368145 9.884226
21.385715 9.848860
21.396151 9.813783
21.414181 9.777302
21.428593 9.742906
21.440749 9.706140
21.455343 9.673405
21.470844 9.637514
21.490008 9.602680
21.511950 9.573348
21.523386 9.541582
21.537760 9.504600
21.556618 9.470509
21.569460 9.437244
21.589293 9.404802
21.600657 9.368048
21.612501 9.331657
21.628372 9.299457
21.645179 9.266135
21.659766 9.232845
21.674909 9.205091
21.694640 9.176531
21.707014 9.143827
21.716845 9.110792
21.734499 9.081153
21.756613 9.052743
21.771298 9.026289
21.788925 8.994803
21.803017 8.960227
21.815025 8.924202
21.829359 8.895351
21.851446 8.875996
21.872030 8.840586
21.885503 8.807128
21.891769 8.768970
21.912133 8.740216
21.933448 8.711448
21.950680 8.685511
21.976068 8.653173
21.986073 8.621243
22.000044 8.589256
22.020453 8.552740
22.039887 8.525478
22.055395 8.490142
22.071635 8.461448
22.090810 8.427352
22.106391 8.397004
22.126981 8.361964
22.145799 8.336004
22.161321 8.301592
22.172590 8.269274
22.189324 8.241866
22.202749 8.205082
22.220239 8.175077
22.241573 8.147602
22.257939 8.116688
22.269130 8.079013
22.285399 8.052351
22.299534 8.020731
22.310758 7.996175
22.322575 7.957936
22.331239 7.931940
22.346487 7.900488
22.358471 7.873704
22.371324 7.841178
22.382716 7.806457
22.398623 7.776659
22.411991 7.746898
22.422930 7.713661
22.438849 7.684787
22.450463 7.654312
22.459339 7.621105
22.476388 7.582606
22.490093 7.554133
22.498698 7.524072
22.510155 7.493784
22.519236 7.463716
22.531991 7.435442
22.541914 7.408688
22.551857 7.372509
22.564024 7.347385
22.573229 7.314913
22.581189 7.284122
22.588511 7.264058
22.599826 7.234881
22.606517 7.204108
22.619563 7.173983
22.624483 7.141388
22.632773 7.111516
22.642867 7.085683
22.646287 7.059023
22.655432 7.022487
22.663126 6.995210
22.673137 6.963650
22.677056 6.938647
22.682198 6.910484
22.689349 6.878596
22.696642 6.845597
22.699561 6.817281
22.707113 6.791116
22.714417 6.758856
22.727817 6.731312
22.735646 6.702371
22.740312 6.674215
22.742576 6.644430
22.745847 6.618512
22.751393 6.585354
22.761917 6.556374
22.766734 6.527661
22.772135 6.506331
22.772331 6.476208
22.778780 6.450613
22.782519 6.424133
22.786449 6.399869
22.785199 6.368472
22.787543 6.344231
22.789368 6.317040
22.798223 6.293258
22.798481 6.267383
22.797322 6.242269
22.794588 6.207014
22.805610 6.179504
22.811760 6.144305
22.811889 6.120465
22.812319 6.095512
22.819736 6.071012
22.817435 6.043696
22.815147 6.017304
22.822085 5.992626
22.825943 5.963373
22.828158 5.941166
22.826993 5.915682
22.829009 5.890706
22.833574 5.866432
22.830211 5.842458
22.831611 5.818785
22.834412 5.793243
22.839439 5.768038
22.836839 5.742021
22.839619 5.715001
22.845592 5.689413
22.849560 5.667734
22.850920 5.641290
22.855444 5.614244
22.858971 5.584072
22.861006 5.560389
22.859995 5.534533
22.862764 5.506775
22.865557 5.480678
22.865183 5.454998
22.869113 5.430733
22.867567 5.400820
22.870346 5.373800
22.871064 5.346810
22.870962 5.317984
22.867784 5.295856
22.870198 5.265515
22.867980 5.233024
22.872714 5.209487
22.870582 5.182908
22.868608 5.156327
22.869412 5.124347
22.871724 5.097888
22.870535 5.070741
22.870435 5.042100
22.870218 5.016232
22.872357 4.988852
22.869784 4.964682
22.870798 4.936210
22.870580 4.910342
22.872125 4.885743
22.872251 4.861718
22.875657 4.834135
22.873840 4.807367
22.869114 4.776945
22.871227 4.758620
22.868775 4.731861
22.869256 4.710418
22.863930 4.682408
22.866067 4.654843
22.870043 4.633719
22.873793 4.597076
22.870747 4.573098
22.870693 4.547597
22.874249 4.519457
22.875483 4.495232
22.868926 4.469826
22.870732 4.441342
22.871665 4.418230
22.871012 4.395141
22.870014 4.370208
22.866783 4.344385
22.866785 4.322764
22.862857 4.292701
22.864381 4.266623
22.862397 4.239303
22.857117 4.214433
22.854518 4.188416
22.850958 4.161858
22.849966 4.137295
22.844189 4.110954
22.842799 4.080853
22.836548 4.054704
22.827281 4.017511
22.827262 3.994413
22.820791 3.964017
22.820813 3.932787
22.815350 3.906256
22.810148 3.875842
22.802153 3.849718
22.798569 3.821497
22.796085 3.792521
22.788963 3.761026
22.786028 3.733720
22.781135 3.702746
22.778159 3.672669
22.771827 3.640977
22.768886 3.613301
22.763050 3.582896
22.757221 3.553044
22.750361 3.517665
22.739704 3.483079
22.739707 3.450556
22.723899 3.410871
22.717323 3.384172
22.709990 3.348984
22.701591 3.316953
22.697502 3.286707
22.689208 3.250978
22.681052 3.213769
22.672350 3.182667
22.667828 3.155383
22.658975 3.124837
22.653983 3.087028
22.646474 3.050733
22.638038 3.016116
22.629277 2.980948
22.620133 2.941351
22.608517 2.906225
22.599576 2.869582
22.590346 2.824074
22.580805 2.789841
22.569791 2.752489
22.551513 2.717460
22.545690 2.677076
22.537690 2.639680
22.526821 2.601402
22.510973 2.558946
22.496303 2.521093
22.492273 2.484009
22.479796 2.444276
22.464567 2.400702
22.445824 2.366419
22.431401 2.323758
22.421091 2.280297
22.410520 2.240721
22.399447 2.199305
22.383043 2.162216
22.362109 2.119095
22.348618 2.075126
22.342330 2.024585
22.323988 1.985122
22.301379 1.946830
22.293104 1.901492
22.285402 1.862799
22.271624 1.820867
22.258126 1.776344
22.241044 1.736308
22.231089 1.695430
22.221715 1.650847
22.210736 1.604994
22.190936 1.563520
22.168841 1.516905
22.159474 1.472876
22.151780 1.434737
22.141599 1.389242
22.123265 1.350333
22.110598 1.308385
22.097828 1.259417
22.085561 1.212289
22.076536 1.169919
22.061885 1.122456
22.049432 1.073483
22.041149 1.027591
22.029584 0.985073
22.014669 0.941310
21.997474 0.893515
21.983852 0.851396
21.969053 0.804675
21.953689 0.762766
21.945482 0.711144
21.926255 0.665411
21.910829 0.619254
21.895540 0.571615
21.879244 0.531014
21.862245 0.485803
21.846142 0.436698
21.833598 0.392347
21.818342 0.346925
21.804225 0.303520
21.787907 0.261441
21.779173 0.217218
21.769486 0.173010
21.757399 0.127358
21.750391 0.081817
21.726976 0.042612
21.711969 0.003470
21.702568 -0.042960
21.687011 -0.087268
21.675784 -0.128313
21.653135 -0.169376
21.646306 -0.213441
21.632972 -0.257597
21.612229 -0.298503
21.597432 -0.345040
21.577883 -0.391138
21.564274 -0.432333
21.551032 -0.481109
21.536469 -0.522475
21.519024 -0.565647
21.503004 -0.609024
21.485511 -0.655521
21.467096 -0.699973
21.451248 -0.742428
21.435535 -0.786549
21.417862 -0.834522
21.398183 -0.878586
21.381817 -0.923991
21.361541 -0.965458
21.336704 -1.015175
21.317886 -1.054631
21.302363 -1.096537
21.287405 -1.143256
21.268506 -1.188254
21.245879 -1.227840
21.224652 -1.269293
21.214780 -1.315347
21.203938 -1.362680
21.180824 -1.402998
21.159449 -1.443710
21.141429 -1.482808
21.131237 -1.529042
21.125790 -1.576269
21.099128 -1.609698
21.076153 -1.651311
21.066739 -1.698665
21.052015 -1.740213
21.031414 -1.782230
21.016846 -1.823965
21.003996 -1.867574
20.987024 -1.910937
20.969770 -1.951894
20.957856 -1.996625
20.940414 -2.039612
20.929222 -2.078255
20.916872 -2.120207
20.901473 -2.164517
20.879751 -2.207257
20.871509 -2.250378
20.861543 -2.291996
20.847475 -2.332075
20.828877 -2.378187
20.816139 -2.414036
20.807262 -2.457147
20.795012 -2.503167
20.784473 -2.540526
20.770225 -2.582081
20.759004 -2.622756
20.751003 -2.660152
20.739924 -2.701938
20.731752 -2.740256
20.721743 -2.773927
20.712482 -2.810750
20.702115 -2.847187
20.695720 -2.883313
20.686292 -2.920688
20.673702 -2.957278
20.664322 -2.991328
20.657717 -3.020059
20.650953 -3.059691
20.647942 -3.092170
20.639092 -3.122531
20.631263 -3.159006
20.621572 -3.192681
20.615733 -3.223272
20.613969 -3.257247
20.606041 -3.289655
20.598253 -3.323358
20.597486 -3.354207
20.593244 -3.384081
20.589593 -3.416921
20.585824 -3.446987
20.577686 -3.482903
20.574188 -3.516114
20.570425 -3.545810
20.567067 -3.580317
20.563074 -3.614815
20.559711 -3.649691
20.554329 -3.681582
20.550221 -3.713121
20.545610 -3.746501
20.540540 -3.778766
20.539755 -3.810908
20.531813 -3.844239
20.526617 -3.874284
20.521993 -3.908588
20.518067 -3.938467
20.517492 -3.967101
20.510368 -3.998781
20.508136 -4.032196
20.501232 -4.059629
20.498135 -4.087118
20.494208 -4.117181
20.489290 -4.149818
20.480943 -4.178339
20.468402 -4.200700
20.466380 -4.230607
20.469781 -4.258560
20.459530 -4.287053
20.452917 -4.316339
20.452839 -4.343502
20.450666 -4.372852
20.438674 -4.401135
20.426235 -4.427379
20.425837 -4.454722
20.429229 -4.483229
20.421043 -4.511568
20.414448 -4.539560
20.414306 -4.571157
20.412948 -4.599040
20.403329 -4.627728
20.392804 -4.653260
20.390022 -4.680938
20.396444 -4.708381
20.392333 -4.740105
20.387655 -4.767201
20.379289 -4.797015
20.372665 -4.827040
20.380466 -4.846926
20.378767 -4.876467
20.369132 -4.906263
20.363785 -4.935752
20.367567 -4.970178
20.368395 -5.000496
20.355953 -5.026924
20.350568 -5.058999
20.361445 -5.085583
20.359673 -5.120113
20.351815 -5.147717
20.353662 -5.173430
20.363329 -5.206833
20.365990 -5.241981
20.355290 -5.257718
20.348048 -5.286624
20.359857 -5.314515
20.364976 -5.344341
20.361400 -5.372007
20.365728 -5.401637
20.372591 -5.431488
20.377747 -5.458727
20.374322 -5.486950
20.371942 -5.508721
20.381698 -5.536027
20.388768 -5.562555
20.389754 -5.592875
20.395260 -5.617902
20.400252 -5.645508
20.398539 -5.675973
20.405980 -5.698811
20.413927 -5.719623
20.414311 -5.747717
20.419566 -5.779023
20.428534 -5.805948
20.445793 -5.830037
20.451683 -5.861353
20.449228 -5.888296
20.453344 -5.910716
20.466000 -5.934923
20.480721 -5.958975
20.487006 -5.984937
20.490971 -6.017703
20.491914 -6.040076
20.501342 -6.057214
20.520665 -6.081149
20.527940 -6.104538
20.533840 -6.135114
20.538518 -6.162532
20.553190 -6.179007
20.565941 -6.196747
20.574253 -6.214239
20.582129 -6.239854
20.591543 -6.268819
20.602181 -6.290040
20.615138 -6.304457
20.625786 -6.324939
20.634881 -6.343181
20.644381 -6.366233
20.658615 -6.391018
20.668503 -6.409271
20.681788 -6.422954
20.688823 -6.440981
20.697571 -6.461251
20.711867 -6.481786
20.731465 -6.497778
20.751551 -6.512854
20.761783 -6.529264
20.770092 -6.546940
20.783423 -6.568385
20.800023 -6.583226
20.819503 -6.596444
20.835718 -6.615899
20.850676 -6.634596
20.866313 -6.650161
20.884053 -6.662985
20.902404 -6.677481
20.920738 -6.693085
20.934426 -6.711764
20.956126 -6.725015
20.981409 -6.731851
21.001464 -6.749143
21.013534 -6.770015
21.029384 -6.781888
21.051576 -6.794038
21.066816 -6.804238
21.078445 -6.822702
21.098153 -6.842022
21.121780 -6.853638
21.147109 -6.857333
21.168785 -6.872247
21.185664 -6.889678
21.208966 -6.901844
21.228634 -6.913033
21.250917 -6.929804
21.281262 -6.948540
21.303938 -6.960142
21.326038 -6.978573
21.352701 -6.988755
21.376828 -6.998716
21.403375 -7.016842
21.429300 -7.034035
21.457361 -7.035368
21.480270 -7.052702
21.503661 -7.069674
21.527291 -7.081105
21.553628 -7.091837
21.579089 -7.108284
21.604743 -7.122332
21.632908 -7.138265
21.656718 -7.148220
21.682985 -7.163756
21.709634 -7.174861
21.738791 -7.188036
21.766962 -7.203599
21.795334 -7.216208
21.822636 -7.226030
21.848444 -7.240450
21.876679 -7.251579
21.903440 -7.265828
21.931511 -7.277324
21.958015 -7.287503
21.981761 -7.301893
22.012854 -7.312879
22.038056 -7.325257
22.063436 -7.336345
22.093618 -7.344545
22.121229 -7.354926
22.147717 -7.366214
22.176261 -7.377902
22.201877 -7.383634
22.227801 -7.390109
22.255812 -7.405670
22.279805 -7.424867
22.308505 -7.425840
22.333818 -7.430643
22.359666 -7.442292
22.386288 -7.455245
22.413104 -7.465799
22.442745 -7.467524
22.469544 -7.468284
22.495632 -7.474392
22.524439 -7.489779
22.553013 -7.499435
22.583299 -7.500430
22.610440 -7.510434
22.639535 -7.516956
22.668432 -7.526246
22.696118 -7.531454
22.732120 -7.543066
22.759333 -7.548081
22.792055 -7.556134
22.817887 -7.557989
22.852708 -7.563485
22.883086 -7.569101
22.916859 -7.570332
22.952944 -7.576216
22.982676 -7.582562
23.011422 -7.580394
23.044426 -7.579950
23.082154 -7.581978
23.115948 -7.581731
23.149713 -7.572613
23.182863 -7.573096
23.212982 -7.574643
23.241352 -7.576534
23.276383 -7.567620
23.307363 -7.564560
23.343265 -7.561202
23.375613 -7.562227
23.407426 -7.567310
23.431946 -7.561199
23.458856 -7.554384
23.497567 -7.543306
23.524595 -7.539265
23.554729 -7.528985
23.581216 -7.518468
23.609750 -7.509090
23.630891 -7.506256
23.656677 -7.500349
23.687678 -7.484908
23.712669 -7.479174
23.737729 -7.468636
23.760378 -7.460280
23.788156 -7.448304
23.812345 -7.443112
23.840134 -7.430397
23.864735 -7.418743
23.887593 -7.406880
23.912164 -7.397259
23.939832 -7.381955
23.962229 -7.369161
23.983402 -7.353207
24.005430 -7.333016
24.031643 -7.319539
24.057663 -7.308460
24.081904 -7.299759
24.100122 -7.279697
24.113142 -7.257157
24.140251 -7.247573
24.176435 -7.235719
24.198880 -7.219599
24.215311 -7.202468
24.236175 -7.185956
24.261877 -7.174873
24.287250 -7.164709
24.305105 -7.136881
24.327131 -7.105972
24.351799 -7.089700
24.378837 -7.074017
24.399301 -7.063228
24.416756 -7.041122
24.438727 -7.024811
24.468796 -7.008063
24.488601 -6.988024
24.500330 -6.956042
24.525237 -6.934229
24.548031 -6.915897
24.564659 -6.896182
24.583278 -6.870398
24.605669 -6.847071
24.630533 -6.828214
24.652370 -6.810238
24.668126 -6.784966
24.686353 -6.753448
24.707152 -6.730467
24.729560 -6.706031
24.749090 -6.683032
24.761233 -6.655305
24.783272 -6.634375
24.813978 -6.617452
24.831901 -6.595908
24.846738 -6.568405
24.870357 -6.547868
24.891439 -6.527293
24.904526 -6.500135
24.915413 -6.471466
24.942748 -6.446363
24.961018 -6.422791
24.976801 -6.395672
24.994033 -6.367095
25.019343 -6.350278
25.039879 -6.334500
25.062157 -6.308030
25.078266 -6.280361
25.099068 -6.257196
25.111372 -6.229287
25.128236 -6.204216
25.150571 -6.184768
25.165273 -6.155601
25.177935 -6.124925
25.195871 -6.102457
25.223435 -6.083455
25.244167 -6.065093
25.259821 -6.035939
25.272937 -6.006749
25.290508 -5.976699
25.307399 -5.949781
25.329352 -5.934763
25.348393 -5.912680
25.360808 -5.877196
25.374171 -5.852814
25.396901 -5.838916
25.421848 -5.814332
25.431271 -5.788229
25.449468 -5.769645
25.472147 -5.748355
25.489704 -5.719229
25.501863 -5.690394
25.520015 -5.674951
25.543045 -5.651264
25.559638 -5.623047
25.576133 -5.601482
25.594468 -5.584379
25.617181 -5.560687
25.635566 -5.540073
25.641322 -5.515210
25.664184 -5.492259
25.689491 -5.475627
25.703419 -5.456057
25.717218 -5.434453
25.737897 -5.408883
25.761817 -5.389459
25.782327 -5.375529
25.793144 -5.351663
25.813444 -5.330338
25.834429 -5.316415
25.854510 -5.299152
25.877353 -5.277495
25.894948 -5.256685
25.916134 -5.239808
25.935735 -5.222908
25.954190 -5.208393
25.975054 -5.191881
25.994971 -5.174985
26.015102 -5.154397
26.033409 -5.139141
26.053372 -5.119105
26.077105 -5.101710
26.096304 -5.090533
26.113671 -5.074524
26.134427 -5.054499
26.150681 -5.049562
26.173768 -5.032897
26.189941 -5.022600
26.206783 -5.009910
26.224276 -4.996120
26.239954 -4.987109
26.258527 -4.975368
26.276931 -4.964364
26.294690 -4.954089
26.313433 -4.941611
26.330611 -4.927633
26.344429 -4.915638
26.360933 -4.904421
26.377740 -4.894132
26.398735 -4.890373
26.417970 -4.876793
26.435678 -4.859127
26.451711 -4.847533
26.471121 -4.843750
26.492818 -4.835381
26.509781 -4.825280
26.523553 -4.816426
26.544046 -4.803604
26.565579 -4.795602
26.582201 -4.787159
26.597342 -4.771487
26.616189 -4.762707
26.633037 -4.749647
26.650750 -4.742513
26.671735 -4.728590
26.688257 -4.716080
26.704094 -4.707071
26.722627 -4.698101
26.744195 -4.687697
26.765930 -4.676741
26.781366 -4.662553
26.792034 -4.649033
26.815736 -4.644574
26.840775 -4.635514
26.853550 -4.618884
26.865021 -4.604637
26.888089 -4.600169
26.910440 -4.590515
26.924873 -4.579823
26.942890 -4.573617
26.963415 -4.558579
26.979623 -4.545879
26.995715 -4.541124
27.015439 -4.526628
27.034518 -4.512862
27.051812 -4.501841
27.068418 -4.494507
27.086378 -4.481278
27.101914 -4.471156
27.117904 -4.462519
27.136803 -4.450229
27.154091 -4.439578
27.172156 -4.430047
27.190864 -4.419971
27.211174 -4.408809
27.225132 -4.398110
27.242719 -4.388757
27.257757 -4.380106
27.273150 -4.368873
27.290794 -4.355640
27.306442 -4.348661
27.326688 -4.341934
27.340226 -4.327348
27.356066 -4.318154
27.371464 -4.306551
27.380680 -4.294674
27.400743 -4.289607
27.420249 -4.279173
27.435798 -4.268128
27.448834 -4.255382
27.462842 -4.252075
27.482010 -4.243114
27.499199 -4.239299
27.514207 -4.232681
27.528386 -4.217734
27.543919 -4.207797
27.561242 -4.205647
27.578756 -4.201282
27.595424 -4.189698
27.609053 -4.179733
27.623753 -4.172555
27.644560 -4.170825
27.656590 -4.161761
27.674500 -4.152043
27.689396 -4.142281
27.703789 -4.134360
27.717951 -4.131425
27.734180 -4.128150
27.746616 -4.123896
27.760689 -4.116155
27.778771 -4.105516
27.792839 -4.098144
27.808358 -4.089130
27.820318 -4.084869
27.839182 -4.074981
27.850304 -4.073849
27.869436 -4.067290
27.880625 -4.061540
27.899123 -4.054972
27.914979 -4.044670
27.928963 -4.043025
27.945725 -4.035878
27.961021 -4.031296
27.976234 -4.021539
27.991875 -4.015114
28.009744 -4.008167
28.026118 -4.005818
28.045194 -4.003139
28.058394 -3.990027
28.073749 -3.981380
28.093761 -3.979824
28.110278 -3.978586
28.128548 -3.965916
28.139156 -3.956462
28.151293 -3.950910
28.171773 -3.949915
28.187370 -3.946446
28.205554 -3.939688
28.222974 -3.930887
28.239816 -3.918197
28.259000 -3.919031
28.285197 -3.917564
28.299840 -3.903364
28.314701 -3.885101
28.333256 -3.885556
28.356004 -3.881267
28.378347 -3.872168
28.393398 -3.862594
28.407792 -3.854672
28.429309 -3.847779
28.449842 -3.843088
28.466577 -3.837788
28.489889 -3.827410
28.514512 -3.814278
28.531488 -3.814156
28.556484 -3.808052
28.574719 -3.797785
28.589932 -3.788027
28.610008 -3.782037
28.634377 -3.775369
28.652292 -3.765282
28.666693 -3.756807
28.680745 -3.750543
28.705918 -3.743149
28.726935 -3.737911
28.740197 -3.731451
28.765010 -3.716106
28.779849 -3.710223
28.794191 -3.705812
28.819203 -3.698600
28.836287 -3.691088
28.848078 -3.687564
28.868012 -3.680462
28.884483 -3.671462
28.900895 -3.666527
28.911239 -3.664275
28.918280 -3.660128
28.922638 -3.655017
28.925966 -3.655250
28.927399 -3.654902
28.928504 -3.655287
28.924998 -3.656345
28.922444 -3.657416
28.918785 -3.658102
28.915256 -3.660823
28.910621 -3.663158
28.905970 -3.666601
28.899935 -3.667068
28.892564 -3.672134
28.888889 -3.673929
28.880915 -3.676769
28.875326 -3.679275
28.870794 -3.685492
28.864240 -3.688908
28.858656 -3.691044
28.852922 -3.692623
28.846083 -3.693817
28.841462 -3.695228
28.836975 -3.698305
28.827182 -3.706293
28.823429 -3.702542
28.815808 -3.702986
28.810337 -3.708265
28.805571 -3.708750
28.797428 -3.712327
28.788325 -3.716445
28.786599 -3.715126
28.778916 -3.719819
28.776860 -3.719419
28.772878 -3.720470
28.765719 -3.721844
28.761735 -3.723080
28.760620 -3.723433
28.757262 -3.725232
28.755057 -3.724091
28.752030 -3.724971
28.750237 -3.728271
28.746705 -3.731177
28.746361 -3.733020
28.744466 -3.732438
28.745751 -3.731348
28.745116 -3.731338
28.745573 -3.732638
28.747011 -3.731920
28.746382 -3.731542
28.745756 -3.730978
28.745587 -3.731715
28.747165 -3.732292
28.747019 -3.731366
28.747006 -3.732290
28.747485 -3.732112
28.747501 -3.731003
28.747667 -3.730451
28.745748 -3.731532
28.747049 -3.729334
28.747342 -3.731001
28.747334 -3.731555
28.747501 -3.731003
28.745592 -3.731345
28.747030 -3.730627
28.744503 -3.729851
28.745009 -3.727826
28.746398 -3.730433
28.744178 -3.730401
28.747686 -3.729158
28.745460 -3.729495
28.744334 -3.730588
28.744498 -3.730221
28.746071 -3.731167
28.745294 -3.730047
28.745458 -3.729680
28.744654 -3.730408
28.744065 -3.727258
28.744810 -3.730595
28.741987 -3.728336
28.744022 -3.730214
28.743552 -3.729837
28.741979 -3.728890
28.740076 -3.728863
28.742619 -3.728530
28.740530 -3.730348
28.740530 -3.730348
28.741183 -3.729064
28.739444 -3.728669
28.739745 -3.729782
28.741019 -3.729431
28.742135 -3.729077
28.741654 -3.729440
28.741156 -3.730911
28.744030 -3.729659
28.744966 -3.730782
28.744178 -3.730401
28.744974 -3.730227
28.744654 -3.730408
28.744156 -3.731879
28.742906 -3.730567
28.743568 -3.728729
28.742955 -3.727241
28.742320 -3.727232
28.742796 -3.727239
28.742952 -3.727426
28.743702 -3.730394
28.743116 -3.727059
28.745006 -3.728010
28.741202 -3.727770
28.743560 -3.729283
28.743597 -3.726696
28.743089 -3.728907
28.743423 -3.727803
28.742296 -3.728895
28.739748 -3.729597
28.741170 -3.729987
28.741487 -3.729992
28.739307 -3.727188
28.741148 -3.731465
28.738777 -3.730876
28.741664 -3.728701
28.741003 -3.730539
28.740057 -3.730156
28.740718 -3.728318
28.741014 -3.729800
28.739871 -3.732001
28.741323 -3.730359
28.738777 -3.730876
28.740358 -3.731269
28.741495 -3.729438
28.740535 -3.729978
28.738627 -3.730320
28.742105 -3.731110
28.740858 -3.729613
28.740823 -3.732015
28.741017 -3.729616
28.739253 -3.730883
28.741008 -3.730170
28.740842 -3.730722
28.741960 -3.730184
28.740998 -3.730909
28.742471 -3.727789
28.743425 -3.727618
28.740724 -3.727948
28.741033 -3.728507
28.740541 -3.729609
28.742788 -3.727793
28.741006 -3.730355
28.740877 -3.728320
28.742490 -3.726496
28.741025 -3.729061
28.739933 -3.727752
28.739616 -3.727747
28.741998 -3.727597
28.738132 -3.731606
28.739909 -3.729415
28.739890 -3.730708
28.738006 -3.729387
28.739589 -3.729595
28.739121 -3.729034
28.739320 -3.726265
28.740409 -3.727759
28.740097 -3.727385
28.740748 -3.726285
28.742006 -3.727043
28.740439 -3.725727
28.740750 -3.726101
28.739952 -3.726459
28.741699 -3.726299
28.740103 -3.727015
28.741073 -3.725736
28.740912 -3.725918
28.738839 -3.726627
28.739745 -3.729782
28.741167 -3.730172
28.741022 -3.729246
28.741646 -3.729994
28.742105 -3.731110
28.741498 -3.729253
28.742791 -3.727609
28.740992 -3.731278
28.741191 -3.728509
28.738675 -3.726994
28.739758 -3.728858
28.739769 -3.728119
28.739761 -3.728673
28.741379 -3.726479
28.738670 -3.727364
28.738535 -3.725699
28.740750 -3.726101
28.740732 -3.727394
28.739930 -3.727937
28.739137 -3.727925
28.739140 -3.727740
28.738492 -3.728655
28.735785 -3.729355
28.738024 -3.728094
28.737046 -3.729927
28.738804 -3.729029
28.737385 -3.728454
28.734847 -3.728417
28.738154 -3.730128
28.738315 -3.729946
28.739729 -3.730890
28.738815 -3.728290
28.737347 -3.731040
28.739904 -3.729784
28.737844 -3.729569
28.739261 -3.730329
28.738968 -3.728662
28.738801 -3.729214
28.737855 -3.728830
28.738328 -3.729022
28.738785 -3.730322
28.737522 -3.729934
28.739898 -3.730154
28.737998 -3.729941
28.738949 -3.729955
28.738643 -3.729211
28.738624 -3.730505
28.738000 -3.729756
28.738799 -3.729398
28.736887 -3.729925
28.736288 -3.727514
28.736917 -3.727893
28.736885 -3.730110
28.735186 -3.726944
28.736422 -3.729179
28.735979 -3.726955
28.734992 -3.729343
28.737734 -3.726242
28.738731 -3.734017
28.737000 -3.733068
28.737643 -3.732523
28.736699 -3.731955
28.737616 -3.734371
28.737325 -3.732518
28.738266 -3.733271
28.736984 -3.734177
28.736844 -3.732881
28.737960 -3.732528
28.737143 -3.734179
28.740226 -3.729419
28.740062 -3.729786
28.737186 -3.731223
28.737686 -3.729567
28.735954 -3.728618
28.737500 -3.731412
28.737078 -3.727710
28.737032 -3.730851
28.739291 -3.728297
28.736422 -3.729179
28.737248 -3.726974
28.738506 -3.727731
28.739944 -3.727013
28.737740 -3.725872
28.737745 -3.725503
28.739506 -3.724419
28.738390 -3.724773
28.736799 -3.725119
28.737433 -3.725128
28.740285 -3.725355
28.739635 -3.726454
28.738350 -3.727544
28.740105 -3.726830
28.738363 -3.726620
28.739799 -3.726087
28.739162 -3.726262
28.738831 -3.727181
28.738828 -3.727366
28.739463 -3.727375
28.739965 -3.725535
28.739014 -3.725521
28.737885 -3.726798
28.738014 -3.728833
28.739277 -3.729221
28.738793 -3.729768
28.738801 -3.729214
28.738968 -3.728662
28.736739 -3.729184
28.739455 -3.727930
28.738965 -3.728846
28.738320 -3.729576
28.738616 -3.731059
28.739100 -3.730512
28.738024 -3.728094
28.736874 -3.730849
28.737522 -3.729934
28.738952 -3.729770
28.738479 -3.729579
28.738164 -3.729389
28.735304 -3.729717
28.738008 -3.729202
28.737366 -3.729747
28.736073 -3.731391
28.736557 -3.730844
28.736264 -3.729177
28.737379 -3.728823
28.737981 -3.731050
28.737032 -3.730851
28.737522 -3.729934
28.738960 -3.729216
28.738140 -3.731052
28.738769 -3.731431
28.739715 -3.731814
28.737175 -3.731962
28.738949 -3.729955
28.738938 -3.730694
28.737522 -3.729934
28.739769 -3.728119
28.739401 -3.731625
28.738766 -3.731615
28.738414 -3.734013
28.737030 -3.731036
28.737218 -3.729006
28.737205 -3.729930
28.736565 -3.730290
28.737016 -3.731960
28.737826 -3.730863
28.735922 -3.730835
28.738008 -3.729202
28.737213 -3.729375
28.737403 -3.727161
28.738317 -3.729761
28.738347 -3.727729
28.737172 -3.732147
28.738490 -3.728840
28.737844 -3.729569
28.738645 -3.729027
28.738672 -3.727179
28.740250 -3.727756
28.740092 -3.727754
28.738328 -3.729022
28.739925 -3.728306
28.739145 -3.727371
28.739275 -3.729405
28.738551 -3.724590
28.740737 -3.727024
28.738680 -3.726625
28.739135 -3.728110
28.741495 -3.729438
28.738968 -3.728662
28.737699 -3.728643
28.739901 -3.729969
28.739761 -3.728673
28.738807 -3.728844
28.740081 -3.728493
28.740232 -3.729050
28.740538 -3.729793
28.739611 -3.728117
28.739766 -3.728304
28.741027 -3.728877
28.740761 -3.725362
28.740874 -3.728505
28.738995 -3.726814
28.740092 -3.727754
28.738858 -3.725334
28.738973 -3.728292
28.739793 -3.726456
28.739156 -3.726632
28.738516 -3.726992
28.739936 -3.727567
28.738645 -3.729027
28.739559 -3.731627
28.737339 -3.731595
28.738320 -3.729576
28.738648 -3.728842
28.738447 -3.731796
28.738640 -3.729396
28.737328 -3.732334
28.738003 -3.729572
28.738807 -3.728844
28.739140 -3.727740
28.738347 -3.727729
28.738796 -3.729583
28.738019 -3.728463
28.739914 -3.729045
28.739597 -3.729040
28.738484 -3.729209
28.737874 -3.727537
28.738783 -3.730507
28.738135 -3.731421
28.740393 -3.728867
28.738154 -3.730128
28.739422 -3.730147
28.741186 -3.728879
28.738331 -3.728837
28.738982 -3.727738
28.740541 -3.729609
28.739463 -3.727375
28.740734 -3.727209
28.739941 -3.727198
28.739019 -3.725151
28.738973 -3.728292
28.735817 -3.727138
28.737105 -3.725863
28.738210 -3.726248
28.740245 -3.728126
28.738046 -3.726616
28.739656 -3.724976
28.737869 -3.727907
28.739906 -3.729599
28.738043 -3.726800
