57.905661 200.697787
57.920740 200.731014
57.935385 200.756302
57.946698 200.781454
57.967032 200.805181
57.985196 200.832450
57.997156 200.858516
58.004229 200.886686
58.022864 200.913579
58.041300 200.937703
58.051798 200.961388
58.068306 200.983877
58.082947 201.008796
58.091313 201.038610
58.103743 201.064300
58.125478 201.086158
58.140830 201.116425
58.145825 201.143517
58.163629 201.167835
58.183853 201.194889
58.193585 201.220433
58.208994 201.243677
58.223801 201.269148
58.239632 201.299593
58.252033 201.323250
58.267004 201.349088
58.280727 201.376422
58.293991 201.404871
58.310699 201.430129
58.327110 201.456869
58.337084 201.488139
58.348447 201.516800
58.363327 201.547259
58.378765 201.572535
58.394102 201.601694
58.407191 201.629037
58.426487 201.657768
58.437082 201.688105
58.454031 201.719087
58.467465 201.748274
58.483833 201.772058
58.499681 201.803611
58.512974 201.834093
58.525641 201.865138
58.534897 201.890689
58.551212 201.921682
58.569729 201.951348
58.583791 201.980155
58.597536 202.008967
58.607125 202.035622
58.620131 202.068141
58.630846 202.095888
58.644221 202.121010
58.659700 202.149058
58.669463 202.176819
58.675111 202.205194
58.675829 202.232718
58.696524 202.259396
58.711473 202.283755
58.714925 202.313826
58.724089 202.343998
58.738447 202.371323
58.750751 202.399232
58.757386 202.429996
58.767900 202.454789
58.784511 202.484299
58.796748 202.518492
58.805565 202.546636
58.818840 202.575825
58.832136 202.606491
58.840499 202.636121
58.855459 202.661219
58.870487 202.690936
58.882699 202.723467
58.889159 202.753124
58.900488 202.779384
58.918483 202.805917
58.931733 202.833442
58.941965 202.860642
58.953008 202.889124
58.965170 202.918144
58.981566 202.943776
58.994961 202.970376
59.008728 203.000666
59.023046 203.025219
59.040293 203.054904
59.054990 203.083702
59.069386 203.113614
59.084212 203.140377
59.100438 203.165272
59.112688 203.200389
59.131170 203.227654
59.153918 203.253748
59.161641 203.283017
59.170335 203.313566
59.194234 203.342415
59.216541 203.370917
59.221071 203.398755
59.237063 203.429382
59.265889 203.458898
59.278664 203.486431
59.288140 203.516229
59.306528 203.547930
59.328631 203.573294
59.343155 203.601171
59.355062 203.634445
59.377651 203.660541
59.391401 203.689723
59.402765 203.718385
59.423841 203.749492
59.443976 203.781353
59.454223 203.809661
59.473611 203.844674
59.492760 203.874146
59.500994 203.905811
59.512223 203.936138
59.539328 203.967342
59.554275 204.002420
59.560117 204.033195
59.575133 204.062173
59.592881 204.093514
59.604771 204.125679
59.618987 204.154114
59.633719 204.185314
59.641595 204.214212
59.653047 204.248971
59.664569 204.277630
59.681379 204.309909
59.696931 204.342944
59.703713 204.372967
59.717498 204.404550
59.731483 204.438902
59.745448 204.471961
59.762083 204.503133
59.773826 204.536040
59.783356 204.569533
59.799993 204.600890
59.816330 204.633360
59.827131 204.667020
59.835048 204.698688
59.850909 204.731165
59.866627 204.764753
59.871235 204.797948
59.880268 204.829970
59.897736 204.863902
59.915645 204.895426
59.924979 204.926335
59.938668 204.962169
59.948703 204.997688
59.959668 205.031715
59.980244 205.061166
59.996605 205.095299
60.003003 205.131610
60.014600 205.165442
60.031249 205.197538
60.042534 205.231745
60.056018 205.264442
60.071565 205.297108
60.082232 205.332432
60.093673 205.366452
60.107233 205.393419
60.122620 205.426088
60.136446 205.460442
60.146027 205.497446
60.157291 205.530174
60.172450 205.558042
60.186085 205.590182
60.198155 205.623823
60.208951 205.657113
60.222452 205.690918
60.242060 205.719275
60.253563 205.757544
60.266399 205.789325
60.277655 205.821500
60.292290 205.856951
60.306855 205.887599
60.322055 205.918238
60.337308 205.952572
60.352069 205.985804
60.373911 206.015053
60.388153 206.045336
60.405253 206.075762
60.413963 206.107419
60.423114 206.136668
60.445494 206.170159
60.459562 206.199336
60.472422 206.232780
60.492522 206.262239
60.506921 206.292335
60.518048 206.326544
60.540406 206.358557
60.558181 206.391745
60.565842 206.427668
60.579485 206.460362
60.599327 206.493890
60.613572 206.524358
60.629963 206.560523
60.642017 206.593055
60.656606 206.625366
60.672348 206.660617
60.684916 206.695729
60.697906 206.727139
60.713987 206.763863
60.728299 206.798949
60.743663 206.829955
60.753808 206.862146
60.767516 206.899274
60.775957 206.934261
60.790417 206.968607
60.808818 207.001232
60.821690 207.035415
60.829956 207.069296
60.842067 207.105709
60.858094 207.138738
60.873199 207.173813
60.884340 207.208946
60.895821 207.245737
60.907875 207.278269
60.920207 207.308026
60.926433 207.343415
60.937723 207.377991
60.958826 207.410946
60.968141 207.440562
60.977007 207.472032
60.990674 207.506389
61.001583 207.536535
61.006694 207.571571
61.022019 207.599991
61.034036 207.629937
61.039283 207.663492
61.050410 207.697701
61.069922 207.730310
61.079952 207.765459
61.084086 207.798846
61.097909 207.833016
61.114114 207.867335
61.124773 207.902106
61.137209 207.939068
61.149242 207.970122
61.162766 208.005590
61.174667 208.038494
61.190423 208.074668
61.203268 208.107004
61.213927 208.141775
61.231086 208.176266
61.245831 208.208389
61.259203 208.244229
61.270044 208.280659
61.280346 208.312663
61.295862 208.343297
61.310987 208.379665
61.322855 208.410353
61.335245 208.444174
61.348456 208.479831
61.363878 208.514901
61.375747 208.545589
61.390250 208.582890
61.401471 208.612663
61.416552 208.646075
61.427477 208.677330
61.442381 208.709452
61.458094 208.742670
61.471444 208.777032
61.485702 208.808423
61.500340 208.844059
61.519499 208.874271
61.533594 208.905295
61.548860 208.940553
61.567038 208.968746
61.591738 208.998138
61.605994 209.029345
61.616056 209.066711
61.631454 209.100118
61.650906 209.128663
61.664700 209.160800
61.681835 209.193628
61.708255 209.221332
61.721019 209.259028
61.732014 209.295087
61.751979 209.326211
61.766722 209.358150
61.778023 209.393465
61.796099 209.425540
61.814619 209.455391
61.826270 209.492919
61.838490 209.526003
61.860660 209.555986
61.872043 209.585942
61.885382 209.619564
61.905382 209.653090
61.918971 209.682089
61.931042 209.715730
61.946279 209.748955
61.966871 209.779515
61.976368 209.810791
61.985950 209.847795
61.999910 209.880484
62.013184 209.909673
62.029373 209.942884
62.041916 209.976333
62.051333 210.012970
62.063557 210.046239
62.081179 210.079799
62.097176 210.110796
62.111935 210.143843
62.121188 210.180112
62.129847 210.219162
62.145358 210.249426
62.161555 210.283192
62.173308 210.316837
62.184115 210.350866
62.190002 210.384782
62.203000 210.416746
62.224251 210.448960
62.238192 210.480356
62.244921 210.517586
62.254755 210.550151
62.269801 210.581162
62.276360 210.617655
62.287498 210.652603
62.304143 210.684514
62.317660 210.719427
62.327558 210.756426
62.340916 210.791342
62.354390 210.823299
62.356487 210.858379
62.370135 210.891442
62.386152 210.923732
62.398407 210.959219
62.407206 210.996973
62.418215 211.033955
62.430247 211.065010
62.441363 211.098480
62.455184 211.132465
62.468515 211.165533
62.478892 211.202710
62.487327 211.237327
62.505987 211.265883
62.524732 211.300351
62.538950 211.339874
62.551063 211.376471
62.561814 211.406620
62.580269 211.442940
62.598062 211.477421
62.613743 211.508423
62.626622 211.543161
62.642706 211.580069
62.657306 211.613119
62.672995 211.644675
62.688197 211.675498
62.706477 211.710712
62.720899 211.742471
62.735967 211.774959
62.751511 211.807441
62.777734 211.832560
62.795254 211.870003
62.805354 211.909955
62.829112 211.940100
62.855409 211.970208
62.872251 212.004703
62.899424 212.040526
62.921763 212.071246
62.937823 212.106492
62.959565 212.139807
62.986206 212.171758
63.006220 212.206207
63.021537 212.244975
63.040242 212.276672
63.062001 212.311095
63.078838 212.345221
63.100889 212.377978
63.127831 212.408815
63.140296 212.447809
63.157942 212.483032
63.184768 212.516828
63.206505 212.549774
63.219957 212.591156
63.235385 212.626596
63.263448 212.658156
63.284355 212.688527
63.294481 212.730327
63.312619 212.766652
63.335001 212.800327
63.346109 212.833243
63.360185 212.873877
63.390344 212.907809
63.404079 212.935882
63.411595 212.972731
63.428816 213.011471
63.445467 213.043752
63.458860 213.081069
63.472640 213.123186
63.484759 213.160152
63.501469 213.196497
63.516937 213.234709
63.532008 213.278284
63.543366 213.317480
63.556829 213.359601
63.572302 213.398181
63.585408 213.437536
63.594841 213.475280
63.603895 213.519683
63.613409 213.562970
63.626950 213.599547
63.640515 213.637786
63.650144 213.678114
63.652806 213.719284
63.655462 213.760084
63.663416 213.794339
63.678570 213.832740
63.682242 213.867057
63.689014 213.907243
63.699877 213.945152
63.715733 213.977259
63.727467 214.009612
63.735005 214.047938
63.742995 214.084595
63.755043 214.116758
63.756815 214.151288
63.762587 214.188162
63.770681 214.221122
63.774044 214.255998
63.783115 214.290607
63.793451 214.325012
63.803478 214.359977
63.814264 214.392528
63.822560 214.428441
63.821955 214.463190
63.826557 214.496016
63.844918 214.525870
63.850389 214.563857
63.849800 214.599715
63.857561 214.631570
63.881162 214.661717
63.893264 214.697575
63.897627 214.735763
63.905697 214.767060
63.915020 214.808133
63.919333 214.842811
63.940226 214.872258
63.958197 214.908030
63.962366 214.943819
63.975859 214.977070
63.991910 215.011762
64.014677 215.039149
64.025951 215.072616
64.035651 215.106846
64.049745 215.137871
64.068934 215.170115
64.084779 215.201483
64.103317 215.232628
64.111892 215.265950
64.128092 215.299900
64.145337 215.329401
64.163063 215.359263
64.183827 215.390745
64.204064 215.418723
64.221761 215.457457
64.234947 215.491451
64.257101 215.520325
64.276368 215.547024
64.291124 215.579887
64.309664 215.611216
64.335270 215.637453
64.357332 215.670949
64.362763 215.706165
64.391379 215.732173
64.418337 215.764119
64.427117 215.800580
64.440889 215.831240
64.461325 215.861987
64.478634 215.895921
64.491299 215.926782
64.504780 215.959293
64.520491 215.992327
64.537402 216.020723
64.555666 216.054828
64.580500 216.082555
64.603176 216.114563
64.613864 216.151366
64.633510 216.182310
64.657083 216.210609
64.674409 216.245652
64.686979 216.280949
64.706553 216.317807
64.724002 216.350445
64.743355 216.383056
64.763845 216.417499
64.788109 216.449669
64.804185 216.486023
64.822166 216.522535
64.843567 216.554192
64.866151 216.590821
64.877840 216.630935
64.893550 216.674872
64.907325 216.705716
64.925613 216.741484
64.943759 216.778363
64.962802 216.811532
64.972725 216.850194
64.982838 216.891070
65.004621 216.927157
65.022060 216.959057
65.033431 216.999175
65.041950 217.039521
65.053300 217.078161
65.070209 217.106373
65.085871 217.146984
65.095944 217.185089
65.103329 217.223787
65.108294 217.259749
65.117725 217.297309
65.135975 217.330490
65.140763 217.365161
65.153038 217.401941
65.163404 217.438378
65.166458 217.473814
65.174832 217.515085
65.180630 217.553806
65.193843 217.589648
65.202061 217.631106
65.211263 217.674768
65.218306 217.711808
65.234788 217.743352
65.251074 217.783215
65.259095 217.822089
65.263943 217.860824
65.270913 217.903779
65.282871 217.940563
65.297156 217.973802
65.302960 218.012893
65.309469 218.056778
65.322840 218.092618
65.341725 218.125790
65.355121 218.163292
65.364134 218.204924
65.368917 218.239225
65.372654 218.277977
65.388560 218.313595
65.401343 218.341681
65.405891 218.381715
65.414505 218.417624
65.431981 218.452110
65.447213 218.484966
65.462635 218.520036
65.475033 218.554411
65.488692 218.588214
65.499185 218.622432
65.504844 218.662449
65.520721 218.696035
65.539197 218.722930
65.551020 218.761379
65.561878 218.798919
65.577488 218.836019
65.595115 218.869949
65.616818 218.900493
65.629552 218.936157
65.641695 218.974786
65.660859 219.005367
65.681664 219.039620
65.702772 219.072945
65.718503 219.107456
65.731243 219.143490
65.753720 219.172729
65.776435 219.207509
65.801127 219.236346
65.822829 219.266890
65.838757 219.303986
65.857139 219.335318
65.880591 219.366206
65.899611 219.397713
65.911859 219.432645
65.925222 219.467930
65.948830 219.498631
65.969871 219.527337
65.988326 219.563657
66.006541 219.594437
66.026972 219.624815
66.047314 219.659998
66.073334 219.692882
66.099875 219.717997
66.123335 219.749439
66.135886 219.783443
66.164938 219.817576
66.197977 219.842226
66.215402 219.873202
66.226531 219.907596
66.247312 219.940186
66.272331 219.969758
66.292662 220.004203
66.312738 220.042901
66.326438 220.079475
66.343925 220.114700
66.375657 220.147686
66.403827 220.175733
66.421706 220.216127
66.435774 220.256207
66.468928 220.288802
66.502539 220.320096
66.513889 220.358737
66.528693 220.394925
66.551715 220.428961
66.574410 220.462263
66.591905 220.498042
66.608569 220.531247
66.636005 220.563370
66.655312 220.592841
66.669525 220.631994
66.689865 220.666993
66.715876 220.699322
66.727981 220.735365
66.741557 220.774343
66.762716 220.811178
66.786319 220.841510
66.798292 220.879402
66.813917 220.917426
66.831409 220.953021
66.842020 220.984466
66.858122 221.022668
66.876577 221.058988
66.890892 221.094259
66.899212 221.131835
66.911025 221.169545
66.924848 221.203715
66.938012 221.236232
66.947615 221.274713
66.957585 221.316700
66.964123 221.351715
66.974427 221.383903
66.983014 221.417965
66.988479 221.455582
66.984286 221.494449
66.988192 221.533938
66.996816 221.570585
67.001394 221.601748
67.002550 221.637581
67.012085 221.671444
67.024691 221.709142
67.032285 221.740446
67.036500 221.779375
67.043530 221.815492
67.049388 221.847375
67.047087 221.885476
67.054765 221.922507
67.065727 221.956349
67.066257 221.992745
67.063677 222.033436
67.073384 222.068220
67.082110 222.100986
67.084081 222.138285
67.089890 222.177745
67.095627 222.212218
67.103404 222.245182
67.112676 222.282744
67.117289 222.316309
67.115445 222.353109
67.116741 222.387646
67.128962 222.420730
67.137352 222.452207
67.132172 222.488687
67.131538 222.521404
67.142949 222.553391
67.148146 222.583436
67.148971 222.618350
67.157380 222.651120
67.163722 222.683551
67.173526 222.714083
67.184161 222.747191
67.190459 222.776666
67.187312 222.811082
67.194433 222.842578
67.208718 222.875817
67.209984 222.908322
67.215009 222.937445
67.228939 222.968103
67.244136 222.998557
67.250784 223.030244
67.256809 223.062679
67.267739 223.094304
67.283912 223.126407
67.294743 223.151196
67.302332 223.182130
67.313009 223.218194
67.322658 223.248914
67.337370 223.278820
67.353398 223.311849
67.366871 223.343807
67.371807 223.377736
67.384652 223.410072
67.402975 223.437339
67.427416 223.470800
67.447551 223.502661
67.461135 223.542193
67.477165 223.575407
67.504080 223.604397
67.525096 223.631440
67.537414 223.671175
67.545379 223.706169
67.564020 223.733432
67.586725 223.767472
67.603712 223.801042
67.617107 223.827642
67.643076 223.857015
67.670316 223.886554
67.682703 223.920191
67.698572 223.953222
67.722344 223.984290
67.746097 224.014065
67.759563 224.045469
67.774165 224.078703
67.791940 224.111892
67.811736 224.142279
67.836592 224.171483
67.859993 224.198861
67.868603 224.234585
67.882620 224.271155
67.911408 224.298085
67.936259 224.326920
67.944503 224.359323
67.952176 224.395984
67.967765 224.431607
67.990736 224.462133
68.003293 224.496506
68.015909 224.534943
68.028165 224.570429
68.042719 224.600338
68.065905 224.634741
68.091121 224.666898
68.099911 224.704097
68.107484 224.744826
68.130504 224.778677
68.148252 224.810018
68.159919 224.848654
68.176661 224.887216
68.189812 224.918809
68.198207 224.950655
68.214622 224.988483
68.231636 225.023900
68.242784 225.059587
68.252811 225.094551
68.261331 225.134896
68.276207 225.165170
68.287646 225.199005
68.298829 225.237094
68.311397 225.272206
68.317609 225.306672
68.331298 225.342506
68.340833 225.376369
68.347500 225.409350
68.354850 225.445646
68.356226 225.485726
68.363539 225.519436
68.378257 225.549712
68.383660 225.583081
68.391287 225.616601
68.394833 225.653138
68.395449 225.684544
68.402124 225.718078
68.414326 225.749869
68.418724 225.779557
68.417686 225.817269
68.424990 225.850425
68.437093 225.875380
68.446735 225.905730
68.453448 225.941852
68.458981 225.973185
68.467137 225.999492
68.475796 226.027639
68.485124 226.058178
68.488121 226.089734
68.484729 226.118241
68.484390 226.149475
68.500488 226.176405
68.506751 226.203478
68.502286 226.234588
68.505278 226.265774
68.520752 226.293452
68.530354 226.321031
68.531403 226.349473
68.541328 226.377417
68.538949 226.410160
68.539057 226.439355
68.553264 226.467236
68.559248 226.496900
68.558157 226.530918
68.565617 226.563887
68.576314 226.590341
68.590096 226.621739
68.597865 226.654149
68.605315 226.686379
68.607702 226.719607
68.613452 226.755003
68.633498 226.780766
68.647101 226.810689
68.648165 226.840240
68.656018 226.867475
68.671470 226.893675
68.684266 226.922686
68.687530 226.950726
68.693619 226.976693
68.706245 227.004967
68.717127 227.033266
68.725095 227.057543
68.736440 227.084911
68.745091 227.112504
68.753814 227.134182
68.766723 227.160050
68.780893 227.185345
68.790936 227.210515
68.799087 227.236452
68.810219 227.260128
68.822504 227.286743
68.833542 227.314856
68.851505 227.339171
68.866325 227.365565
68.869237 227.391209
68.881326 227.415241
68.897084 227.440697
68.908918 227.468982
68.922107 227.492259
68.940233 227.516942
68.945736 227.546243
68.957511 227.570464
68.972595 227.593159
68.984477 227.624770
68.994087 227.652903
69.015822 227.674761
69.029717 227.703017
69.037965 227.735605
69.053877 227.760689
69.065702 227.788421
69.078082 227.821503
69.090722 227.850700
69.117427 227.876182
69.125467 227.905447
69.130621 227.943439
69.146619 227.974436
69.164934 228.001148
69.175880 228.033882
69.182682 228.065197
69.199744 228.093037
69.218072 228.120673
69.218390 228.153377
69.233266 228.183651
69.247170 228.212460
69.264870 228.240476
69.271329 228.270133
69.284381 228.305792
69.293575 228.337997
69.305043 228.362961
69.318382 228.396584
69.328213 228.428964
69.333565 228.458822
69.342434 228.490477
69.359518 228.519795
69.370862 228.547163
69.378295 228.578285
69.392234 228.609496
69.395850 228.639934
69.402810 228.671247
69.419073 228.698729
69.427165 228.731504
69.433510 228.764119
69.440163 228.796176
69.453236 228.822411
69.454005 228.853444
69.459535 228.884593
69.475140 228.910422
69.483845 228.941709
69.489869 228.974145
69.498361 229.001740
69.509085 229.030042
69.508934 229.063306
69.519042 229.092910
69.535196 229.123720
69.545156 229.154065
69.545901 229.183436
69.556807 229.213398
69.572944 229.243099
69.583861 229.273800
69.589104 229.306986
69.599851 229.336951
69.615083 229.369807
69.625492 229.398298
69.636385 229.427336
69.649084 229.460598
69.657797 229.492440
69.668192 229.520007
69.681999 229.553069
69.695244 229.580225
69.707927 229.612379
69.720290 229.644352
69.734401 229.676485
69.753536 229.705034
69.769953 229.732144
69.772120 229.772027
69.786948 229.798975
69.801376 229.831104
69.821175 229.861676
69.830805 229.891102
69.854106 229.922547
69.868349 229.952830
69.869800 229.987180
69.883260 230.018213
69.908119 230.047603
69.920245 230.074221
69.934168 230.104324
69.952416 230.137321
69.964722 230.165414
69.970771 230.199513
69.986266 230.228669
70.001433 230.257090
70.011708 230.287247
70.020224 230.316504
70.029886 230.348148
70.046128 230.374151
70.049913 230.405326
70.062556 230.434708
70.081987 230.461775
70.094033 230.493753
70.094329 230.524978
70.110606 230.553384
70.124660 230.581637
70.133357 230.612370
70.139997 230.643503
70.149795 230.673666
70.156398 230.702213
70.166820 230.731627
70.186786 230.762751
70.196270 230.793103
70.200093 230.826864
70.210397 230.859053
70.222392 230.887521
70.232986 230.917857
70.243938 230.950960
70.253801 230.985557
70.262221 231.019066
70.274428 231.051227
70.283980 231.086198
70.297093 231.115204
70.306577 231.145556
70.316459 231.181447
70.326441 231.213270
70.337576 231.248033
70.343189 231.284910
70.356638 231.315204
70.359520 231.349718
70.365217 231.381419
70.379163 231.413185
70.389438 231.443341
70.397242 231.478153
70.404073 231.511501
70.415651 231.544040
70.416431 231.575813
70.432579 231.606253
70.448623 231.640390
70.453241 231.674324
70.458005 231.707333
70.470357 231.738567
70.485379 231.767915
70.492861 231.802362
70.491267 231.834539
70.504251 231.865579
70.520375 231.894357
70.526104 231.928275
70.530066 231.960740
70.539819 231.987762
70.553422 232.017685
70.562140 232.049897
70.569065 232.078808
70.575111 232.112721
70.582076 232.144404
70.591856 232.173274
70.602467 232.204718
70.614400 232.239840
70.619790 232.272284
70.625328 232.303988
70.640395 232.336476
70.651479 232.367729
70.661649 232.401583
70.670071 232.435277
70.679587 232.467846
70.692093 232.498709
70.701311 232.532576
70.713704 232.566582
70.727188 232.599278
70.734350 232.633545
70.742396 232.663179
70.761267 232.695428
70.771937 232.730937
70.779870 232.763714
70.797123 232.793769
70.810957 232.828678
70.819721 232.864030
70.832797 232.901352
70.857163 232.929640
70.865284 232.964447
70.869298 233.000423
70.884537 233.033833
70.901957 233.064439
70.908630 233.097789
70.916622 233.134631
70.933453 233.168387
70.949940 233.200301
70.952376 233.236854
70.966548 233.273236
70.979602 233.309080
70.989148 233.343682
70.999606 233.375498
71.006195 233.414024
71.015437 233.449554
71.022722 233.481417
71.033488 233.512674
71.045443 233.549273
71.052594 233.582801
71.060339 233.613549
71.067345 233.648002
71.073718 233.682650
71.097047 233.748650
71.109918 233.782834
71.111588 233.821246
71.119091 233.857171
71.131532 233.894502
71.136293 233.927326
71.149014 233.962066
71.158281 233.999259
71.162439 234.034308
71.169324 234.071351
71.181588 234.107392
71.190870 234.145693
71.189822 234.160861
71.210449 234.215628
71.223573 234.256276
71.225702 234.271767
71.238071 234.304110
71.257330 234.352060
71.265741 234.385015
71.272180 234.402292
71.288121 234.440312
71.301933 234.484645
71.309299 234.511148
71.317506 234.530062
71.334585 234.569913
71.345115 234.606717
71.358397 234.636460
71.365970 234.666286
71.382914 234.707802
71.397455 234.736787
71.405415 234.760509
71.415337 234.799171
71.428131 234.838899
71.439913 234.863675
71.451790 234.894916
71.464306 234.937420
71.475439 234.971999
71.489654 235.000435
71.501759 235.036477
71.514370 235.074545
71.527499 235.104660
71.538457 235.138132
71.553229 235.172104
71.565108 235.214432
71.578202 235.242145
71.593509 235.280174
71.610741 235.319653
71.626306 235.353613
71.634427 235.388420
71.647081 235.429444
71.667764 235.466286
71.685351 235.497444
71.704429 235.533016
71.710860 235.571544
71.725938 235.604771
71.739917 235.638754
71.759001 235.674695
71.787676 235.704768
71.803263 235.740206
71.808698 235.775791
71.823796 235.810312
71.846656 235.844166
71.863275 235.874229
71.874883 235.908801
71.894265 235.943444
71.915946 235.972510
71.923433 236.007327
71.942027 236.042351
71.959302 236.073884
71.974668 236.105074
71.986633 236.142413
72.006298 236.174650
72.026976 236.211122
72.041920 236.246015
72.054807 236.281307
72.070337 236.312865
72.087806 236.346797
72.098059 236.386377
72.109153 236.418369
72.124718 236.452329
72.139799 236.485741
72.151375 236.518096
72.166217 236.556871
72.179542 236.589570
72.194311 236.623356
72.208750 236.656223
72.222468 236.694091
72.238517 236.728598
72.253136 236.762941
72.266018 236.797863
72.280182 236.833691
72.290400 236.870870
72.305309 236.903361
72.321380 236.939346
72.334606 236.976112
72.345257 237.010328
72.358018 237.047839
72.368806 237.080575
72.385202 237.117110
72.398452 237.155538
72.413856 237.189315
72.428060 237.227914
72.442085 237.265038
72.458835 237.304154
72.473554 237.345333
72.487855 237.379681
72.503326 237.418077
72.520633 237.451826
72.536292 237.492252
72.550252 237.524942
72.565962 237.557976
72.578678 237.592346
72.595364 237.627029
72.610275 237.659704
72.622827 237.693708
72.637096 237.725839
72.648032 237.757833
72.659556 237.786677
72.673250 237.822882
72.687181 237.853539
72.696797 237.882042
72.708036 237.913108
72.721179 237.944146
72.734983 237.977022
72.745067 238.004964
72.760226 238.043734
72.770374 238.076109
72.781979 238.099594
72.795619 238.132103
72.807399 238.167596
72.816580 238.198877
72.825623 238.231638
72.838285 238.262314
72.851444 238.294460
72.864670 238.331226
72.876875 238.363202
72.890488 238.393864
72.900827 238.428454
72.923873 238.464153
72.941202 238.499380
72.945108 238.538868
72.960256 238.576899
72.978310 238.607497
72.991706 238.644999
73.002096 238.683099
73.020562 238.720158
73.036328 238.757072
73.043331 238.791341
73.055114 238.827019
73.072458 238.863355
73.083432 238.897936
73.091327 238.928126
73.105274 238.959892
73.117962 238.992415
73.127487 239.025539
73.144751 239.056332
73.154652 239.082613
73.157192 239.115469
73.168738 239.145791
73.188061 239.176370
73.195779 239.205270
73.200876 239.239382
73.212562 239.268409
73.222863 239.300412
73.230947 239.332633
73.240662 239.367971
73.252047 239.398111
73.258639 239.425919
73.265929 239.458151
73.272905 239.490572
73.278865 239.518574
73.288358 239.549480
73.296909 239.581140
73.303716 239.612825
73.310681 239.644507
73.317466 239.674714
73.328389 239.705785
73.334279 239.739885
73.337940 239.773464
73.343680 239.808121
73.350830 239.841649
73.358352 239.878867
73.364395 239.912596
73.373175 239.949056
73.379218 239.982785
73.382961 240.021906
73.381808 240.062577
73.393983 240.092520
73.403375 240.127494
73.408811 240.163079
73.415733 240.202708
73.417252 240.241677
73.419360 240.277496
73.434291 240.311465
73.444837 240.349378
73.441917 240.388596
73.449445 240.426184
73.460765 240.462792
73.463843 240.499890
73.473112 240.537268
73.486166 240.573112
73.492882 240.609418
73.501221 240.648287
73.509218 240.685499
73.524955 240.720380
73.532439 240.755011
73.534765 240.794892
73.544107 240.826355
73.560491 240.862151
73.568629 240.898067
73.575180 240.934006
73.583457 240.968626
73.595331 240.999682
73.607896 241.034610
73.616528 241.071812
73.625241 241.103654
73.633354 241.137907
73.644311 241.171379
73.655615 241.206879
73.663454 241.244093
73.670936 241.278540
73.685861 241.312139
73.699937 241.352773
73.708074 241.388688
73.717795 241.424396
73.730255 241.463021
73.741245 241.498710
73.758431 241.535049
73.773888 241.572521
73.780953 241.611039
73.795453 241.648156
73.808322 241.682155
73.823258 241.716493
73.845796 241.749982
73.862493 241.785403
73.867030 241.824698
73.880103 241.861835
73.904222 241.894931
73.919147 241.928531
73.924484 241.968183
73.938855 242.007334
73.963407 242.037467
73.979786 242.072893
73.983687 242.112012
73.993050 242.144953
74.012123 242.180155
74.027516 242.213194
74.037406 242.249638
74.059442 242.281286
74.067872 242.315534
74.071313 242.355769
74.088279 242.387860
74.105209 242.417550
74.118277 242.454318
74.121342 242.490492
74.134705 242.525777
74.148463 242.555513
74.159257 242.588618
74.168830 242.625067
74.176787 242.659507
74.185188 242.691723
74.199336 242.726443
74.207734 242.758474
74.217893 242.791589
74.224313 242.829377
74.233974 242.861020
74.242198 242.891946
74.249972 242.924725
74.259386 242.961177
74.262588 242.995871
74.272564 243.027324
74.286368 243.060201
74.292713 243.092817
74.293557 243.129023
74.303528 243.160108
74.311923 243.191954
74.313375 243.226304
74.323200 243.258315
74.334445 243.289750
74.338556 243.321474
74.346965 243.354245
74.356785 243.385886
74.366804 243.420296
74.369035 243.453710
74.364960 243.489804
74.380033 243.522662
74.393415 243.559240
74.396631 243.594858
74.401246 243.628607
74.415693 243.662029
74.423164 243.695737
74.428097 243.729482
74.441081 243.760522
74.451081 243.793639
74.460974 243.830268
74.471937 243.864110
74.484128 243.895162
74.494260 243.926429
74.497752 243.959271
74.509295 243.989409
74.524030 244.020793
74.534850 244.055746
74.543084 244.087410
74.556504 244.115673
74.567426 244.146743
74.577093 244.178756
74.591161 244.207933
74.602105 244.240482
74.612465 244.276550
74.623697 244.307061
74.636971 244.336250
74.653340 244.370937
74.664964 244.406617
74.675867 244.436395
74.689357 244.469461
74.711207 244.499263
74.725673 244.533978
74.733977 244.570446
74.750617 244.601988
74.771873 244.634571
74.785061 244.668750
74.798126 244.705333
74.822517 244.735284
74.843958 244.769712
74.852716 244.804695
74.870494 244.838068
74.892887 244.872483
74.905089 244.904274
74.916559 244.940326
74.930229 244.974868
74.960493 245.005102
74.981999 245.043965
74.989188 245.080079
75.006648 245.113457
75.030302 245.147299
75.046694 245.183649
75.059413 245.218204
75.074741 245.257711
75.091709 245.289987
75.108331 245.320236
75.132466 245.354440
75.150377 245.386148
75.155329 245.421186
75.170727 245.454594
75.195798 245.487676
75.212823 245.523832
75.217758 245.557762
75.235001 245.597980
75.252329 245.633207
75.270131 245.668243
75.290330 245.704538
75.302161 245.743541
75.312086 245.782388
75.329406 245.817061
75.348789 245.851704
75.362835 245.890306
75.369434 245.929570
75.380983 245.970980
75.400253 246.008766
75.414729 246.044220
75.429420 246.083551
75.440619 246.122749
75.452139 246.162126
75.466531 246.202755
75.480819 246.236179
75.493887 246.272947
75.507377 246.316916
75.519415 246.359242
75.532649 246.396562
75.546536 246.435166
75.557263 246.474555
75.570228 246.515205
75.579701 246.555721
75.589766 246.593272
75.600186 246.633404
75.614867 246.671997
75.626746 246.703423
75.639690 246.742595
75.648712 246.784781
75.658634 246.823442
75.664774 246.863822
75.678342 246.902246
75.691259 246.939570
75.702135 246.978402
75.707657 247.019900
75.719370 247.061677
75.730295 247.103835
75.739319 247.146205
75.756204 247.183657
75.766132 247.222688
75.778477 247.264271
75.786971 247.302953
75.798168 247.341966
75.807956 247.382292
75.820088 247.420183
75.833814 247.458604
75.842659 247.499499
75.851796 247.538726
75.863611 247.576621
75.879539 247.613717
75.888066 247.654616
75.893580 247.695559
75.904610 247.734020
75.924059 247.773282
75.936409 247.815235
75.945581 247.856864
75.958555 247.898068
75.972114 247.935937
75.985222 247.975477
75.999263 248.013709
76.012634 248.060451
76.023175 248.097995
76.040275 248.139324
76.055853 248.174207
76.071200 248.215007
76.084021 248.256583
76.097438 248.295563
76.114500 248.334306
76.136807 248.373711
76.158477 248.412941
76.169399 248.454914
76.183833 248.498315
76.198828 248.536718
76.217008 248.575998
76.233444 248.615304
76.257964 248.654123
76.271061 248.692923
76.278964 248.734571
76.304761 248.773925
76.322105 248.810261
76.335536 248.850165
76.349144 248.891360
76.371757 248.930022
76.381083 248.971279
76.392924 249.011021
76.414239 249.047669
76.425412 249.085019
76.436020 249.127182
76.443915 249.168275
76.469547 249.207262
76.487940 249.239333
76.495742 249.284863
76.507954 249.328295
76.522122 249.364308
76.538246 249.403988
76.548805 249.442825
76.561273 249.482004
76.578145 249.518532
76.586822 249.558875
76.605334 249.599074
76.621573 249.635796
76.629746 249.674114
76.640168 249.714431
76.655964 249.753377
76.666787 249.788514
76.677631 249.825130
76.682511 249.866082
76.693533 249.903988
76.703842 249.936546
76.717117 249.976637
76.726668 250.011609
76.733383 250.047915
76.739945 250.084592
76.751451 250.123046
76.763355 250.156135
76.769086 250.190238
76.779589 250.225195
76.783342 250.265055
76.786528 250.298641
76.800635 250.330589
76.808122 250.365405
76.811198 250.402319
76.819636 250.437121
76.833749 250.469439
76.844433 250.505872
76.840244 250.545108
76.843782 250.581091
76.861600 250.617235
76.870063 250.653701
76.873133 250.690245
76.880318 250.726174
76.889851 250.759852
76.891943 250.794562
76.904999 250.830591
76.915473 250.863516
76.921035 250.896882
76.927091 250.931535
76.938721 250.967584
76.948869 250.999960
76.953278 251.030386
76.965058 251.065879
76.974752 251.099739
76.980308 251.132736
76.994895 251.164862
77.006779 251.196658
77.015793 251.227387
77.025766 251.258656
77.036221 251.290288
77.046988 251.321545
77.059160 251.351304
77.066243 251.380213
77.077513 251.413311
77.088752 251.444377
77.102021 251.473196
77.115161 251.504050
77.122912 251.535167
77.132321 251.571249
77.143716 251.602128
77.153966 251.630621
77.165485 251.659096
77.180034 251.688635
77.191908 251.719692
77.197656 251.754903
77.205855 251.784166
77.225987 251.815841
77.239157 251.848727
77.248036 251.881121
77.268639 251.912420
77.281317 251.944205
77.284053 251.979645
77.297234 252.013269
77.312608 252.045014
77.323882 252.078482
77.334052 252.112336
77.356891 252.144711
77.361206 252.179574
77.369007 252.214201
77.384059 252.245581
77.401401 252.281732
77.408108 252.317484
77.414990 252.354342
77.424834 252.387645
77.436488 252.425358
77.446319 252.457738
77.461572 252.492072
77.475733 252.527715
77.479228 252.560742
77.488952 252.596634
77.504995 252.630772
77.514380 252.665191
77.518509 252.698208
77.526929 252.731718
77.540139 252.767375
77.552808 252.798605
77.561989 252.829885
77.571209 252.863937
77.581231 252.898532
77.592479 252.930152
77.598159 252.960745
77.605807 252.995744
77.615286 253.025727
77.623219 253.058504
77.631308 253.091094
77.640150 253.120901
77.647736 253.151651
77.653414 253.182059
77.665341 253.216811
77.672374 253.242209
77.678213 253.272799
77.686493 253.307604
77.695375 253.340183
77.701528 253.370584
77.708695 253.405220
77.718572 253.440741
77.724093 253.471336
77.727755 253.504914
77.734927 253.539920
77.743987 253.573790
77.748135 253.608100
77.750984 253.640397
77.758304 253.674662
77.766595 253.710206
77.774867 253.744456
77.779173 253.778764
77.788741 253.814844
77.797523 253.851490
77.802865 253.891511
77.810024 253.925593
77.817857 253.962437
77.824602 254.000776
77.831460 254.035971
77.841167 254.070755
77.850598 254.108315
77.856679 254.144630
77.863988 254.178156
77.869609 254.215586
77.881373 254.249971
77.887247 254.282963
77.896492 254.318678
77.904473 254.354780
77.909836 254.385377
77.919998 254.418677
77.928622 254.455324
77.934622 254.486097
77.940948 254.517419
77.947765 254.549843
77.957980 254.586837
77.965400 254.617035
77.969156 254.646177
77.977758 254.681347
77.987772 254.715388
77.992183 254.745999
78.000487 254.782466
78.006495 254.813793
78.014875 254.844531
78.022813 254.877678
78.033279 254.910049
78.041808 254.940230
78.046682 254.969910
78.056355 255.002293
78.065239 255.035056
78.072328 255.064335
78.077137 255.100484
78.094573 255.132199
78.102662 255.164789
78.096996 255.200536
78.106345 255.232553
78.121469 255.268922
78.129104 255.302997
78.135311 255.337093
78.146481 255.374258
78.154207 255.414614
78.154565 255.450089
78.165880 255.486328
78.180592 255.527137
78.178907 255.563935
78.190042 255.598698
78.200295 255.638279
78.202074 255.684266
78.206088 255.720242
78.213943 255.758564
78.222742 255.796318
78.231057 255.833524
78.234326 255.872837
78.238364 255.910476
78.248598 255.948763
78.255009 255.985997
78.261671 256.018608
78.272348 256.054672
78.277833 256.093583
78.284056 256.128787
78.289838 256.166400
78.297331 256.201586
78.305441 256.235654
78.310694 256.269579
78.317557 256.305144
78.322323 256.338337
78.328334 256.369849
78.332996 256.406739
78.336077 256.444022
78.343494 256.474034
78.350306 256.506089
78.353534 256.542630
78.352142 256.577761
78.348529 256.612924
78.363003 256.648193
78.368299 256.685074
78.365960 256.720587
78.368699 256.756212
78.373820 256.791987
78.384660 256.828233
78.377122 256.866225
78.375638 256.905976
78.386332 256.943148
78.394141 256.978329
78.391730 257.019758
78.393725 257.058719
78.404760 257.097549
78.414505 257.134920
78.420933 257.173263
78.425777 257.211814
78.430444 257.249073
78.433503 257.284878
78.439823 257.326734
78.453676 257.362936
78.457872 257.400572
78.463822 257.438737
78.472497 257.478895
78.475792 257.520055
78.476201 257.559040
78.479804 257.599457
78.492540 257.635305
78.498127 257.670334
78.504288 257.712192
78.512439 257.749031
78.523687 257.780652
78.525883 257.822567
78.534620 257.856072
78.543222 257.880339
78.551720 257.919206
78.559881 257.956784
78.572140 257.992455
78.586070 258.023113
78.593318 258.063291
78.601557 258.095325
78.611111 258.130481
78.623117 258.170591
78.639343 258.206389
78.652320 258.236875
78.665640 258.269204
78.672721 258.308831
78.679525 258.340331
78.687794 258.374397
78.702743 258.409659
78.714351 258.444231
78.723055 258.475519
78.739171 258.514644
78.750545 258.554948
78.763304 258.592275
78.780716 258.622327
78.797934 258.660882
78.819561 258.697156
78.839333 258.736783
78.845177 258.778645
78.860790 258.815931
78.886342 258.849375
78.901657 258.887958
78.915533 258.925823
78.937507 258.964125
78.961182 258.999445
78.975602 259.041921
78.993713 259.076398
79.010412 259.112005
79.027206 259.154077
79.039319 259.190674
79.051147 259.229493
79.065768 259.264021
79.086624 259.301784
79.110909 259.335432
79.130157 259.371740
79.135391 259.415275
79.144961 259.451539
79.173475 259.481430
79.188266 259.516694
79.200785 259.559383
79.221909 259.593816
79.236348 259.626684
79.244152 259.661496
79.259744 259.697303
79.280228 259.731376
79.293132 259.767776
79.303221 259.806990
79.324880 259.845481
79.339791 259.878156
79.351507 259.920118
79.362096 259.960987
79.381750 260.003388
79.395242 260.036639
79.406221 260.082492
79.420208 260.127931
79.430633 260.168433
79.443569 260.207051
79.452432 260.249239
79.466201 260.290617
79.478658 260.329056
79.491328 260.371189
79.503017 260.411303
79.512821 260.452738
79.527345 260.491518
79.537520 260.536643
79.547176 260.578820
79.561846 260.616673
79.574836 260.658986
79.586105 260.702987
79.591390 260.739129
79.599277 260.779668
79.611485 260.822731
79.619542 260.864007
79.626652 260.905666
79.634577 260.948792
79.640577 260.990467
79.645948 261.032521
79.648121 261.072774
79.660919 261.112872
79.671947 261.151148
79.679326 261.189477
79.684536 261.231348
79.691256 261.268024
79.694068 261.308637
79.704824 261.350058
79.715257 261.391114
79.724282 261.433485
79.731382 261.474405
79.743067 261.514334
79.755880 261.555356
79.757571 261.595246
79.756318 261.639984
79.769587 261.679705
79.788214 261.716947
79.791682 261.759028
79.798491 261.801801
79.811586 261.840416
79.823573 261.879232
79.831613 261.919400
79.839482 261.958645
79.846450 262.001415
79.860829 262.041121
79.873617 262.080480
79.885010 262.122077
79.892712 262.160771
79.904766 262.204206
79.915928 262.240817
79.930312 262.280891
79.941092 262.323976
79.950955 262.358573
79.960273 262.399276
79.973319 262.434566
79.985929 262.472634
79.996578 262.506665
80.001892 262.544839
80.015570 262.579935
80.028931 262.615036
80.042461 262.650873
80.059638 262.686657
80.067948 262.723494
80.072136 262.760576
80.085854 262.798443
80.102841 262.832012
80.116076 262.869332
80.128831 262.906474
80.148743 262.944806
80.155759 262.979999
80.163674 263.022385
80.183542 263.057761
80.191298 263.089247
80.198376 263.128689
80.201470 263.166896
80.222772 263.202620
80.238490 263.236208
80.243058 263.277534
80.250421 263.314755
80.262561 263.353199
80.276900 263.390133
80.280951 263.428695
80.285494 263.468359
80.298804 263.510852
80.308836 263.546186
80.317632 263.583755
80.329369 263.627195
80.333098 263.665392
80.345991 263.701054
80.356827 263.737115
80.365967 263.776527
80.375395 263.813902
80.378425 263.847675
80.386917 263.886173
80.387976 263.926257
80.393600 263.963872
80.407388 263.995640
80.413786 264.031951
80.416396 264.069610
80.419456 264.105415
80.424069 264.138979
80.423015 264.175583
80.430975 264.210208
80.446723 264.245828
80.449943 264.281815
80.451696 264.315052
80.464293 264.341294
80.478753 264.375639
80.489657 264.405417
80.491850 264.436245
80.489974 264.470828
80.487106 264.502653
80.498827 264.534082
80.507082 264.567224
80.504590 264.603110
80.494862 264.643166
80.505187 264.676832
80.517631 264.714348
80.523728 264.751772
80.530874 264.784930
80.536949 264.820876
80.547291 264.855651
80.551006 264.892925
80.557396 264.928681
80.571249 264.964883
80.586069 265.002180
80.591835 265.038684
80.602731 265.078810
80.618831 265.116827
80.630455 265.152508
80.640624 265.186361
80.651657 265.225006
80.667292 265.263770
80.679225 265.298891
80.689034 265.329793
80.700120 265.372133
80.711304 265.410222
80.722105 265.443882
80.735925 265.477867
80.752474 265.514030
80.774523 265.546601
80.788053 265.582439
80.793529 265.620795
80.810172 265.652522
80.831750 265.685470
80.843933 265.715968
80.861369 265.747683
80.879791 265.781786
80.891424 265.818020
80.908389 265.850112
80.931072 265.882674
80.942728 265.920571
80.945987 265.959145
80.958396 265.994260
80.976254 266.033175
80.991840 266.068613
81.008190 266.102007
81.027241 266.135731
81.038008 266.177891
81.048207 266.213777
81.072189 266.248353
81.086891 266.288424
81.094144 266.328972
81.102805 266.368206
81.114945 266.406651
81.127709 266.444347
81.140365 266.485556
81.158944 266.519472
81.182339 266.557383
81.189152 266.600340
81.197023 266.639770
81.214230 266.677587
81.230217 266.718747
81.235250 266.759328
81.239669 266.801396
81.258097 266.835868
81.269896 266.872654
81.283616 266.910706
81.303042 266.948306
81.304765 266.990413
81.313894 267.029086
81.330024 267.069135
81.345384 267.110859
81.349677 267.155147
81.348417 267.199330
81.362355 267.241444
81.370393 267.281426
81.380052 267.323788
81.380697 267.368128
81.385687 267.416655
81.394217 267.457739
81.397515 267.499084
81.395744 267.540873
81.397319 267.583721
81.402070 267.626708
81.414600 267.670136
81.411083 267.711950
81.413602 267.754230
81.419116 267.795174
81.424657 267.837964
81.430824 267.880192
81.429679 267.921417
81.436679 267.966404
81.434628 268.010783
81.430483 268.052976
81.433703 268.099866
81.437838 268.144155
81.435776 268.187796
81.436868 268.230097
81.444779 268.272299
81.452320 268.310810
81.452169 268.354977
81.450758 268.399717
81.453060 268.437935
81.447678 268.482363
81.460595 268.519687
81.465313 268.560457
81.459240 268.601015
81.454178 268.645623
81.464883 268.683534
81.475598 268.722184
81.481940 268.765518
81.481099 268.805814
81.488252 268.850429
81.497906 268.892421
81.512761 268.932119
81.517038 268.975298
81.514850 269.021158
81.511646 269.062598
81.527340 269.105425
81.538439 269.148690
81.540429 269.198185
81.547088 269.241513
81.563166 269.288955
81.573865 269.337399
81.583438 269.384751
81.596057 269.434276
81.603022 269.487764
81.608313 269.535178
81.626407 269.579449
81.642233 269.631330
81.653766 269.682534
81.666349 269.729657
81.681205 269.780258
81.704321 269.831663
81.720391 269.878551
81.731916 269.929200
81.752220 269.983603
81.775285 270.031497
81.796885 270.076826
81.817388 270.123095
81.835034 270.169221
81.858730 270.216921
81.890296 270.260257
81.917538 270.311787
81.935512 270.358647
81.962039 270.404643
81.991325 270.454849
82.012868 270.507201
82.032605 270.555329
82.063775 270.604214
82.089010 270.659469
82.116742 270.711915
82.151280 270.763339
82.177942 270.818573
82.205805 270.880072
82.234352 270.933985
82.269414 270.988727
82.302679 271.050702
82.335389 271.107326
82.364812 271.166955
82.395837 271.227669
82.428305 271.289471
82.453152 271.350829
82.479379 271.408841
82.505388 271.473694
82.529283 271.535066
82.556800 271.594537
82.583728 271.657159
82.615514 271.715645
82.654899 271.773096
82.678448 271.832440
82.699489 271.893854
82.736387 271.954852
82.765834 272.016144
82.786569 272.078301
82.811129 272.141696
82.842764 272.200738
82.867917 272.261353
82.885189 272.325409
82.901892 272.393908
82.923360 272.462892
82.939242 272.518652
82.961622 272.584851
82.982888 272.650881
83.008459 272.707424
83.012322 272.765762
83.025545 272.835051
83.049102 272.894949
83.067923 272.945493
83.075012 273.007479
83.083609 273.074987
83.099768 273.127972
83.115873 273.188164
83.122285 273.247203
83.120866 273.313194
83.119914 273.367721
83.125299 273.421602
83.127374 273.477009
83.120202 273.529224
83.122305 273.575576
83.120657 273.625863
83.111291 273.669055
83.110160 273.711204
83.106012 273.753212
83.099791 273.794510
83.093353 273.831747
83.087988 273.866381
83.081154 273.898264
83.074294 273.928300
83.066310 273.957428
83.065275 273.984423
83.061990 274.009417
83.052001 274.031553
83.048143 274.049903
83.044576 274.066401
83.043705 274.082860
83.039477 274.097520
83.037127 274.110490
83.033111 274.117940
83.030219 274.126298
83.030611 274.131466
83.028888 274.132969
83.028638 274.137593
83.027971 274.135385
83.030004 274.133323
83.029660 274.131480
83.028651 274.127614
83.029410 274.125201
83.029848 274.122607
83.033423 274.117566
83.032764 274.115912
83.032888 274.113508
83.035224 274.110518
83.036450 274.107543
83.038001 274.105118
83.037821 274.103642
83.039047 274.100668
83.038555 274.099566
83.042488 274.097292
83.039939 274.096590
83.041824 274.095269
83.040383 274.094366
83.041662 274.095086
83.042283 274.094153
83.041797 274.093421
83.040052 274.093447
83.041004 274.093433
83.038004 274.094400
83.038947 274.093832
83.036697 274.091832
83.038299 274.092918
83.041318 274.093243
83.039076 274.091798
83.036864 274.092384
83.039248 274.092719
83.041617 274.091945
83.041439 274.090654
83.041928 274.091571
83.042883 274.091742
83.043187 274.090814
83.041149 274.092507
83.042713 274.091006
83.041762 274.091019
83.040966 274.090846
83.038146 274.093289
83.038108 274.090703
83.036858 274.092015
83.037988 274.093292
83.037160 274.090902
83.038138 274.092735
83.037660 274.092557
83.039095 274.093091
83.037017 274.092012
83.042122 274.093971
83.039899 274.093818
83.041321 274.093428
83.041170 274.093985
83.040845 274.093435
83.042270 274.093229
83.041028 274.095095
83.040049 274.093262
83.040850 274.093805
83.039732 274.093266
83.039893 274.093449
83.041942 274.092495
83.040041 274.092708
83.038149 274.093474
83.036079 274.092950
83.036380 274.091837
83.038152 274.093659
83.035270 274.091853
83.035280 274.092592
83.037170 274.091641
83.038934 274.092908
83.037020 274.092197
83.037326 274.091454
83.037318 274.090899
83.036676 274.090354
83.038423 274.090514
83.040512 274.092331
83.037818 274.092555
83.039262 274.093643
83.039552 274.091791
83.040504 274.091777
83.037778 274.089784
83.036694 274.091648
83.038420 274.090329
83.037606 274.088862
83.037791 274.090708
83.037778 274.089784
83.037488 274.091636
83.038256 274.089962
83.037154 274.090532
83.037474 274.090712
83.039402 274.092347
83.040686 274.093437
83.038743 274.090694
83.039109 274.094015
83.040509 274.092146
83.040514 274.092516
83.039100 274.093460
83.039092 274.092906
83.039254 274.093089
83.040348 274.091964
83.038281 274.091624
83.038281 274.091624
83.040520 274.092885
83.041453 274.091578
83.039869 274.091786
83.037334 274.092008
83.038931 274.092724
83.040025 274.091599
83.039566 274.092714
83.038431 274.091068
83.040383 274.094366
83.040813 274.091218
83.040068 274.094555
83.039246 274.092534
83.041334 274.094352
83.039735 274.093451
83.039254 274.093089
83.040539 274.094179
83.040203 274.092890
83.039227 274.091241
83.039383 274.091054
83.039375 274.090500
83.041461 274.092133
83.039713 274.091973
83.040192 274.092151
83.039082 274.092167
83.039525 274.089943
83.038904 274.090876
83.040055 274.093631
83.038592 274.091250
83.039087 274.092537
83.039703 274.091234
