5.235255 65.307853
5.239494 65.304835
5.240553 65.301308
5.238774 65.298932
5.243927 65.293313
5.242158 65.291676
5.244470 65.287022
5.248040 65.281611
5.250029 65.276593
5.247416 65.271457
5.251183 65.268630
5.253532 65.266563
5.256150 65.261166
5.253578 65.258802
5.256242 65.256545
5.261280 65.253885
5.257548 65.248211
5.258330 65.247460
5.259072 65.243938
5.261242 65.240396
5.262661 65.239821
5.258508 65.237849
5.263427 65.237962
5.265137 65.235535
5.262572 65.233724
5.263056 65.234271
5.263960 65.230932
5.265247 65.232207
5.266132 65.227574
5.261191 65.225983
5.264989 65.225373
5.266212 65.222214
5.266704 65.223316
5.263648 65.220403
5.265712 65.220558
5.267277 65.219057
5.264535 65.215956
5.267215 65.214808
5.272720 65.211586
5.270949 65.209764
5.269960 65.207191
5.270868 65.204221
5.270699 65.203485
5.275723 65.199901
5.275892 65.200637
5.277726 65.195806
5.279750 65.193190
5.276406 65.192314
5.284304 65.189982
5.282540 65.188714
5.283578 65.183710
5.281648 65.181890
5.285893 65.179241
5.288135 65.180687
5.289323 65.175126
5.290065 65.171604
5.288145 65.170523
5.286519 65.167775
5.290118 65.164396
5.292344 65.164733
5.291242 65.165304
5.292726 65.158260
5.292207 65.155311
5.299087 65.159276
5.293129 65.153265
5.296097 65.150080
5.300643 65.146318
5.299675 65.145224
5.303939 65.143868
5.304385 65.141829
5.305745 65.137189
5.303041 65.136674
5.308509 65.130866
5.307511 65.127739
5.308786 65.128090
5.304640 65.126672
5.309670 65.123458
5.309578 65.117176
5.316821 65.113375
5.313632 65.112312
5.316592 65.108574
5.314046 65.108056
5.314323 65.105280
5.321759 65.103879
5.316157 65.100449
5.317904 65.100608
5.318861 65.100964
5.318643 65.096902
5.317998 65.096172
5.320353 65.094475
5.320624 65.091329
5.325982 65.088849
5.324038 65.086105
5.324369 65.087025
5.324799 65.083877
5.325595 65.084050
5.327305 65.081623
5.330829 65.083974
5.332246 65.083214
5.334437 65.081150
5.333609 65.078759
5.334509 65.075235
5.337676 65.074819
5.340832 65.073665
5.338356 65.067048
5.339157 65.067591
5.341165 65.063866
5.343203 65.062173
5.340789 65.059806
5.339961 65.057416
5.342127 65.053689
5.343689 65.052003
5.347759 65.048248
5.345313 65.043664
5.347821 65.041594
5.345396 65.038488
5.349972 65.036758
5.349289 65.033442
5.350383 65.032317
5.348625 65.031419
5.351093 65.026579
5.349638 65.024752
5.351821 65.022133
5.350219 65.021048
5.351775 65.018992
5.353485 65.016565
5.353130 65.013983
5.354496 65.009713
5.353517 65.007880
5.354963 64.998249
5.356507 64.995270
5.359039 64.994864
5.357878 64.991370
5.360378 64.988746
5.359418 64.988206
5.361595 64.985217
5.362348 64.982435
5.361913 64.985213
5.365655 64.980723
5.364837 64.979072
5.364200 64.978897
5.368894 64.974393
5.368695 64.971624
5.368999 64.970696
5.370216 64.967167
5.373518 64.965087
5.375069 64.962662
5.371399 64.961237
5.377222 64.958011
5.373730 64.957877
5.377472 64.953387
5.378493 64.947274
5.380985 64.944096
5.378856 64.939508
5.383628 64.940362
5.382069 64.942233
5.382805 64.938341
5.385225 64.941078
5.383112 64.937598
5.384510 64.935545
5.386569 64.935330
5.386064 64.933305
5.390435 64.928437
5.387601 64.929956
5.392574 64.922862
5.391951 64.923610
5.394123 64.920252
5.391386 64.917520
5.393607 64.917488
5.395169 64.915802
5.394322 64.912118
5.396631 64.907280
5.396480 64.907837
5.399454 64.905022
5.399604 64.904465
5.398405 64.898384
5.396357 64.899338
5.399488 64.896521
5.399927 64.893927
5.404182 64.892017
5.403222 64.891477
5.402531 64.887606
5.402999 64.887045
5.407389 64.883470
5.410983 64.879722
5.407663 64.880510
5.409975 64.875856
5.411373 64.873803
5.410360 64.869568
5.414257 64.864891
5.412835 64.865282
5.414516 64.860822
5.417053 64.860785
5.419561 64.858716
5.417954 64.857261
5.418088 64.855596
5.422734 64.858670
5.425398 64.856414
5.427123 64.855095
5.422984 64.854046
5.428532 64.853781
5.426419 64.850301
5.427981 64.848615
5.429849 64.846185
5.429352 64.844714
5.431559 64.843758
5.430040 64.837497
5.434817 64.838721
5.432107 64.837837
5.437070 64.830003
5.438790 64.828315
5.440667 64.826440
5.443484 64.823812
5.438529 64.821297
5.441376 64.820701
5.444793 64.815662
5.447766 64.812847
5.446126 64.809175
5.448635 64.807106
5.449522 64.802658
5.451215 64.799122
5.453409 64.797242
5.455401 64.792409
5.459885 64.784398
5.461586 64.781416
5.468374 64.779100
5.470312 64.770571
5.470576 64.766872
5.477627 64.760856
5.480216 64.753426
5.482477 64.745263
5.485565 64.739489
5.491536 64.735522
5.490256 64.723899
5.492606 64.721832
5.496340 64.705885
5.494439 64.695195
5.497971 64.687198
5.500654 64.675332
5.503393 64.667346
5.506272 64.658065
5.506297 64.648825
5.511767 64.643202
5.511170 64.634895
5.516302 64.627798
5.517428 64.617988
5.519531 64.609826
5.516219 64.611168
5.518291 64.600974
5.525428 64.589968
5.527090 64.584215
5.527996 64.581060
5.529437 64.571061
5.537536 64.560779
5.541913 64.545378
5.546466 64.531268
5.556848 64.514301
5.560147 64.490230
5.560547 64.474147
5.571606 64.460127
5.579894 64.440973
5.585314 64.420937
5.592905 64.397542
5.600370 64.376368
5.607790 64.362955
5.623860 64.333524
5.628892 64.319591
5.634094 64.295493
5.643917 64.272805
5.654570 64.252693
5.666339 64.232934
5.672686 64.211221
5.673933 64.187919
5.680855 64.173035
5.698934 64.150782
5.706834 64.126829
5.720536 64.109074
5.706656 64.081927
5.724474 64.063559
5.731324 64.043686
5.736122 64.024583
5.740351 64.009923
5.744851 63.992118
5.746415 63.979714
5.759649 63.962520
5.760418 63.949944
5.767784 63.943738
5.773386 63.936265
5.779456 63.928231
5.780115 63.918982
5.781784 63.913783
5.792682 63.910483
5.794844 63.906386
5.798239 63.899869
5.800693 63.894105
5.802669 63.888163
5.805857 63.878322
5.808328 63.873667
5.817226 63.874646
5.814822 63.862115
5.816070 63.860619
5.816129 63.853781
5.823804 63.847016
5.828973 63.842506
5.823844 63.838885
5.827360 63.829779
5.828204 63.822375
5.835543 63.814322
5.836979 63.793051
5.833779 63.780347
5.840129 63.769721
5.850567 63.756634
5.853952 63.738475
5.857600 63.727519
5.856858 63.720138
5.861573 63.706211
5.874872 63.693451
5.877412 63.682696
5.880385 63.679881
5.886235 63.667600
5.886302 63.661316
5.892208 63.652914
5.892106 63.645894
5.890721 63.637968
5.896963 63.630855
5.901923 63.622837
5.887495 63.623417
5.891643 63.614117
5.894576 63.608530
5.895291 63.603161
5.895847 63.597794
5.899732 63.592194
5.901237 63.586628
5.903702 63.581603
5.903780 63.576058
5.904272 63.566257
5.907092 63.563814
5.910167 63.557116
5.909557 63.547886
5.909576 63.538276
5.913264 63.530092
5.913675 63.525651
5.913734 63.518813
5.915699 63.512132
5.916554 63.505467
5.918148 63.495095
5.922544 63.491890
5.922665 63.489301
5.923471 63.479311
5.925947 63.475024
5.929380 63.471094
5.927452 63.469459
5.931514 63.465150
5.927640 63.460586
5.935224 63.458443
5.934052 63.454210
5.932264 63.451279
5.932514 63.446656
5.934372 63.443487
5.936909 63.443451
5.936065 63.439952
5.939971 63.435830
5.943568 63.432266
5.940385 63.431573
5.944046 63.421541
5.945573 63.417454
5.948788 63.409461
5.951396 63.403325
5.948186 63.400785
5.951869 63.392231
5.954775 63.384797
5.961031 63.378607
5.959509 63.372162
5.964178 63.365996
5.968614 63.354659
5.970267 63.348352
5.970453 63.339295
5.979681 63.330290
5.983179 63.319891
5.981119 63.309203
5.982735 63.300310
5.991993 63.293338
5.991098 63.286329
5.998206 63.273290
6.000292 63.264020
6.004149 63.256572
6.005321 63.249903
6.007743 63.241922
6.006829 63.233619
6.013209 63.225026
6.013407 63.216892
6.017362 63.205193
6.020867 63.195348
6.021222 63.187027
6.023131 63.176467
6.027276 63.166982
6.040042 63.150350
6.040047 63.139817
6.043687 63.128307
6.046870 63.118097
6.050980 63.106210
6.055413 63.094689
6.061182 63.087768
6.063612 63.080341
6.066768 63.068283
6.072196 63.059704
6.076037 63.051148
6.067454 63.039076
6.078142 63.032268
6.078376 63.026536
6.082510 63.016313
6.083196 63.008911
6.089258 63.000323
6.089798 62.993847
6.094212 62.981032
6.095873 62.975280
6.101796 62.967986
6.109801 62.951239
6.110683 62.946421
6.116605 62.939128
6.118105 62.933193
6.120516 62.924473
6.122156 62.917242
6.126460 62.907755
6.129051 62.900511
6.131812 62.894003
6.134030 62.882883
6.132304 62.873299
6.132578 62.870339
6.139358 62.856565
6.141444 62.847295
6.143210 62.837845
6.148449 62.827236
6.151422 62.813518
6.157086 62.799392
6.159589 62.786050
6.164581 62.769347
6.173366 62.751664
6.182084 62.729362
6.189439 62.711515
6.197571 62.692548
6.201633 62.677336
6.204786 62.654191
6.214517 62.636125
6.225883 62.610458
6.229794 62.584900
6.241956 62.559407
6.246582 62.539382
6.238248 62.522688
6.251687 62.497730
6.254504 62.473297
6.262090 62.449533
6.264243 62.423077
6.275902 62.395743
6.276641 62.381134
6.287031 62.342916
6.296219 62.320237
6.303093 62.291125
6.311770 62.266052
6.321373 62.250020
6.327870 62.227751
6.332894 62.213264
6.338115 62.190459
6.345687 62.176674
6.347728 62.153361
6.331891 62.133449
6.336039 62.113247
6.355531 62.100952
6.345117 62.082994
6.343872 62.062870
6.351883 62.046491
6.358047 62.034021
6.360402 62.021421
6.355998 62.002267
6.363106 61.989228
6.371851 61.979676
6.375442 61.964841
6.380343 61.952758
6.365874 61.939664
6.364947 61.930438
6.373713 61.922364
6.369358 61.906536
6.368624 61.888806
6.370928 61.872696
6.374661 61.856750
6.376984 61.831030
6.375634 61.814603
6.371459 61.789348
6.379728 61.768900
6.389008 61.752504
6.393139 61.731193
6.405839 61.709942
6.404371 61.685386
6.400886 61.664001
6.418452 61.650071
6.425269 61.627982
6.426403 61.596920
6.430129 61.580420
6.450570 61.557023
6.460197 61.542654
6.463705 61.522091
6.471820 61.502016
6.480240 61.481012
6.490498 61.466449
6.503821 61.444450
6.505499 61.428903
6.516786 61.408781
6.531021 61.394899
6.552744 61.372408
6.561070 61.355841
6.578191 61.344135
6.588592 61.328461
6.596705 61.308200
6.603694 61.287033
6.614111 61.272467
6.635451 61.256265
6.641631 61.244902
6.664626 61.233480
6.667917 61.219758
6.690665 61.202241
6.703482 61.189119
6.716184 61.178955
6.724279 61.168305
6.730233 61.152326
6.739475 61.144245
6.744908 61.136036
6.757900 61.124020
6.766237 61.119094
6.781659 61.121456
6.788375 61.114152
6.788684 61.102690
6.787522 61.088294
6.809687 61.085199
6.822768 61.068377
6.830029 61.054967
6.844639 61.045145
6.859799 61.029402
6.874842 61.005714
6.878170 61.005481
6.896974 60.978598
6.906012 60.956476
6.924668 60.941236
6.927037 60.929560
6.947462 60.905055
6.957610 60.893820
6.973065 60.876594
6.981159 60.865943
6.992313 60.847487
7.000076 60.835917
7.008735 60.831356
7.016988 60.820702
7.030448 60.808125
7.044766 60.799971
7.056968 60.788152
7.069304 60.785570
7.078495 60.773979
7.090528 60.772325
7.104950 60.749571
7.109375 60.748398
7.122424 60.740262
7.128465 60.730195
7.136330 60.725646
7.135311 60.721041
7.143449 60.713346
7.150844 60.709173
7.161535 60.713452
7.163439 60.702522
7.166396 60.698598
7.179125 60.690282
7.194907 60.684693
7.209325 60.672472
7.216583 60.658877
7.221043 60.649203
7.230610 60.641672
7.241573 60.631903
7.254339 60.615271
7.254686 60.606396
7.255809 60.596401
7.272127 60.583967
7.284445 60.590994
7.286337 60.579325
7.291821 60.563723
7.302408 60.549894
7.315685 60.535657
7.329473 60.523814
7.330236 60.499965
7.341599 60.485017
7.352078 60.474701
7.366522 60.453424
7.387442 60.441108
7.401321 60.424645
7.411077 60.408241
7.427846 60.383235
7.427005 60.369018
7.439164 60.354243
7.448196 60.331752
7.460110 60.311067
7.473562 60.297935
7.477759 60.281058
7.482366 60.259740
7.490571 60.245762
7.498103 60.229206
7.507466 60.207634
7.517015 60.187907
7.523095 60.169709
7.535429 60.145137
7.543168 60.121001
7.551717 60.097963
7.561023 60.072511
7.568798 60.050778
7.575386 60.023887
7.586163 60.001370
7.595306 59.975552
7.605414 59.950642
7.611333 59.921359
7.610322 59.895503
7.623236 59.867227
7.637567 59.838191
7.645204 59.807035
7.648919 59.778893
7.662790 59.750973
7.677113 59.721382
7.676387 59.693305
7.673040 59.659537
7.683088 59.630563
7.687629 59.604627
7.697841 59.576020
7.702347 59.547682
7.701741 59.517015
7.710599 59.493418
7.724761 59.463645
7.736253 59.435759
7.739508 59.408733
7.745011 59.383521
7.750301 59.354617
7.756320 59.321267
7.763231 59.294741
7.758161 59.262477
7.759902 59.229559
7.770962 59.204636
7.779655 59.180671
7.782819 59.147363
7.784582 59.115923
7.790383 59.089413
7.798107 59.064169
7.800644 59.031425
7.795558 58.998052
7.805582 58.978318
7.819149 58.951326
7.824942 58.924262
7.822421 58.892699
7.841348 58.863412
7.850187 58.838521
7.844603 58.803677
7.838283 58.772724
7.856628 58.746956
7.864423 58.715798
7.866652 58.672709
7.880593 58.638690
7.891762 58.610439
7.896130 58.572678
7.899840 58.544166
7.889605 58.505879
7.917399 58.475353
7.926542 58.438632
7.927506 58.406834
7.943332 58.371493
7.955362 58.336947
7.963289 58.303939
7.976123 58.270120
7.980749 58.239193
7.988475 58.203231
7.998254 58.166685
8.012220 58.134328
8.024193 58.106805
8.024620 58.070765
8.028934 58.040211
8.048411 58.015905
8.065180 57.979996
8.051133 57.941395
8.059515 57.906902
8.067668 57.878510
8.077483 57.844366
8.092118 57.814402
8.111696 57.786213
8.104800 57.748432
8.126438 57.709126
8.146567 57.686103
8.161033 57.666305
8.172251 57.630477
8.182272 57.599656
8.182963 57.570819
8.196122 57.537550
8.209493 57.507973
8.221155 57.480824
8.231399 57.454435
8.234316 57.425935
8.240230 57.396282
8.262591 57.363064
8.274268 57.337023
8.284895 57.304161
8.288370 57.270478
8.287074 57.225038
8.304018 57.201139
8.325621 57.170334
8.335325 57.139517
8.343161 57.111130
8.349943 57.075736
8.364877 57.044474
8.381366 57.011157
8.394673 56.977146
8.392724 56.941325
8.400033 56.909435
8.408535 56.872353
8.419017 56.840417
8.431057 56.806609
8.437576 56.774915
8.440759 56.742900
8.441643 56.716462
8.451621 56.682685
8.461006 56.651689
8.463334 56.615436
8.477463 56.583446
8.486312 56.548392
8.495154 56.512784
8.499955 56.482962
8.505180 56.449624
8.507352 56.413558
8.517269 56.386435
8.521030 56.350530
8.528653 56.318451
8.531395 56.288844
8.538180 56.253635
8.541054 56.222179
8.546696 56.195672
8.560656 56.162946
8.561599 56.129670
8.569368 56.096664
8.580433 56.061208
8.588621 56.035218
8.591822 56.004496
8.599992 55.977213
8.603365 55.936510
8.605959 55.907645
8.620142 55.879350
8.629207 55.848174
8.622886 55.817221
8.628268 55.783695
8.637341 55.753073
8.643518 55.719721
8.656282 55.692001
8.658209 55.660928
8.659142 55.626913
8.662322 55.594713
8.677561 55.562708
8.683580 55.529358
8.690117 55.498957
8.685313 55.474080
8.686275 55.442097
8.695776 55.408142
8.701956 55.374975
8.710980 55.341027
8.716700 55.308975
8.720985 55.276389
8.731493 55.246300
8.732923 55.213756
8.738442 55.178751
8.743557 55.148740
8.746563 55.115434
8.751810 55.083574
8.755877 55.046926
8.766097 55.018874
8.772068 54.993101
8.783436 54.956717
8.784019 54.920489
8.790627 54.894892
8.796656 54.862281
8.795514 54.827372
8.796193 54.797796
8.815355 54.773679
8.821465 54.746611
8.825022 54.718471
8.830874 54.684569
8.840277 54.654866
8.852433 54.629003
8.856839 54.604731
8.858965 54.576427
8.858032 54.534124
8.872890 54.508591
8.880624 54.473184
8.880844 54.444723
8.883906 54.415297
8.889511 54.386203
8.900368 54.358326
8.902486 54.329468
8.910675 54.303478
8.912704 54.279426
8.920387 54.251411
8.923013 54.224763
8.927070 54.198279
8.935002 54.165640
8.939338 54.136565
8.945131 54.109501
8.949537 54.085229
8.952163 54.058581
8.955110 54.032113
8.959730 54.000817
8.961440 53.976584
8.966093 53.947504
8.972865 53.911372
8.971975 53.882927
8.975356 53.853681
8.978886 53.823693
8.987206 53.795854
8.989614 53.765143
8.999009 53.745788
8.996358 53.716260
9.002606 53.687712
9.004280 53.661078
9.010509 53.631236
9.008199 53.603366
9.012879 53.576134
9.016774 53.549467
9.017336 53.522664
9.018642 53.492524
9.018115 53.467216
9.019593 53.437997
9.022472 53.406911
9.021502 53.383826
9.033833 53.359069
9.035483 53.330772
9.038900 53.303928
9.035380 53.280141
9.042219 53.248627
9.044066 53.222915
9.047797 53.195881
9.041079 53.170293
9.044699 53.146587
9.053764 53.115410
9.052506 53.083460
9.049145 53.059671
9.056323 53.029630
9.063406 53.004026
9.073823 52.978558
9.070917 52.953284
9.065736 52.924348
9.070771 52.899697
9.071040 52.874562
9.078580 52.847657
9.079822 52.823986
9.087101 52.800966
9.086572 52.775473
9.091262 52.748979
9.091440 52.728465
9.103598 52.702787
9.102265 52.676566
9.109668 52.651142
9.114746 52.629448
9.117195 52.601509
9.114211 52.581780
9.116560 52.557907
9.118676 52.528865
9.125917 52.503258
9.129533 52.479183
9.138525 52.453920
9.136253 52.428637
9.141931 52.404532
9.147398 52.376918
9.147930 52.348083
9.150223 52.320331
9.160156 52.294316
9.165686 52.270952
9.161102 52.239419
9.168438 52.209377
9.175527 52.184142
9.181675 52.159660
9.177075 52.127019
9.182731 52.101436
9.183803 52.077028
9.190929 52.043477
9.195720 52.012917
9.198174 51.985347
9.200556 51.963692
9.205572 51.937749
9.210491 51.905154
9.211265 51.882044
9.216488 51.859423
9.217501 51.830951
9.218802 51.811344
9.226512 51.785176
9.229149 51.759267
9.234681 51.736088
9.232880 51.710428
9.239143 51.693891
9.240748 51.673356
9.242756 51.647825
9.242600 51.626207
9.245694 51.598998
9.250326 51.579343
9.255191 51.553956
9.257554 51.531007
9.258212 51.510856
9.258172 51.486279
9.258451 51.461883
9.262629 51.443712
9.269476 51.423655
9.269489 51.402774
9.274064 51.379239
9.273714 51.355221
9.278510 51.335933
9.282322 51.314442
9.283749 51.292616
9.285010 51.270238
9.287034 51.245816
9.294144 51.222059
9.300642 51.199790
9.303319 51.176652
9.303875 51.149480
9.299638 51.119975
9.300211 51.093911
9.309052 51.069206
9.307079 51.042624
9.308759 51.016360
9.312447 50.986370
9.321121 50.961112
9.324070 50.934829
9.320965 50.906786
9.326099 50.878069
9.335855 50.850763
9.337027 50.822288
9.343255 50.792446
9.345177 50.761004
9.346992 50.743976
9.358089 50.710737
9.356951 50.676198
9.362110 50.649144
9.365319 50.618976
9.373577 50.586887
9.379306 50.566292
9.383206 50.539995
9.385470 50.510211
9.388851 50.480965
9.395924 50.454621
9.404867 50.426034
9.404278 50.396476
9.410682 50.367740
9.412644 50.339069
9.412232 50.310802
9.417523 50.281898
9.425047 50.253885
9.428313 50.227597
9.428530 50.198951
9.437047 50.173696
9.440920 50.145551
9.444369 50.120924
9.448434 50.094994
9.450406 50.067062
9.456734 50.044056
9.461829 50.023470
9.466920 49.991797
9.468479 49.968121
9.474810 49.945299
9.476481 49.918480
9.482137 49.892897
9.486567 49.870288
9.495366 49.842626
9.499124 49.817440
9.505111 49.792776
9.510551 49.763315
9.516541 49.738835
9.524431 49.714143
9.526532 49.684177
9.535334 49.656700
9.535710 49.628052
9.542911 49.599674
9.547745 49.572070
9.562519 49.540810
9.569791 49.517236
9.578259 49.488655
9.574941 49.456919
9.585960 49.429225
9.603823 49.403094
9.607173 49.371631
9.611286 49.338124
9.616390 49.307374
9.630528 49.275939
9.640617 49.249737
9.644743 49.217154
9.649686 49.186222
9.649431 49.157768
9.662396 49.122099
9.671493 49.093139
9.679810 49.065115
9.684103 49.033084
9.688027 48.997547
9.697347 48.962116
9.713275 48.933796
9.714428 48.904028
9.723509 48.863057
9.718103 48.829504
9.721325 48.800260
9.730250 48.759476
9.737409 48.728143
9.738492 48.693571
9.742962 48.662831
9.751860 48.631102
9.755602 48.593905
9.763548 48.562190
9.764443 48.536491
9.770771 48.502582
9.776489 48.470345
9.781201 48.434428
9.783795 48.405562
9.785096 48.375053
9.792276 48.345197
9.797335 48.311307
9.802426 48.279634
9.803442 48.251346
9.804590 48.221208
9.813966 48.189658
9.819235 48.159275
9.822138 48.129851
9.826125 48.098564
9.828772 48.073394
9.828925 48.040314
9.837347 48.008592
9.839759 47.978067
9.838863 47.949252
9.841395 47.916138
9.839570 47.888816
9.846933 47.860620
9.854258 47.829839
9.855424 47.800994
9.856698 47.768637
9.857932 47.733509
9.854773 47.701771
9.864620 47.669844
9.870633 47.636125
9.868383 47.601417
9.869541 47.561116
9.868683 47.523985
9.876006 47.493019
9.881377 47.458754
9.887721 47.425954
9.882382 47.386117
9.889317 47.350351
9.888155 47.314149
9.896223 47.279846
9.899064 47.246173
9.902908 47.215996
9.898843 47.176510
9.906389 47.139072
9.906921 47.110237
9.912993 47.069680
9.919310 47.035032
9.926463 47.003329
9.917629 46.963173
9.922535 46.929655
9.929686 46.897766
9.930777 46.863749
9.929943 46.828282
9.937553 46.795278
9.941986 46.761951
9.951346 46.729292
9.955094 46.692464
9.955618 46.663075
9.960841 46.629552
9.967706 46.599885
9.971951 46.564528
9.974026 46.532714
9.979773 46.502510
9.990378 46.468169
9.995295 46.435390
10.000370 46.402608
10.006633 46.375168
10.006738 46.338763
10.011316 46.304510
10.016963 46.278372
10.026165 46.245715
10.031238 46.212748
10.035367 46.180350
10.042988 46.148085
10.051665 46.112110
10.054262 46.072527
10.068748 46.043304
10.071270 46.009451
10.078369 45.974052
10.089713 45.936005
10.096316 45.910038
10.107770 45.868663
10.116789 45.834346
10.121485 45.797319
10.125369 45.759011
10.136275 45.723557
10.145458 45.689607
10.146993 45.653366
10.156022 45.619787
10.166117 45.583052
10.173845 45.547275
10.185227 45.511814
10.187896 45.477219
10.195469 45.441629
10.201969 45.397739
10.213431 45.367821
10.214439 45.328077
10.226638 45.294267
10.231684 45.259453
10.240711 45.225690
10.242095 45.190005
10.250358 45.158286
10.258813 45.128781
10.258202 45.086842
10.277673 45.062167
10.284934 45.026951
10.284412 45.002012
10.298025 44.967258
10.305178 44.935554
10.305350 44.903768
10.311417 44.873744
10.323146 44.840311
10.326684 44.810877
10.334651 44.780641
10.343014 44.744854
10.347487 44.714299
10.350200 44.682660
10.357950 44.648361
10.361689 44.610979
10.374705 44.578821
10.381372 44.546385
10.384893 44.515844
10.388202 44.481609
10.391436 44.453104
10.400608 44.418415
10.400444 44.385340
10.408022 44.350120
10.417532 44.316904
10.422941 44.285226
10.431479 44.250546
10.436957 44.212769
10.436459 44.178590
10.443691 44.141341
10.448271 44.107273
10.456795 44.071669
10.458239 44.040049
10.459905 44.001958
10.469997 43.965038
10.473389 43.936531
10.480448 43.909264
10.482101 43.870249
10.488184 43.841333
10.490136 43.811923
10.492329 43.777335
10.499808 43.746182
10.500541 43.709398
10.503286 43.679976
10.503178 43.650781
10.519595 43.623378
10.524988 43.590591
10.515275 43.555438
10.520210 43.523952
10.532396 43.500121
10.535581 43.468291
10.535299 43.437989
10.538831 43.408186
10.547836 43.383848
10.553578 43.353274
10.557148 43.326058
10.563871 43.297502
10.570342 43.273385
10.573392 43.243220
10.577836 43.210632
10.593498 43.185827
10.601691 43.160207
10.603089 43.136348
10.604239 43.106395
10.607530 43.081770
10.618524 43.052413
10.616667 43.022874
10.624943 42.992078
10.627244 42.964881
10.631239 42.934147
10.635336 42.899532
10.643957 42.870579
10.649986 42.837968
10.655989 42.803510
10.660688 42.777571
10.668306 42.745121
10.673478 42.718991
10.679548 42.689151
10.684758 42.654704
10.692085 42.624107
10.697486 42.591875
10.710298 42.556578
10.716556 42.528769
10.718185 42.488091
10.730037 42.463157
10.727346 42.430857
10.749573 42.410207
10.748223 42.361072
10.760879 42.336865
10.758986 42.304924
10.758580 42.277027
10.779252 42.247714
10.792005 42.219255
10.778499 42.174178
10.792306 42.152726
10.809737 42.129558
10.815497 42.100278
10.817099 42.068655
10.827629 42.029141
10.834511 42.000584
10.845180 41.981580
10.843376 41.944833
10.846451 41.916330
10.858782 41.891573
10.866043 41.867260
10.873949 41.843677
10.870260 41.808251
10.878059 41.788180
10.876172 41.756608
10.883309 41.734699
10.887725 41.711166
10.891451 41.683763
10.896405 41.653570
10.900416 41.623945
10.906040 41.596145
10.906104 41.567871
10.908176 41.535872
10.918435 41.510406
10.925451 41.480183
10.920975 41.456041
10.921079 41.419636
10.936166 41.398904
10.950421 41.375598
10.943445 41.343177
10.948679 41.310392
10.955106 41.283320
10.955230 41.248208
10.968098 41.216791
10.977173 41.186353
10.973552 41.155546
10.970839 41.121768
10.985893 41.098820
10.993574 41.059717
11.001348 41.027081
11.010267 40.996831
11.010396 40.962088
11.015001 40.929683
11.022611 40.896679
11.035630 40.864706
11.039791 40.834524
11.042928 40.799368
11.046756 40.768083
11.054845 40.735258
11.066135 40.704418
11.067554 40.671135
11.073608 40.640187
11.086463 40.607846
11.091396 40.576175
11.096856 40.537105
11.095535 40.500905
11.103482 40.480093
11.116189 40.448494
11.120122 40.413511
11.132407 40.385614
11.139278 40.356317
11.142017 40.326526
11.149805 40.294813
11.157297 40.264583
11.169740 40.236683
11.177722 40.207370
11.185552 40.178614
11.190886 40.152666
11.193808 40.124535
11.199920 40.097651
11.210211 40.074403
11.210248 40.044281
11.217006 40.018127
11.224453 39.995659
11.235660 39.969995
11.242410 39.943287
11.246410 39.912923
11.255757 39.879340
11.262614 39.849119
11.268007 39.816333
11.280494 39.791389
11.293351 39.759233
11.308459 39.729077
11.308725 39.692855
11.319782 39.656844
11.330424 39.625090
11.342422 39.599230
11.354540 39.559878
11.366930 39.528283
11.367750 39.497411
11.372946 39.462040
11.391689 39.430908
11.396159 39.400167
11.407267 39.367667
11.412248 39.328419
11.416167 39.292513
11.428207 39.258706
11.441740 39.229312
11.455246 39.198070
11.449164 39.161755
11.463504 39.133273
11.472504 39.097663
11.486625 39.065119
11.493302 39.033422
11.496840 39.003989
11.503192 38.971743
11.507654 38.940449
11.512090 38.907307
11.518517 38.880234
11.526135 38.847784
11.535238 38.819194
11.541442 38.787689
11.544455 38.754938
11.554969 38.725218
11.556342 38.699697
11.571058 38.664373
11.576187 38.635286
11.581248 38.601580
11.592066 38.570933
11.600155 38.538107
11.603042 38.507574
11.604536 38.468562
11.611961 38.433713
11.621014 38.401797
11.621826 38.359469
11.619998 38.321059
11.622161 38.284439
11.635237 38.256345
11.649057 38.224914
11.652589 38.184209
11.653879 38.152961
11.659906 38.120165
11.663188 38.084083
11.676151 38.048230
11.687202 38.011850
11.686962 37.973602
11.697231 37.937973
11.706366 37.900697
11.711586 37.866989
11.725237 37.834822
11.732691 37.802005
11.735729 37.770916
11.741414 37.736462
11.752517 37.703593
11.759323 37.680765
11.768173 37.645710
11.776721 37.611769
11.781396 37.584167
11.788377 37.551543
11.796302 37.518350
11.801283 37.490004
11.806909 37.451486
11.813608 37.421268
11.823345 37.392668
11.832452 37.364447
11.836630 37.335375
11.844520 37.299780
11.848702 37.271077
11.857867 37.246736
11.864829 37.212818
11.873673 37.177394
11.882474 37.149917
11.890601 37.119678
11.896668 37.089653
11.906386 37.059760
11.913318 37.023810
11.921929 36.994118
11.929539 36.961115
11.936397 36.930894
11.948023 36.901343
11.951502 36.867846
11.968849 36.838951
11.971521 36.804541
11.976580 36.770650
11.987443 36.743143
11.999524 36.712107
12.009994 36.679432
12.023495 36.647821
12.036022 36.614746
12.042237 36.573078
12.051616 36.541711
12.068396 36.506542
12.079694 36.476256
12.089428 36.436570
12.094385 36.406561
12.106525 36.379590
12.118429 36.347263
12.130332 36.314936
12.144047 36.287203
12.148209 36.246119
12.153297 36.214261
12.167037 36.177288
12.183215 36.155247
12.187311 36.131534
12.197258 36.095540
12.206521 36.067132
12.213801 36.033209
12.215704 36.000474
12.227454 35.968519
12.236349 35.936605
12.244785 35.905807
12.252745 35.875016
12.265592 35.842121
12.271726 35.805813
12.281952 35.778130
12.286151 35.739633
12.295428 35.712149
12.303514 35.679138
12.307323 35.646560
12.319030 35.622551
12.325928 35.595102
12.338864 35.557401
12.343538 35.529799
12.352748 35.497697
12.356106 35.466788
12.359471 35.436433
12.368538 35.405441
12.382955 35.371415
12.390977 35.333970
12.397646 35.301720
12.410488 35.268455
12.416415 35.228824
12.425644 35.198014
12.427469 35.170823
12.434950 35.128952
12.445372 35.092951
12.452359 35.060696
12.459122 35.024009
12.471200 34.992788
12.470781 34.953064
12.486649 34.920680
12.493862 34.882138
12.504340 34.850017
12.503698 34.816764
12.515991 34.778518
12.515851 34.747106
12.530284 34.714188
12.537362 34.677312
12.543649 34.640631
12.551477 34.611690
12.560311 34.575527
12.564268 34.542208
12.571563 34.509394
12.576590 34.473286
12.575912 34.437632
12.586353 34.402924
12.592246 34.371793
12.594915 34.337199
12.595103 34.306521
12.596678 34.273051
12.604157 34.241897
12.616877 34.211221
12.620885 34.181412
12.626549 34.145480
12.630509 34.112345
12.637503 34.080644
12.640866 34.050104
12.650788 34.023350
12.661770 33.993069
12.653651 33.958447
12.659145 33.921779
12.665022 33.889540
12.675060 33.859827
12.684350 33.833267
12.689525 33.796418
12.691979 33.768849
12.697320 33.732552
12.707457 33.698772
12.717597 33.665178
12.725423 33.636052
12.728439 33.603485
12.732683 33.568128
12.742982 33.534531
12.752154 33.499842
12.765431 33.485604
12.771049 33.457434
12.774108 33.416921
12.785652 33.381642
12.796668 33.353764
12.805988 33.318333
12.808805 33.282997
12.812807 33.252818
12.818861 33.221870
12.839442 33.186275
12.841004 33.151881
12.849821 33.125513
12.852913 33.087216
12.866921 33.057815
12.874714 33.026472
12.884717 32.994358
12.897115 32.963317
12.891545 32.929397
12.895593 32.891456
12.912841 32.855725
12.922768 32.829341
12.930943 32.802427
12.940916 32.768280
12.946233 32.741223
12.953376 32.708781
12.956760 32.679720
12.968239 32.650910
12.977976 32.622311
12.984403 32.595238
12.993024 32.566285
12.997653 32.535542
13.004669 32.505319
13.019226 32.480900
13.020277 32.444111
13.031508 32.420110
13.036100 32.397683
13.043444 32.368195
13.044729 32.336577
13.055783 32.311285
13.064342 32.288985
13.066976 32.262891
13.069353 32.229964
13.081323 32.202256
13.091272 32.177349
13.098947 32.148780
13.103719 32.116926
13.119617 32.086574
13.125351 32.066348
13.133289 32.034079
13.139948 32.001090
13.149550 31.974155
13.158706 31.938357
13.167969 31.909950
13.177236 31.881727
13.186249 31.847040
13.188539 31.819103
13.210567 31.784781
13.219172 31.754719
13.232877 31.726247
13.233290 31.700186
13.248000 31.664492
13.258640 31.632553
13.265457 31.599561
13.269146 31.569571
13.279076 31.543371
13.293729 31.514700
13.303265 31.483147
13.312192 31.453450
13.319273 31.416759
13.327657 31.393353
13.330364 31.361345
13.337896 31.333886
13.349475 31.301010
13.356381 31.274115
13.361348 31.244846
13.373410 31.212516
13.377201 31.189547
13.386470 31.161509
13.392881 31.133328
13.401349 31.104747
13.410986 31.080214
13.419513 31.055697
13.423715 31.028287
13.429435 30.996235
13.442675 30.979411
13.441717 30.946348
13.449217 30.916672
13.466866 30.897567
13.469035 30.872219
13.471952 30.843719
13.482976 30.816394
13.491296 30.788554
13.500993 30.768086
13.507388 30.738796
13.513329 30.710991
13.522810 30.686646
13.528829 30.653296
13.539872 30.627264
13.548461 30.596094
13.556270 30.565860
13.563778 30.536738
13.576735 30.511418
13.583523 30.487297
13.594518 30.457940
13.604712 30.417138
13.616521 30.389247
13.628570 30.355994
13.638642 30.328683
13.639621 30.297809
13.654411 30.267658
13.665385 30.225920
13.674406 30.191787
13.700135 30.161107
13.713405 30.124510
13.727311 30.098992
13.735859 30.065050
13.748198 30.029945
13.760865 29.995575
13.771962 29.962336
13.791890 29.925457
13.798554 29.892837
13.804554 29.858194
13.819130 29.824165
13.836248 29.790469
13.848711 29.763862
13.848719 29.720806
13.864066 29.696190
13.886765 29.664445
13.898424 29.637112
13.897556 29.599242
13.908317 29.564714
13.919801 29.536274
13.935866 29.517377
13.950143 29.484646
13.954573 29.451134
13.963517 29.422546
13.974831 29.382467
13.984985 29.349796
13.994735 29.322120
14.004047 29.286135
14.015222 29.247351
14.025044 29.213761
14.033364 29.175019
14.048090 29.151336
14.055397 29.108358
14.066693 29.077888
14.076274 29.049476
14.091021 29.016369
14.095629 28.984148
14.099830 28.945835
14.115763 28.906982
14.124156 28.873228
14.138691 28.847331
14.144793 28.797903
14.154885 28.771885
14.164180 28.734792
14.176931 28.695246
14.188374 28.653132
14.192923 28.616847
14.204987 28.584702
14.217415 28.544791
14.224345 28.508656
14.231157 28.475295
14.246512 28.429428
14.256523 28.397868
14.259585 28.357539
14.272246 28.322799
14.284625 28.279563
14.290139 28.244187
14.296733 28.206764
14.306805 28.168550
14.314502 28.130556
14.311028 28.099008
14.319891 28.064877
14.338916 28.031338
14.350209 28.000683
14.355064 27.963654
14.354781 27.922450
14.358545 27.886731
14.377440 27.855226
14.390131 27.822518
14.384558 27.777511
14.384886 27.745537
14.397730 27.712457
14.408647 27.677743
14.418991 27.647287
14.428919 27.609999
14.435225 27.574612
14.445728 27.533251
14.454441 27.499677
14.468218 27.465291
14.479938 27.431303
14.486532 27.393880
14.497713 27.355465
14.510197 27.319434
14.528216 27.282214
14.535649 27.237017
14.548109 27.199323
14.564614 27.167114
14.576453 27.130353
14.595575 27.092562
14.607607 27.058201
14.618320 27.020348
14.631815 26.988367
14.644882 26.948817
14.662786 26.914554
14.670479 26.876376
14.682329 26.840354
14.699066 26.802228
14.717002 26.770183
14.737142 26.726095
14.747857 26.688426
14.754782 26.651922
14.774156 26.620595
14.793495 26.586866
14.803638 26.553456
14.809786 26.518072
14.823456 26.487198
14.847499 26.449705
14.858572 26.414803
14.860066 26.375790
14.872212 26.338286
14.884432 26.305954
14.901167 26.267644
14.919643 26.240026
14.929159 26.207180
14.938770 26.169897
14.953689 26.137711
14.980177 26.104617
14.986510 26.060175
14.990553 26.021865
15.005903 25.986531
15.021363 25.947870
15.043433 25.916504
15.052218 25.866113
15.054148 25.835225
15.068517 25.797873
15.085385 25.768800
15.092254 25.728416
15.101332 25.698163
15.108170 25.655746
15.120238 25.623786
15.132684 25.585169
15.146574 25.547639
15.151491 25.514859
15.162263 25.481071
15.172324 25.442118
15.186376 25.404771
15.194244 25.367698
15.205731 25.328540
15.208290 25.297273
15.214755 25.261884
15.232296 25.224486
15.239653 25.185019
15.244089 25.151877
15.251857 25.118871
15.257476 25.079798
15.256018 25.045079
15.259099 25.006043
15.269857 24.971331
15.289164 24.946288
15.289484 24.913760
15.287989 24.876454
15.305285 24.844049
15.317382 24.814122
15.322984 24.773940
15.310884 24.738267
15.338758 24.713284
15.350189 24.681149
15.350745 24.643074
15.358455 24.606004
15.374818 24.574906
15.381681 24.545055
15.385520 24.514508
15.379567 24.476159
15.397477 24.453169
15.414517 24.425017
15.415794 24.392845
15.425509 24.362768
15.431423 24.333115
15.441122 24.301929
15.450913 24.277025
15.461179 24.252113
15.465037 24.222860
15.471055 24.189510
15.481314 24.164045
15.495836 24.137223
15.505892 24.097902
15.512338 24.072122
15.514701 24.038271
15.517134 24.009223
15.530389 23.971703
15.536634 23.942969
15.547038 23.916578
15.553554 23.884699
15.567363 23.852529
15.581288 23.828303
15.595138 23.798905
15.600426 23.758913
15.616437 23.736321
15.623321 23.707947
15.637951 23.677614
15.646730 23.648658
15.655913 23.614708
15.675175 23.597427
15.685519 23.566971
15.692213 23.536383
15.705955 23.510497
15.726523 23.484881
15.737063 23.457009
15.748123 23.432086
15.761521 23.404358
15.779433 23.381552
15.789191 23.343528
15.809998 23.323453
15.816807 23.300809
15.823883 23.274651
15.835179 23.244181
15.846063 23.218152
15.856316 23.192316
15.866935 23.158900
15.874910 23.129217
15.895078 23.108781
15.898728 23.076205
15.901244 23.052885
15.914452 23.022941
15.930242 22.996102
15.936468 22.966075
15.949213 22.937062
15.955538 22.913871
15.971652 22.887396
15.986910 22.856684
15.996913 22.824569
15.999805 22.794407
16.016258 22.769405
16.028473 22.736704
16.045675 22.708735
16.054081 22.675905
16.061933 22.648626
16.073200 22.616124
16.083401 22.586779
16.092219 22.560410
16.102087 22.529961
16.116346 22.495937
16.122179 22.460741
16.131241 22.440283
16.143787 22.408501
16.153507 22.378793
16.164707 22.352574
16.175099 22.325444
16.178779 22.294900
16.187333 22.261328
16.200100 22.233793
16.207785 22.205963
16.216471 22.181444
16.226321 22.149701
16.234848 22.125185
16.242896 22.100491
16.244915 22.075699
16.256176 22.053730
16.263942 22.031442
16.268055 22.008838
16.279152 21.986502
16.285464 21.962387
16.294042 21.941381
16.298300 21.917850
16.304013 21.896147
16.309402 21.874078
16.315873 21.849961
16.325868 21.828195
16.337578 21.804372
16.340884 21.780855
16.352637 21.759988
16.357277 21.729984
16.366417 21.714883
16.370361 21.691542
16.379038 21.666469
16.388799 21.639532
16.395952 21.618731
16.401020 21.596298
16.409412 21.573447
16.416797 21.546729
16.425991 21.524421
16.435542 21.493976
16.443037 21.463931
16.446636 21.438747
16.458010 21.413635
16.470669 21.389612
16.479825 21.364717
16.484766 21.333601
16.499151 21.308260
16.508600 21.281697
16.514562 21.255370
16.525299 21.230082
16.532974 21.201513
16.538979 21.178142
16.553423 21.145963
16.565789 21.123608
16.574456 21.097796
16.583959 21.074928
16.593572 21.048733
16.602077 21.022738
16.611365 20.995993
16.622072 20.968673
16.630075 20.940838
16.637812 20.916518
16.648264 20.893452
16.659890 20.863901
16.667597 20.837549
16.672235 20.818263
16.680229 20.789874
16.691138 20.765507
16.699071 20.743771
16.703657 20.720975
16.710453 20.697408
16.720268 20.674166
16.729115 20.649830
16.735905 20.625893
16.741440 20.602898
16.749502 20.579128
16.757096 20.555919
16.765486 20.532882
16.781231 20.513805
16.794380 20.490699
16.801783 20.465275
16.804847 20.436034
16.811657 20.413390
16.825641 20.393229
16.834523 20.371295
16.840507 20.346446
16.842590 20.315186
16.852585 20.293420
16.860977 20.270568
16.870015 20.248447
16.876811 20.224879
16.883419 20.199282
16.892569 20.174017
16.901115 20.150794
16.911409 20.127730
16.917728 20.104170
16.921177 20.079543
16.931844 20.049451
16.944678 20.026535
16.953358 20.001647
16.959606 19.973098
16.967942 19.946367
16.976517 19.925176
16.987464 19.903396
16.994867 19.877972
17.004566 19.846786
17.009319 19.824542
17.019539 19.796490
17.033078 19.778368
17.040551 19.746845
17.051234 19.728765
17.058849 19.696131
17.067965 19.668465
17.079753 19.639096
17.090807 19.613804
17.100275 19.588534
17.104810 19.562228
17.112842 19.525523
17.122356 19.503394
17.129216 19.473358
17.137837 19.444405
17.147066 19.413596
17.154335 19.389837
17.163658 19.354591
17.172666 19.330437
17.183634 19.299233
17.194164 19.270622
17.200121 19.243925
17.215113 19.216727
17.226277 19.188107
17.236517 19.161348
17.249036 19.138622
17.249952 19.114401
17.259719 19.076931
17.263047 19.043990
17.275168 19.026628
17.290703 19.004042
17.291329 18.970771
17.294913 18.944478
17.316303 18.920883
17.320876 18.897163
17.325843 18.867894
17.324792 18.839267
17.338577 18.816337
17.363019 18.784382
17.371140 18.753774
17.376672 18.730594
17.386138 18.705140
17.396681 18.677453
17.408084 18.654373
17.420018 18.634981
17.426851 18.603097
17.437859 18.574664
17.443177 18.547607
17.452857 18.526031
17.462306 18.499468
17.473199 18.473993
17.483089 18.445022
17.492957 18.414573
17.501616 18.388207
17.510183 18.366461
17.525778 18.337037
17.533942 18.309385
17.542708 18.279506
17.561427 18.257613
17.571693 18.221799
17.571389 18.190019
17.583532 18.163233
17.598357 18.135483
17.610968 18.108136
17.620172 18.075663
17.630971 18.043722
17.645146 18.014873
17.659740 17.982138
17.673055 17.948682
17.686144 17.921512
17.696413 17.885882
17.713309 17.858657
17.730145 17.827367
17.748170 17.801419
17.757996 17.768013
17.772270 17.735098
17.788781 17.714161
17.796152 17.686520
17.810239 17.651574
17.822863 17.625150
17.836250 17.596682
17.845188 17.567725
17.855845 17.536895
17.867966 17.508630
17.882445 17.478853
17.894598 17.452805
17.902797 17.427554
17.913287 17.396172
17.928553 17.366014
17.939156 17.342391
17.947460 17.313443
17.957753 17.279476
17.968748 17.250119
17.978885 17.227243
17.993539 17.198572
18.007198 17.166958
18.014467 17.143199
18.030999 17.112838
18.041083 17.086266
18.047110 17.053470
18.062543 17.023864
18.075901 16.993364
18.081740 16.969441
18.096191 16.937816
18.105993 16.902748
18.119055 16.873731
18.136147 16.849090
18.144886 16.817363
18.157895 16.784651
18.165279 16.757933
18.177000 16.723946
18.193503 16.691552
18.208288 16.661031
18.211328 16.630127
18.228657 16.599939
18.242732 16.564254
18.253671 16.531018
18.265077 16.497220
18.278212 16.462288
18.294545 16.429157
18.303855 16.403890
18.318140 16.371714
18.332431 16.339906
18.344606 16.304434
18.356256 16.276546
18.372582 16.242861
18.379593 16.212269
18.392290 16.179930
18.411142 16.145470
18.419917 16.116145
18.429597 16.083666
18.443471 16.055930
18.452484 16.021243
18.469759 15.987360
18.482628 15.966846
18.489614 15.934590
18.503620 15.905005
18.517897 15.872274
18.527078 15.838139
18.534787 15.811971
18.543105 15.783947
18.553379 15.759590
18.569428 15.728681
18.580401 15.697846
18.585511 15.667466
18.593477 15.637044
18.605929 15.609699
18.620410 15.580106
18.631701 15.549267
18.641881 15.518443
18.652529 15.487059
18.663938 15.453446
18.675833 15.420564
18.692710 15.392046
18.703511 15.360289
18.714912 15.326122
18.723418 15.300128
18.737367 15.266662
18.752978 15.238347
18.765061 15.207496
18.776131 15.172409
18.795301 15.137944
18.808737 15.112802
18.822377 15.079895
18.831509 15.042435
18.848496 15.010588
18.860940 14.971786
18.871733 14.939475
18.883497 14.897541
18.898298 14.868129
18.912505 14.830594
18.926732 14.794353
18.942385 14.758091
18.959966 14.723464
18.968009 14.687498
18.986185 14.650090
18.998174 14.612773
19.012107 14.578199
19.031210 14.539115
19.040890 14.506636
19.054073 14.475029
19.062947 14.441638
19.080058 14.407387
19.092668 14.380040
19.100373 14.342600
19.112736 14.309158
19.125725 14.275152
19.140282 14.239830
19.146277 14.204817
19.165834 14.175151
19.180788 14.145367
19.191498 14.107329
19.207235 14.076794
19.221545 14.046280
19.234865 14.013193
19.249443 13.979349
19.254680 13.957653
19.278759 13.922561
19.287934 13.888057
19.303332 13.856049
19.318424 13.824784
19.329198 13.791180
19.343174 13.759563
19.359696 13.728462
19.366876 13.687704
19.384511 13.656772
19.399436 13.624955
19.412708 13.588543
19.428483 13.549692
19.440741 13.519947
19.456247 13.484427
19.470570 13.443934
19.482833 13.403656
19.497718 13.369068
19.514248 13.338522
19.526781 13.305816
19.544582 13.264534
19.561507 13.228438
19.569835 13.190250
19.586293 13.154715
19.609710 13.117786
19.625221 13.082635
19.643835 13.053537
19.651130 13.009820
19.669714 12.978689
19.683290 12.941349
19.697503 12.904184
19.711912 12.869603
19.726890 12.830579
19.740490 12.794901
19.750313 12.761311
19.768389 12.727971
19.783427 12.693011
19.796037 12.654761
19.808443 12.624274
19.826105 12.595190
19.837877 12.553810
19.851896 12.525149
19.871846 12.489748
19.881303 12.452837
19.899962 12.415977
19.916519 12.387278
19.933291 12.351554
19.945108 12.313315
19.964431 12.278478
19.976483 12.245410
19.989789 12.200497
20.005905 12.174207
20.026247 12.143975
20.044487 12.100099
20.054624 12.066320
20.072687 12.032055
20.087733 11.997650
20.101247 11.966963
20.122341 11.933948
20.136135 11.900669
20.148468 11.865195
20.164033 11.833739
20.182359 11.806677
20.197593 11.774302
20.209435 11.737726
20.227064 11.706425
20.244855 11.664403
20.260598 11.623335
20.276039 11.594283
20.289819 11.560081
20.303846 11.531973
20.315123 11.500210
20.334339 11.457983
20.346277 11.428058
20.357345 11.392787
20.372114 11.361157
20.382004 11.332186
20.395249 11.304829
20.409125 11.266375
20.425553 11.239711
20.435244 11.207971
20.447970 11.177665
20.459395 11.145160
20.473132 11.118905
20.482498 11.086615
20.500604 11.055307
20.515115 11.027746
20.527174 10.995232
20.544989 10.965776
20.557850 10.944708
20.569783 10.903511
20.585289 10.878892
20.599286 10.848753
20.615158 10.816553
20.632446 10.783593
20.648532 10.755271
20.653930 10.722854
20.670756 10.690825
20.684270 10.660138
20.697585 10.626682
20.713311 10.595408
20.725644 10.570836
20.739177 10.541442
20.752629 10.506506
20.770576 10.475200
20.785813 10.443009
20.801899 10.414687
20.814421 10.381243
20.826314 10.348177
20.838887 10.318243
20.851683 10.281837
20.862696 10.253774
20.880054 10.225618
20.895598 10.192683
20.906098 10.162040
20.920620 10.135219
20.934376 10.110257
20.942658 10.068928
20.959562 10.042257
20.973164 10.017666
20.984070 9.982213
20.994834 9.947870
21.006988 9.921822
21.017999 9.893574
21.035666 9.864859
21.049830 9.835271
21.059852 9.804450
21.073258 9.777275
21.085347 9.746794
21.097616 9.717788
21.109910 9.690445
21.122327 9.660698
21.133980 9.632994
21.146249 9.603988
21.158782 9.571283
21.170952 9.546344
21.183447 9.521954
21.199842 9.493073
21.212230 9.461293
21.226442 9.435031
21.238752 9.408796
21.250378 9.379246
21.271019 9.347716
21.284484 9.313703
21.299071 9.291316
21.314195 9.262268
21.324910 9.235502
21.341591 9.204400
21.354484 9.174645
21.366177 9.149713
21.378947 9.122363
21.398660 9.092510
21.409286 9.070550
21.422859 9.054830
21.440924 9.020750
21.453957 8.989700
21.463995 8.959988
21.478718 8.936120
21.494377 8.911131
21.513534 8.886644
21.528384 8.860557
21.537328 8.831969
21.549433 8.802596
21.566694 8.767789
21.588291 8.747517
21.590988 8.714770
21.598523 8.676594
21.619144 8.654673
21.636750 8.632612
21.648898 8.606194
21.656514 8.573560
21.669619 8.547499
21.680923 8.517583
21.697138 8.487226
21.710639 8.466518
21.722448 8.438628
21.735190 8.409430
21.741180 8.384950
21.755882 8.359605
21.767538 8.332086
21.779017 8.303277
21.790713 8.278529
21.802128 8.256188
21.812870 8.231270
21.828806 8.203504
21.839016 8.174713
21.845484 8.150411
21.857922 8.122142
21.866417 8.095409
21.875995 8.077714
21.889504 8.046658
21.903179 8.016153
21.918558 7.993754
21.923252 7.967446
21.937575 7.937855
21.948723 7.908127
21.958409 7.886920
21.976103 7.860052
21.987627 7.834383
21.993525 7.803622
22.004700 7.775741
22.018297 7.750781
22.030897 7.722694
22.041255 7.693162
22.050650 7.662904
22.068678 7.637141
22.085253 7.609735
22.089901 7.580286
22.099799 7.551869
22.115929 7.526503
22.124563 7.498474
22.133486 7.468408
22.137746 7.445062
22.147220 7.420162
22.170161 7.394142
22.178898 7.362231
22.181465 7.331519
22.196441 7.314115
22.202893 7.288705
22.211864 7.261965
22.213321 7.231268
22.222332 7.207299
22.226805 7.187646
22.236442 7.163114
22.230993 7.137507
22.237622 7.113388
22.243012 7.091319
22.258585 7.071320
22.263542 7.052214
22.266811 7.026111
22.270908 7.002399
22.285158 6.978723
22.290897 6.958867
22.291779 6.932244
22.300352 6.910868
22.304806 6.889922
22.314032 6.869830
22.319056 6.844441
22.327497 6.824915
22.337912 6.799263
22.338506 6.774677
22.343253 6.752063
22.352121 6.729205
22.353530 6.706086
22.357922 6.680890
22.361266 6.659960
22.370861 6.632472
22.376210 6.607632
22.388020 6.590644
22.388055 6.560338
22.389807 6.539061
22.393213 6.511478
22.402552 6.488243
22.413477 6.464985
22.419652 6.442351
22.418834 6.418895
22.423708 6.394062
22.432060 6.368439
22.440297 6.345775
22.442007 6.321542
22.446268 6.298197
22.449273 6.275793
22.457012 6.251658
22.461284 6.229051
22.466426 6.211791
22.467346 6.187755
22.472881 6.164760
22.474582 6.139974
22.478061 6.117379
22.484047 6.092714
22.487711 6.071964
22.485794 6.049263
22.488821 6.028338
22.493262 6.006468
22.495345 5.986111
22.498958 5.961850
22.502590 5.938884
22.503001 5.923540
22.506477 5.900760
22.507606 5.880232
22.510988 5.861889
22.512730 5.839873
22.515057 5.814523
22.520232 5.799480
22.523117 5.779665
22.525232 5.761525
22.529848 5.740761
22.533049 5.720942
22.536853 5.698897
22.536646 5.673768
22.535904 5.655485
22.542608 5.636538
22.546746 5.615597
22.545170 5.594554
22.550670 5.580060
22.555229 5.555416
22.553856 5.537327
22.556458 5.519919
22.558401 5.500857
22.557463 5.479990
22.562697 5.458108
22.567310 5.437160
22.565893 5.416114
22.556266 5.397775
22.565401 5.382305
22.569245 5.363030
22.566513 5.338863
22.568443 5.318877
22.570465 5.294271
22.570798 5.273569
22.570618 5.250288
22.573180 5.230109
22.569983 5.206687
22.571588 5.186152
22.571851 5.160647
22.567563 5.127632
22.570205 5.102093
22.568912 5.078643
22.569057 5.055912
22.571097 5.032598
22.570310 5.011174
22.573035 4.980459
22.570258 4.953151
22.566096 4.928819
22.568930 4.905494
22.570916 4.878486
22.567859 4.853768
22.568929 4.829176
22.572711 4.805652
22.577424 4.780637
22.570077 4.755428
22.573015 4.728406
22.567584 4.704092
22.569936 4.680405
22.569103 4.655840
22.562089 4.631734
22.560153 4.607740
22.560631 4.586112
22.563328 4.564268
22.562354 4.540999
22.556983 4.520750
22.555074 4.498603
22.554579 4.475511
22.553023 4.455761
22.553950 4.432279
22.548877 4.410733
22.548243 4.388937
22.544702 4.363672
22.542656 4.343005
22.541841 4.319734
22.542148 4.297185
22.535945 4.274361
22.533077 4.251674
22.528641 4.230302
22.524826 4.207998
22.520186 4.183489
22.519393 4.161695
22.517476 4.138994
22.511793 4.119119
22.507459 4.093866
22.506639 4.070225
22.501539 4.046831
22.504289 4.028681
22.495885 4.007183
22.494364 3.989835
22.497646 3.964656
22.491664 3.946079
22.481306 3.921098
22.473628 3.894970
22.479518 3.874557
22.475488 3.848375
22.469434 3.824810
22.461872 3.795724
22.457748 3.773978
22.456449 3.750159
22.455661 3.728735
22.451295 3.701265
22.438695 3.674838
22.438297 3.647495
22.439184 3.621242
22.434402 3.597843
22.425232 3.567302
22.424070 3.542002
22.417666 3.505322
22.415088 3.480783
22.411953 3.450708
22.403929 3.422551
22.401694 3.388952
22.399530 3.360156
22.394258 3.324938
22.391873 3.291895
22.382620 3.255626
22.377797 3.229456
22.374937 3.196421
22.369030 3.161212
22.364885 3.127086
22.357115 3.094676
22.351851 3.060012
22.344832 3.024634
22.338466 2.990541
22.332777 2.959394
22.327650 2.923250
22.315717 2.888128
22.311254 2.854007
22.302627 2.817175
22.301441 2.779310
22.293263 2.740623
22.283099 2.707139
22.275926 2.672133
22.269638 2.643398
22.265094 2.603734
22.251784 2.572144
22.242744 2.539567
22.240340 2.505231
22.230468 2.470080
22.222847 2.436929
22.213728 2.409897
22.199507 2.370190
22.189872 2.340394
22.190522 2.308785
22.180726 2.278807
22.168010 2.244436
22.157181 2.208930
22.146976 2.183577
22.139035 2.150246
22.129811 2.116009
22.117356 2.088656
22.107855 2.057196
22.099215 2.019439
22.090040 1.988528
22.079103 1.956534
22.066576 1.924193
22.056048 1.887573
22.048975 1.859403
22.029415 1.823469
22.021414 1.786073
22.011734 1.753136
21.994883 1.718087
21.982181 1.684640
21.967244 1.650302
21.961376 1.617679
21.951778 1.579567
21.928320 1.548310
21.911615 1.512334
21.896971 1.476328
21.894390 1.440701
21.880997 1.403384
21.863773 1.375361
21.849380 1.334732
21.832021 1.297473
21.812211 1.266162
21.806812 1.222260
21.793736 1.184938
21.775515 1.153789
21.755799 1.118042
21.742518 1.077582
21.730682 1.038209
21.719020 0.999942
21.707624 0.958161
21.688168 0.929432
21.677622 0.891518
21.668438 0.849150
21.658419 0.814740
21.645246 0.781670
21.627586 0.745523
21.617769 0.714067
21.608615 0.673731
21.597695 0.642845
21.581543 0.612221
21.568669 0.577852
21.563883 0.543366
21.548460 0.508296
21.543124 0.490449
21.531091 0.459394
21.516063 0.418774
21.503670 0.384769
21.494309 0.352012
21.481338 0.310993
21.467974 0.275708
21.455446 0.243367
21.451691 0.203322
21.439609 0.168942
21.429802 0.127322
21.417987 0.089427
21.405440 0.055794
21.393961 0.019187
21.386963 -0.014712
21.372492 -0.049796
21.362010 -0.083276
21.355378 -0.124757
21.346339 -0.157149
21.321983 -0.195600
21.310612 -0.224816
21.302452 -0.262210
21.293178 -0.299957
21.278709 -0.334856
21.264472 -0.364770
21.250473 -0.400046
21.242623 -0.437998
21.230994 -0.474048
21.218372 -0.501952
21.205667 -0.535584
21.191741 -0.565872
21.181571 -0.599725
21.173138 -0.634158
21.160618 -0.665945
21.146045 -0.697147
21.135238 -0.731176
21.125275 -0.761706
21.112277 -0.793670
21.101986 -0.824935
21.091512 -0.857860
21.080718 -0.890965
21.063642 -0.919728
21.047985 -0.949067
21.043608 -0.988179
21.031116 -1.018118
21.007765 -1.052888
20.995990 -1.077109
20.995780 -1.113325
20.983887 -1.145674
20.966407 -1.180345
20.952804 -1.210268
20.942664 -1.242089
20.932830 -1.274654
20.925808 -1.310216
20.913831 -1.337391
20.891158 -1.369214
20.881359 -1.399377
20.881230 -1.430051
20.871861 -1.463361
20.855688 -1.495464
20.846236 -1.523600
20.832149 -1.554070
20.820479 -1.581988
20.819368 -1.614680
20.810448 -1.638942
20.790087 -1.664516
20.783253 -1.698049
20.773293 -1.728394
20.765537 -1.759880
20.757018 -1.789323
20.745063 -1.815019
20.734194 -1.842395
20.723198 -1.878454
20.720397 -1.907425
20.709845 -1.934805
20.700130 -1.959241
20.690360 -1.987372
20.683306 -2.014248
20.676080 -2.042046
20.669582 -2.063387
20.657221 -2.095176
20.651694 -2.115238
20.643510 -2.143392
20.636211 -2.165276
20.629128 -2.194184
20.619705 -2.220288
20.612468 -2.248825
20.605946 -2.271829
20.594819 -2.295135
20.588614 -2.329046
20.581990 -2.359070
20.577689 -2.382107
20.567602 -2.410233
20.559534 -2.441345
20.555039 -2.466780
20.548004 -2.492364
20.539043 -2.519398
20.532887 -2.549983
20.532476 -2.578250
20.527784 -2.606270
20.518665 -2.633301
20.508692 -2.664570
20.508425 -2.693763
20.500118 -2.719513
20.492400 -2.748413
20.488386 -2.773486
20.476404 -2.801030
20.470772 -2.828297
20.465473 -2.854460
20.459887 -2.878586
20.451540 -2.907107
20.445340 -2.929746
20.441762 -2.957598
20.437151 -2.980075
20.432420 -3.010866
20.425879 -3.035163
20.418642 -3.063700
20.413335 -3.090418
20.412187 -3.114793
20.406899 -3.140217
20.400049 -3.174858
20.394941 -3.198807
20.391252 -3.223330
20.381531 -3.248135
20.378590 -3.275811
20.372536 -3.299376
20.366775 -3.324608
20.362164 -3.347086
20.358556 -3.366066
20.350067 -3.393477
20.347257 -3.423002
20.338727 -3.442281
20.331557 -3.455297
20.324724 -3.477926
20.316223 -3.516978
20.311752 -3.529849
20.311615 -3.539271
20.301929 -3.572577
20.297934 -3.607259
20.290904 -3.621571
20.278414 -3.640422
20.275142 -3.679920
20.275239 -3.705977
20.264899 -3.718761
20.254170 -3.747432
20.254603 -3.783103
20.253213 -3.802301
20.246573 -3.822531
20.224284 -3.849741
20.222085 -3.880938
20.221399 -3.895342
20.210552 -3.921240
20.198309 -3.955802
20.193265 -3.975316
20.197464 -4.002911
20.189125 -4.030878
20.164643 -4.056207
20.166207 -4.079514
20.165253 -4.101490
20.155429 -4.133316
20.141864 -4.160652
20.135659 -4.183660
20.136831 -4.212135
20.128167 -4.240651
20.111808 -4.263697
20.106821 -4.290234
20.108601 -4.320566
20.105065 -4.345461
20.092793 -4.371153
20.088045 -4.403052
20.095642 -4.436980
20.090362 -4.461849
20.070910 -4.490394
20.064737 -4.522088
20.071006 -4.549158
20.069605 -4.579998
20.060094 -4.612198
20.062672 -4.642171
20.067857 -4.667378
20.065553 -4.694878
20.059082 -4.725275
20.062921 -4.755821
20.067743 -4.784164
20.062324 -4.818641
20.064608 -4.846947
20.056909 -4.874554
20.049029 -4.903636
20.051505 -4.929727
20.055567 -4.955842
20.052338 -4.981481
20.048281 -5.020412
20.053924 -5.046920
20.062905 -5.062018
20.066169 -5.088491
20.060198 -5.117231
20.056531 -5.140277
20.062380 -5.163461
20.075773 -5.191559
20.076504 -5.217625
20.072982 -5.241596
20.074843 -5.266385
20.083781 -5.295343
20.092475 -5.319307
20.093348 -5.346484
20.091888 -5.370486
20.100883 -5.395563
20.108625 -5.419514
20.118448 -5.442202
20.120719 -5.471431
20.131080 -5.489877
20.144645 -5.517053
20.150994 -5.549484
20.156365 -5.572846
20.163433 -5.599559
20.173411 -5.622433
20.182460 -5.643816
20.193036 -5.669286
20.213751 -5.695643
20.219905 -5.719755
20.229598 -5.751311
20.241104 -5.767370
20.247244 -5.792406
20.259554 -5.818641
20.266159 -5.844423
20.280387 -5.869577
20.295719 -5.895301
20.302479 -5.921270
20.313241 -5.944895
20.329061 -5.969703
20.339693 -5.991293
20.345376 -6.015029
20.356570 -6.041617
20.369949 -6.070639
20.382175 -6.091698
20.391358 -6.114746
20.403996 -6.140246
20.414609 -6.163130
20.424367 -6.190251
20.433104 -6.211260
20.450736 -6.231474
20.464648 -6.256623
20.474363 -6.286701
20.484221 -6.306986
20.494926 -6.334491
20.500657 -6.354902
20.514227 -6.370806
20.529943 -6.391916
20.537621 -6.420301
20.548333 -6.447252
20.571409 -6.464034
20.588897 -6.483322
20.590173 -6.515494
20.593824 -6.537168
20.606564 -6.555647
20.626247 -6.576630
20.644129 -6.601468
20.655971 -6.627141
20.665971 -6.648538
20.681945 -6.673717
20.692822 -6.689398
20.701973 -6.703760
20.718193 -6.733747
20.729898 -6.757940
20.747436 -6.784621
20.769789 -6.796588
20.786037 -6.813825
20.802027 -6.837896
20.819512 -6.857369
20.837268 -6.879987
20.859478 -6.901746
20.879659 -6.910355
20.900033 -6.927468
20.920526 -6.947354
20.940992 -6.969087
20.962759 -6.988622
20.982362 -7.004245
21.003121 -7.016744
21.024624 -7.032579
21.048227 -7.045858
21.073454 -7.067476
21.097600 -7.087046
21.119155 -7.099371
21.140018 -7.115567
21.157678 -7.133933
21.174834 -7.165043
21.196450 -7.184022
21.225108 -7.198852
21.248557 -7.211760
21.267534 -7.226819
21.285502 -7.245744
21.306702 -7.260651
21.326888 -7.257989
21.356476 -7.263409
21.382208 -7.283002
21.397496 -7.300779
21.423070 -7.309467
21.443702 -7.319746
21.467023 -7.330619
21.485682 -7.345674
21.504670 -7.359994
21.533251 -7.390901
21.553180 -7.395071
21.574436 -7.406099
21.594369 -7.420802
21.614263 -7.438277
21.637124 -7.448035
21.661224 -7.459842
21.688489 -7.472251
21.706377 -7.485816
21.729369 -7.497423
21.755026 -7.500384
21.778998 -7.510157
21.798033 -7.532054
21.824699 -7.542052
21.855176 -7.551735
21.874886 -7.559968
21.904799 -7.575741
21.933356 -7.586505
21.965245 -7.597317
21.988450 -7.605232
22.019664 -7.618806
22.046810 -7.639343
22.076876 -7.644586
22.102804 -7.650692
22.135160 -7.662065
22.165003 -7.671739
22.193055 -7.684529
22.221295 -7.695288
22.246805 -7.708410
22.281212 -7.709650
22.305052 -7.717573
22.336908 -7.730603
22.373369 -7.743330
22.404782 -7.754135
22.432299 -7.760080
22.454735 -7.766320
22.490135 -7.775705
22.521730 -7.784850
22.556519 -7.792563
22.588276 -7.790623
22.619326 -7.793662
22.650529 -7.807976
22.672908 -7.818096
22.704496 -7.816892
22.742890 -7.816712
22.775243 -7.828270
22.800357 -7.835843
22.833047 -7.835210
22.864473 -7.834189
22.891601 -7.834215
22.920916 -7.836489
22.959606 -7.848694
22.990272 -7.845445
23.020335 -7.839969
23.051438 -7.850216
23.086370 -7.848137
23.115414 -7.847267
23.145905 -7.845123
23.182057 -7.835486
23.219924 -7.827907
23.246423 -7.827553
23.281467 -7.828618
23.315974 -7.823022
23.343432 -7.811226
23.376732 -7.801362
23.409476 -7.807937
23.446924 -7.807373
23.480000 -7.791039
23.508176 -7.784427
23.535664 -7.781501
23.575427 -7.774503
23.605398 -7.775309
23.631367 -7.756839
23.664495 -7.747897
23.691599 -7.738682
23.725474 -7.732892
23.751440 -7.725509
23.786910 -7.708286
23.816529 -7.689684
23.849235 -7.687942
23.885277 -7.674977
23.908074 -7.667363
23.941030 -7.648440
23.971910 -7.641313
24.002409 -7.627713
24.036456 -7.621002
24.067527 -7.600758
24.095840 -7.595626
24.119753 -7.576756
24.154975 -7.565627
24.182699 -7.546443
24.207555 -7.539043
24.233221 -7.530547
24.268628 -7.517573
24.297213 -7.515587
24.320483 -7.497262
24.346930 -7.478613
24.376969 -7.463898
24.402747 -7.447642
24.429324 -7.431028
24.459341 -7.417790
24.485055 -7.405969
24.511707 -7.395084
24.533606 -7.372859
24.557690 -7.353067
24.585396 -7.335176
24.609515 -7.323886
24.631084 -7.302579
24.657673 -7.285042
24.678067 -7.268153
24.705810 -7.258578
24.726241 -7.239103
24.744404 -7.212018
24.771531 -7.190238
24.793581 -7.179472
24.812646 -7.155727
24.834397 -7.132760
24.854207 -7.123254
24.879711 -7.114941
24.905282 -7.091105
24.929539 -7.059490
24.945965 -7.042728
24.967544 -7.031585
24.982840 -7.005198
25.003820 -6.980742
25.027049 -6.965188
25.045787 -6.942177
25.064575 -6.915656
25.087109 -6.893439
25.110137 -6.880839
25.134891 -6.858655
25.152658 -6.836924
25.179173 -6.813657
25.196649 -6.790073
25.214949 -6.764469
25.238071 -6.745403
25.260101 -6.725027
25.271970 -6.694340
25.293748 -6.669525
25.317268 -6.655823
25.340124 -6.633242
25.359510 -6.609317
25.381898 -6.586174
25.403560 -6.569304
25.425085 -6.550954
25.438484 -6.524169
25.455047 -6.497985
25.481457 -6.481924
25.504735 -6.463044
25.515918 -6.435858
25.533887 -6.411173
25.561251 -6.394940
25.586067 -6.379409
25.601887 -6.360606
25.622555 -6.335776
25.645624 -6.309502
25.660998 -6.288659
25.679198 -6.269891
25.696986 -6.246682
25.721117 -6.234652
25.741588 -6.212405
25.762974 -6.192759
25.786687 -6.176658
25.805597 -6.163629
25.820818 -6.142415
25.836251 -6.117508
25.858285 -6.107850
25.883286 -6.090474
25.901249 -6.077061
25.916290 -6.057323
25.935794 -6.047073
25.959408 -6.037808
25.982266 -6.025945
25.999488 -6.009010
26.015287 -5.991685
26.039431 -5.978731
26.061230 -5.963342
26.081075 -5.951434
26.098398 -5.938382
26.120840 -5.922447
26.145468 -5.908946
26.164961 -5.899436
26.192688 -5.890969
26.216415 -5.873945
26.235128 -5.852597
26.252113 -5.841017
26.279506 -5.833655
26.304725 -5.823119
26.321740 -5.798605
26.336746 -5.781268
26.363838 -5.772793
26.391512 -5.768022
26.413365 -5.748937
26.427618 -5.728817
26.452536 -5.717169
26.480382 -5.711476
26.503885 -5.698883
26.526037 -5.681096
26.542785 -5.663969
26.560617 -5.648706
26.588354 -5.650404
26.609216 -5.634076
26.624050 -5.617661
26.644809 -5.608354
26.670592 -5.602632
26.686364 -5.587154
26.703255 -5.571138
26.724799 -5.562397
26.746504 -5.553474
26.761965 -5.537622
26.775767 -5.526735
26.796284 -5.501348
26.814674 -5.491268
26.831113 -5.484485
26.853370 -5.470395
26.869000 -5.464710
26.887353 -5.446313
26.902891 -5.436006
26.922123 -5.433514
26.939226 -5.424708
26.953012 -5.414930
26.972241 -5.401721
26.990312 -5.391820
27.003880 -5.386104
27.020684 -5.376001
27.037540 -5.362387
27.054503 -5.352286
27.068353 -5.338074
27.085289 -5.329820
27.104129 -5.321594
27.117210 -5.305707
27.132001 -5.292248
27.153924 -5.290165
27.168879 -5.276339
27.183321 -5.265092
27.197972 -5.250337
27.208801 -5.236636
27.229296 -5.234532
27.245786 -5.224239
27.259182 -5.208542
27.275046 -5.197685
27.291479 -5.191272
27.305633 -5.177988
27.323672 -5.170305
27.346979 -5.160296
27.360695 -5.144419
27.377349 -5.133759
27.394011 -5.122544
27.411270 -5.113926
27.429671 -5.103106
27.446019 -5.091702
27.461754 -5.078811
27.480940 -5.068557
27.493545 -5.052664
27.509861 -5.043477
27.531184 -5.038983
27.549193 -5.022429
27.563514 -5.008594
27.584875 -5.001513
27.599596 -4.992858
27.619702 -4.984835
27.637756 -4.976043
27.656187 -4.963191
27.673156 -4.952720
27.689482 -4.942794
27.709940 -4.932374
27.724669 -4.923164
27.745581 -4.914229
27.760332 -4.903541
27.777336 -4.890669
27.797154 -4.880609
27.814211 -4.874944
27.830395 -4.863907
27.848473 -4.853453
27.864972 -4.842606
27.877397 -4.828188
27.890887 -4.816927
27.912646 -4.815211
27.931577 -4.800704
27.942228 -4.788293
27.955070 -4.777947
27.973143 -4.767862
27.987243 -4.758273
28.002852 -4.754065
28.019119 -4.737301
28.033251 -4.736398
28.048144 -4.726821
28.064277 -4.719295
28.081052 -4.711224
28.095286 -4.703300
28.114212 -4.689162
28.129669 -4.684398
28.146565 -4.678915
28.161639 -4.667862
28.179172 -4.662204
28.195019 -4.652456
28.214937 -4.646463
28.232379 -4.636184
28.249433 -4.630704
28.269181 -4.614545
28.287671 -4.608531
28.304554 -4.603973
28.322603 -4.595550
28.336830 -4.588181
28.356000 -4.579036
28.374200 -4.571170
28.391528 -4.568650
28.412247 -4.562115
28.428896 -4.551824
28.444415 -4.542810
28.465881 -4.539427
28.486412 -4.534921
28.502173 -4.531085
28.514763 -4.516301
28.530484 -4.504333
28.556197 -4.503414
28.573055 -4.500518
28.594048 -4.496943
28.609944 -4.494772
28.622888 -4.477406
28.639002 -4.471172
28.663955 -4.468025
28.686316 -4.468535
28.702327 -4.458420
28.721266 -4.454261
28.737687 -4.437868
28.754946 -4.429250
28.775223 -4.431208
28.796464 -4.421539
28.814325 -4.415146
28.828062 -4.397791
28.849977 -4.396262
28.867961 -4.392274
28.883502 -4.381782
28.900251 -4.375558
28.920375 -4.366242
28.939365 -4.358573
28.958146 -4.343508
28.973421 -4.340404
28.992201 -4.336243
29.010578 -4.327086
29.026727 -4.318451
29.048580 -4.310269
29.065387 -4.299981
29.084789 -4.296752
29.102975 -4.289810
29.120390 -4.281378
29.141850 -4.267462
29.157994 -4.259197
29.175035 -4.254640
29.194202 -4.245680
29.208897 -4.238871
29.229045 -4.227893
29.249812 -4.218031
29.266905 -4.209965
29.286535 -4.201935
29.305535 -4.193526
29.320103 -4.184499
29.339443 -4.174617
29.361272 -4.168097
29.378880 -4.157266
29.399951 -4.148334
29.413680 -4.142435
29.432880 -4.131258
29.452037 -4.123036
29.468172 -4.115325
29.490326 -4.108256
29.507418 -4.100189
29.524212 -4.090825
29.541901 -4.085354
29.565080 -4.073310
29.581013 -4.068553
29.601331 -4.056837
29.617942 -4.049133
29.635010 -4.042729
29.654836 -4.032115
29.675598 -4.033526
29.698750 -4.023330
29.713944 -4.014866
29.733028 -4.011633
29.754258 -4.002702
29.774371 -3.994125
29.793009 -3.988853
29.809897 -3.983924
29.829495 -3.978112
29.843756 -3.968341
29.868483 -3.958907
29.885581 -3.950470
29.904224 -3.944828
29.921607 -3.938614
29.943272 -3.932462
29.967859 -3.921732
29.983986 -3.914575
30.001368 -3.908361
30.020649 -3.902543
30.038023 -3.896883
30.054325 -3.888620
30.073350 -3.878548
30.092141 -3.873648
30.110080 -3.861898
30.129089 -3.852935
30.141004 -3.851815
30.159989 -3.844515
30.180686 -3.839457
30.198278 -3.829734
30.215991 -3.822601
30.236557 -3.815693
30.251772 -3.805751
30.268639 -3.802301
30.284064 -3.788851
30.305931 -3.779745
30.323163 -3.772974
30.340940 -3.761406
30.361498 -3.755053
30.377840 -3.744019
30.393935 -3.739079
30.404494 -3.732950
30.415998 -3.727389
30.424882 -3.727333
30.429482 -3.727400
30.434423 -3.725809
30.437324 -3.722710
30.439561 -3.721633
30.437931 -3.724566
30.436993 -3.723629
30.435254 -3.723234
30.435552 -3.724532
30.430299 -3.725749
30.429506 -3.725737
30.427869 -3.729224
30.424404 -3.727511
30.421501 -3.730795
30.421511 -3.730056
30.418818 -3.729832
30.417995 -3.731853
30.415433 -3.733478
30.413153 -3.737511
30.411898 -3.736568
30.409997 -3.736356
30.410626 -3.736735
30.405347 -3.739799
30.405957 -3.741471
30.404548 -3.740157
30.403419 -3.741434
30.402494 -3.739573
30.402771 -3.742349
30.402008 -3.740305
30.401217 -3.740109
30.401986 -3.741783
30.402134 -3.742524
30.400709 -3.742319
30.401666 -3.741963
30.399790 -3.740088
30.401537 -3.739929
30.400897 -3.740289
30.400121 -3.739169
30.402148 -3.741601
30.400696 -3.743243
30.400271 -3.739725
30.402156 -3.741046
30.400723 -3.741395
30.401363 -3.741035
30.399911 -3.742677
30.399766 -3.741751
30.398510 -3.740808
30.398946 -3.743587
30.399935 -3.741014
30.398967 -3.742109
30.400564 -3.741393
30.398155 -3.743390
