15.714893 23.470637
15.728009 23.434412
15.741996 23.403533
15.753590 23.371765
15.765139 23.336856
15.777825 23.303779
15.795446 23.271923
15.809223 23.237537
15.819081 23.206348
15.833175 23.171957
15.846985 23.139787
15.859700 23.108742
15.872563 23.076956
15.883754 23.050183
15.891241 23.019583
15.904101 22.987612
15.912575 22.959401
15.923688 22.927270
15.941729 22.902430
15.950621 22.870332
15.958409 22.838620
15.967178 22.808926
15.977159 22.775333
15.994141 22.743117
16.003805 22.709530
16.016547 22.680332
16.031408 22.644081
16.045669 22.610242
16.053284 22.577608
16.063736 22.543639
16.076234 22.508532
16.094202 22.478704
16.107253 22.448947
16.113544 22.412452
16.119670 22.375590
16.130423 22.340508
16.142875 22.313162
16.160623 22.279087
16.167340 22.239260
16.176905 22.209739
16.187647 22.173918
16.202102 22.142478
16.216400 22.111225
16.223199 22.076940
16.232258 22.045393
16.247057 22.015796
16.257584 21.987000
16.266936 21.953787
16.272563 21.926171
16.280243 21.897971
16.292375 21.870446
16.300991 21.841123
16.307448 21.805180
16.317666 21.776943
16.330456 21.751071
16.339841 21.720074
16.345975 21.694669
16.351723 21.664464
16.366462 21.641705
16.370562 21.607275
16.380949 21.579774
16.388624 21.551205
16.396799 21.524291
16.405420 21.495338
16.414885 21.469884
16.426111 21.434611
16.438912 21.409478
16.450085 21.381412
16.459324 21.351341
16.466821 21.321481
16.480553 21.294856
16.493572 21.262882
16.502048 21.234856
16.514161 21.206037
16.522543 21.171544
16.532645 21.146265
16.540903 21.114176
16.551880 21.083526
16.560509 21.055127
16.569778 21.027089
16.581076 20.996804
16.585974 20.962731
16.600453 20.932954
16.612354 20.900442
16.620029 20.871873
16.630599 20.846033
16.639010 20.813572
16.651895 20.794167
16.663051 20.764992
16.671989 20.736035
16.689503 20.707692
16.698028 20.682990
16.702700 20.655204
16.711920 20.623840
16.728171 20.595885
16.736195 20.569528
16.743676 20.538559
16.754623 20.505876
16.769045 20.483122
16.780610 20.449322
16.789199 20.418152
16.797056 20.391243
16.806522 20.365789
16.815473 20.337755
16.830272 20.308158
16.839111 20.283268
16.847090 20.253770
16.853950 20.223734
16.859721 20.195192
16.876233 20.174255
16.881961 20.142757
16.892986 20.115433
16.902314 20.091459
16.913013 20.063585
16.920032 20.033546
16.929322 20.006986
16.939731 19.980964
16.948315 19.949425
16.956535 19.925652
16.968525 19.899237
16.977033 19.873427
16.982589 19.841008
16.991874 19.814078
16.999772 19.789941
17.008106 19.763025
17.016047 19.730940
17.028856 19.706362
17.029808 19.673640
17.040354 19.646137
17.051386 19.619367
17.056316 19.587511
17.069846 19.568835
17.078134 19.538778
17.084389 19.510784
17.088540 19.479864
17.103008 19.449347
17.114285 19.417584
17.119557 19.387386
17.127659 19.355485
17.143869 19.324758
17.152173 19.295810
17.163888 19.261453
17.178534 19.232228
17.181810 19.195777
17.192131 19.163658
17.206225 19.129266
17.209338 19.103350
17.221118 19.073427
17.239683 19.041004
17.252277 19.012547
17.266603 18.983142
17.273560 18.948854
17.283372 18.914525
17.295176 18.886265
17.308230 18.856694
17.321666 18.820649
17.328951 18.787096
17.335797 18.756136
17.349459 18.724707
17.360419 18.692949
17.374874 18.661509
17.386667 18.632510
17.395740 18.601887
17.409027 18.566584
17.421108 18.535548
17.432216 18.503048
17.447859 18.476949
17.451579 18.438274
17.461544 18.403573
17.477136 18.373965
17.492526 18.341402
17.502398 18.311138
17.518602 18.280042
17.531538 18.242341
17.549582 18.217686
17.558891 18.181516
17.575738 18.150965
17.586668 18.117174
17.598626 18.077640
17.610177 18.042916
17.627855 18.014940
17.640941 17.976683
17.655643 17.940435
17.676950 17.911112
17.688450 17.872878
17.706040 17.838805
17.718408 17.805733
17.733753 17.770030
17.751164 17.734666
17.763495 17.699007
17.774143 17.667622
17.788052 17.631385
17.805760 17.594539
17.823333 17.570261
17.836008 17.536444
17.840459 17.493508
17.862543 17.463066
17.882286 17.435245
17.893541 17.402003
17.906824 17.366330
17.918558 17.333267
17.929502 17.300399
17.945220 17.268571
17.959481 17.234732
17.974936 17.206604
17.987285 17.172238
17.999622 17.136948
18.012969 17.105709
18.023292 17.073774
18.038214 17.041773
18.049784 17.008343
18.062677 16.978588
18.078242 16.947132
18.088930 16.907616
18.104076 16.880047
18.113103 16.846284
18.128888 16.808172
18.142832 16.774337
18.153125 16.740370
18.165787 16.705630
18.176212 16.669814
18.193623 16.634450
18.208842 16.600967
18.224030 16.565450
18.233337 16.529096
18.253205 16.499056
18.269768 16.459824
18.280305 16.420864
18.298381 16.387524
18.312290 16.351287
18.322594 16.318060
18.337457 16.281994
18.354493 16.242570
18.365052 16.205089
18.379905 16.168284
18.396488 16.130530
18.410446 16.097619
18.428551 16.055408
18.439919 16.019024
18.454272 15.980563
18.473396 15.942957
18.490802 15.907224
18.504104 15.872844
18.512233 15.831887
18.526319 15.796942
18.541013 15.771042
18.552449 15.728374
18.572146 15.708314
18.581277 15.670854
18.593918 15.634635
18.603340 15.595323
18.619200 15.562384
18.638069 15.529032
18.648615 15.490627
18.656962 15.453732
18.674825 15.416699
18.692874 15.381510
18.710858 15.352791
18.716740 15.310019
18.729684 15.272872
18.745698 15.239562
18.766862 15.200447
18.778212 15.162770
18.792618 15.128004
18.811804 15.094647
18.823614 15.055854
18.843345 15.016392
18.855010 14.978524
18.863499 14.929616
18.893373 14.900354
18.905530 14.852686
18.917454 14.810935
18.937842 14.772940
18.953687 14.727991
18.965351 14.690124
18.977475 14.640238
18.998505 14.602789
19.014898 14.562821
19.034194 14.526136
19.047043 14.482523
19.055501 14.442301
19.071418 14.402339
19.095190 14.367992
19.104744 14.326829
19.109644 14.282038
19.131459 14.244024
19.132521 14.207974
19.154801 14.158311
19.174261 14.121993
19.184627 14.082112
19.194597 14.047781
19.205743 14.006965
19.224491 13.954396
19.238886 13.918892
19.253572 13.892438
19.267233 13.850107
19.279021 13.809836
19.294022 13.772290
19.309925 13.731404
19.330644 13.694329
19.345192 13.658453
19.358886 13.618339
19.377790 13.576486
19.396855 13.534815
19.415140 13.494080
19.425033 13.454391
19.441654 13.408321
19.461429 13.360911
19.481327 13.311098
19.500516 13.267023
19.522697 13.221427
19.537630 13.179262
19.562942 13.141750
19.584400 13.100969
19.602790 13.056536
19.625035 13.015374
19.647762 12.974574
19.670120 12.930268
19.685489 12.896228
19.704828 12.851597
19.726871 12.807481
19.741702 12.758295
19.760383 12.722913
19.792742 12.689919
19.807960 12.645532
19.822438 12.604853
19.834753 12.568085
19.863047 12.528313
19.878644 12.488171
19.904161 12.453798
19.916659 12.407788
19.932194 12.363397
19.956208 12.323872
19.979491 12.288607
20.003236 12.252412
20.021984 12.210746
20.029167 12.170173
20.045840 12.127613
20.076545 12.090023
20.093803 12.055031
20.109667 12.011375
20.126839 11.970471
20.147711 11.933024
20.162071 11.895118
20.187190 11.855207
20.205747 11.811326
20.216046 11.766827
20.229976 11.721165
20.259157 11.676945
20.276561 11.630125
20.291174 11.587780
20.310483 11.541116
20.326962 11.496157
20.346796 11.463715
20.364590 11.421878
20.380480 11.380069
20.385415 11.337680
20.390098 11.299730
20.418631 11.265498
20.435169 11.224603
20.439419 11.178713
20.449731 11.135137
20.462710 11.100393
20.477084 11.063410
20.498907 11.025950
20.516711 10.995754
20.525123 10.952391
20.533370 10.908660
20.551042 10.869412
20.567817 10.833873
20.591858 10.807098
20.602455 10.761301
20.614453 10.724538
20.625009 10.686871
20.647454 10.648478
20.667328 10.607904
20.683489 10.573852
20.689148 10.537551
20.705743 10.500536
20.724843 10.461267
20.745714 10.423821
20.765110 10.383069
20.783745 10.344546
20.794914 10.305393
20.821168 10.267129
20.842319 10.227091
20.857287 10.187328
20.870303 10.144267
20.892879 10.114926
20.910412 10.076974
20.932668 10.036550
20.955459 10.000184
20.975729 9.964964
20.992570 9.923141
21.005944 9.882847
21.027200 9.850014
21.042421 9.805812
21.065250 9.772033
21.090122 9.736930
21.104493 9.699763
21.124031 9.657901
21.137617 9.621299
21.164715 9.586534
21.185130 9.550387
21.207566 9.511440
21.222580 9.474817
21.241489 9.433334
21.261266 9.397012
21.276387 9.356877
21.292157 9.317657
21.310413 9.285792
21.327125 9.246003
21.347723 9.211517
21.369710 9.174424
21.397404 9.137063
21.416937 9.105733
21.428408 9.065467
21.448796 9.027473
21.464608 8.991209
21.480192 8.950143
21.504117 8.915424
21.521201 8.879326
21.531967 8.834265
21.548989 8.793918
21.573853 8.758261
21.590523 8.726419
21.604977 8.684076
21.626456 8.644773
21.645761 8.608642
21.668702 8.571720
21.687770 8.530234
21.702227 8.488076
21.717123 8.454227
21.733569 8.417954
21.752054 8.379988
21.765640 8.343386
21.780503 8.307320
21.796754 8.268463
21.802574 8.232344
21.816784 8.194994
21.830053 8.158397
21.845048 8.120482
21.864831 8.084529
21.875403 8.047972
21.886396 8.007527
21.898694 7.969651
21.921061 7.936802
21.938359 7.904582
21.947653 7.867304
21.964739 7.831390
21.987380 7.795581
22.007700 7.763871
22.021260 7.725422
22.027983 7.685964
22.047319 7.652050
22.066938 7.615730
22.089772 7.582321
22.095536 7.542322
22.105248 7.501157
22.127276 7.466835
22.145787 7.430716
22.158225 7.391544
22.159505 7.348654
22.175139 7.311099
22.205033 7.283130
22.197250 7.238894
22.206533 7.200877
22.223737 7.162190
22.232130 7.128436
22.244740 7.090185
22.252477 7.054963
22.263776 7.024677
22.272284 6.987965
22.281265 6.951061
22.296680 6.920161
22.301153 6.889606
22.311134 6.856013
22.322556 6.823324
22.329328 6.787191
22.336339 6.756599
22.349852 6.725912
22.355498 6.699589
22.366600 6.666720
22.377428 6.636811
22.380899 6.602759
22.390748 6.571016
22.401856 6.538516
22.407894 6.506460
22.410466 6.476117
22.417641 6.445891
22.427289 6.411195
22.432480 6.386358
22.434507 6.351218
22.444399 6.322432
22.451249 6.291657
22.453163 6.259660
22.460313 6.227772
22.467811 6.197912
22.473273 6.169929
22.473171 6.141103
22.481039 6.114933
22.488717 6.086548
22.491160 6.047337
22.499655 6.020604
22.512991 5.999528
22.503273 5.964005
22.504786 5.937189
22.509445 5.908478
22.509598 5.875398
22.513783 5.846880
22.515813 5.822828
22.510385 5.798699
22.517560 5.768474
22.521934 5.741985
22.522135 5.712231
22.522976 5.682837
22.527003 5.654321
22.531492 5.624874
22.537944 5.599463
22.541194 5.572067
22.530599 5.541731
22.532166 5.518609
22.543849 5.492938
22.542199 5.466722
22.536841 5.436494
22.538663 5.409119
22.543091 5.386325
22.542964 5.355837
22.540679 5.329630
22.535211 5.302730
22.532810 5.279481
22.535390 5.249692
22.540995 5.220599
22.544321 5.198376
22.538497 5.168894
22.538559 5.140435
22.541279 5.109351
22.542994 5.085488
22.540997 5.057244
22.540107 5.028799
22.538717 4.998699
22.541555 4.964841
22.539550 4.936043
22.544241 4.909549
22.552692 4.879860
22.555179 4.854507
22.540775 4.824042
22.544624 4.794235
22.553452 4.768605
22.546635 4.736181
22.544954 4.707933
22.546736 4.677786
22.546053 4.652664
22.548462 4.621954
22.546002 4.594641
22.544878 4.571928
22.541456 4.543890
22.546426 4.514805
22.542848 4.486954
22.545541 4.464925
22.544054 4.439076
22.544323 4.413940
22.540737 4.385535
22.544186 4.360908
22.536951 4.332555
22.534061 4.308390
22.528870 4.278714
22.535053 4.256634
22.533028 4.226543
22.522861 4.192874
22.521673 4.165727
22.514898 4.136259
22.512650 4.112639
22.508720 4.082391
22.505577 4.051761
22.500480 4.028552
22.493915 4.002592
22.489079 3.975498
22.477072 3.946291
22.472389 3.918826
22.476534 3.887536
22.468045 3.860126
22.456681 3.831464
22.455277 3.800439
22.452121 3.768886
22.444841 3.737393
22.439077 3.711976
22.434891 3.685981
22.421391 3.652176
22.425270 3.613499
22.422003 3.585273
22.410481 3.556614
22.399951 3.519809
22.398364 3.487124
22.401700 3.454737
22.387866 3.419829
22.371647 3.384585
22.372144 3.353348
22.370687 3.318629
22.362380 3.281976
22.353627 3.247363
22.348164 3.209930
22.345104 3.174126
22.337491 3.130626
22.331703 3.092643
22.323259 3.057471
22.317070 3.013766
22.312180 2.972075
22.304499 2.934859
22.296778 2.894872
22.286578 2.848083
22.279994 2.809928
22.270045 2.769419
22.261670 2.728148
22.254258 2.687602
22.244443 2.645428
22.234459 2.602517
22.229904 2.562114
22.217535 2.518868
22.209338 2.478888
22.196340 2.436021
22.184345 2.396651
22.171500 2.353412
22.160824 2.306631
22.151087 2.269814
22.138108 2.228241
22.126822 2.183131
22.108899 2.139782
22.096264 2.100051
22.085500 2.058075
22.074442 2.017767
22.064490 1.977073
22.055804 1.936176
22.043435 1.892931
22.024600 1.852366
22.018887 1.808654
22.007169 1.766508
21.991905 1.720532
21.978154 1.680448
21.968715 1.642334
21.953609 1.596356
21.940635 1.555152
21.925368 1.508992
21.910966 1.467809
21.898592 1.424194
21.877932 1.378112
21.865109 1.336351
21.848831 1.286140
21.830744 1.242424
21.808199 1.197663
21.792172 1.153731
21.784273 1.112453
21.767592 1.067238
21.740295 1.022916
21.710946 0.979363
21.693523 0.937669
21.687536 0.886015
21.664898 0.845691
21.635259 0.803990
21.615449 0.761777
21.594340 0.717550
21.581958 0.673380
21.568919 0.627742
21.548189 0.587759
21.526355 0.548163
21.510816 0.505148
21.488925 0.461671
21.472760 0.419220
21.459251 0.373958
21.442433 0.330223
21.422048 0.292083
21.406797 0.247032
21.390613 0.203287
21.379515 0.160208
21.364315 0.118667
21.340973 0.073548
21.325402 0.028316
21.310019 -0.014886
21.303400 -0.055443
21.290899 -0.096839
21.273154 -0.138898
21.255405 -0.181141
21.240162 -0.225638
21.224097 -0.272156
21.215556 -0.313980
21.196678 -0.357500
21.180653 -0.401247
21.165612 -0.442790
21.153192 -0.489546
21.135954 -0.529395
21.124574 -0.570068
21.106342 -0.612859
21.095277 -0.653721
21.085558 -0.700147
21.072055 -0.745039
21.059742 -0.784405
21.044045 -0.827417
21.044018 -0.872875
21.031213 -0.913343
21.016465 -0.956554
21.005711 -0.997790
20.994791 -1.039579
20.988514 -1.078478
20.975629 -1.124488
20.962708 -1.161997
20.945594 -1.204250
20.940747 -1.242985
20.930268 -1.287182
20.922875 -1.326435
20.904172 -1.368849
20.887080 -1.409624
20.881071 -1.451854
20.875068 -1.493714
20.862416 -1.534553
20.847424 -1.572771
20.834958 -1.611765
20.826753 -1.652300
20.814878 -1.694259
20.801781 -1.733059
20.788683 -1.771859
20.777510 -1.809209
20.768381 -1.847882
20.756982 -1.889848
20.744858 -1.927184
20.726988 -1.966839
20.709960 -2.003179
20.694368 -2.038986
20.681738 -2.078348
20.671692 -2.114605
20.656137 -2.147826
20.642609 -2.183478
20.629547 -2.219876
20.613272 -2.259000
20.605518 -2.290301
20.587512 -2.328476
20.572678 -2.366696
20.556908 -2.403794
20.542985 -2.433897
20.540393 -2.470263
20.529591 -2.503922
20.511668 -2.536369
20.491643 -2.571558
20.477623 -2.608312
20.472870 -2.640581
20.465848 -2.676143
20.445863 -2.708560
20.430290 -2.743074
20.426002 -2.776089
20.412049 -2.808224
20.408533 -2.842729
20.398874 -2.874187
20.383222 -2.903156
20.374106 -2.940905
20.365559 -2.983098
20.359019 -3.007395
20.350862 -3.044604
20.344402 -3.074261
20.328968 -3.110071
20.324336 -3.144929
20.316830 -3.181038
20.316666 -3.214113
20.304515 -3.242394
20.296866 -3.277393
20.291979 -3.307997
20.286618 -3.338409
20.279161 -3.371194
20.275843 -3.402929
20.266979 -3.434214
20.261888 -3.467957
20.256207 -3.498549
20.251298 -3.530632
20.249725 -3.562393
20.239388 -3.596798
20.238783 -3.627464
20.233108 -3.657687
20.226589 -3.691409
20.224564 -3.721500
20.225758 -3.748497
20.215451 -3.780870
20.209746 -3.813125
20.208200 -3.843039
20.202366 -3.873260
20.196530 -3.903665
20.193774 -3.929496
20.190521 -3.956797
20.187061 -3.987422
20.182649 -4.018033
20.175920 -4.044360
20.171465 -4.067024
20.163086 -4.097762
20.162145 -4.129717
20.156703 -4.154770
20.144896 -4.181208
20.129734 -4.209260
20.134584 -4.235755
20.131900 -4.267500
20.117230 -4.294451
20.114125 -4.322494
20.114144 -4.353909
20.117050 -4.383148
20.111275 -4.409304
20.097027 -4.439956
20.093424 -4.469470
20.100153 -4.497657
20.094147 -4.528799
20.083697 -4.560061
20.081512 -4.590335
20.086420 -4.623668
20.088877 -4.651053
20.086492 -4.684096
20.084489 -4.712709
20.083812 -4.748364
20.082725 -4.779393
20.083131 -4.806009
20.084596 -4.836151
20.084080 -4.871623
20.082690 -4.901724
20.072054 -4.934831
20.060231 -4.962377
20.067570 -4.992236
20.073632 -5.022629
20.066970 -5.055240
20.068919 -5.084835
20.074059 -5.113183
20.083911 -5.144741
20.080451 -5.175365
20.069085 -5.204212
20.079792 -5.231532
20.099322 -5.263046
20.094413 -5.295128
20.090617 -5.327042
20.091781 -5.356071
20.089184 -5.381903
20.098211 -5.404764
20.107345 -5.431137
20.110902 -5.459277
20.109049 -5.488447
20.126770 -5.513467
20.142739 -5.539016
20.149836 -5.563696
20.148663 -5.589735
20.149220 -5.616907
20.159220 -5.649206
20.175167 -5.676233
20.175564 -5.703403
20.174666 -5.732402
20.171757 -5.757860
20.186430 -5.774336
20.193779 -5.803455
20.198266 -5.833086
20.207704 -5.860388
20.217938 -5.887516
20.232253 -5.906758
20.238864 -5.932171
20.248834 -5.955599
20.256361 -5.983427
20.264926 -6.005357
20.278005 -6.033266
20.287516 -6.055580
20.297661 -6.077902
20.308124 -6.100229
20.322207 -6.124457
20.333434 -6.148828
20.348375 -6.168633
20.362389 -6.186762
20.376771 -6.212288
20.389887 -6.237610
20.402624 -6.256275
20.418315 -6.279047
20.432157 -6.298098
20.443752 -6.318963
20.453728 -6.342022
20.468763 -6.366264
20.483855 -6.386626
20.499477 -6.403299
20.504936 -6.431467
20.517254 -6.457147
20.530606 -6.477114
20.544873 -6.499682
20.562094 -6.515455
20.574984 -6.534491
20.589289 -6.554472
20.607547 -6.575249
20.625166 -6.596387
20.644248 -6.615144
20.660622 -6.634601
20.675999 -6.657184
20.691924 -6.674786
20.709847 -6.696852
20.731261 -6.718785
20.751173 -6.734966
20.771362 -6.753924
20.792307 -6.775480
20.815004 -6.796507
20.832824 -6.814691
20.854906 -6.834415
20.875527 -6.856336
20.897359 -6.871437
20.917018 -6.894083
20.933556 -6.924075
20.955065 -6.939541
20.976757 -6.953346
20.997467 -6.969170
21.016054 -6.989213
21.041641 -7.007880
21.066435 -7.026535
21.091987 -7.047604
21.109219 -7.062638
21.139503 -7.074721
21.157199 -7.090501
21.176945 -7.107234
21.202795 -7.129601
21.223285 -7.149672
21.246275 -7.161463
21.261574 -7.178502
21.281430 -7.198564
21.303735 -7.213856
21.326206 -7.228597
21.346274 -7.244966
21.366035 -7.260591
21.386434 -7.276041
21.408451 -7.289297
21.428855 -7.304377
21.450157 -7.323166
21.469149 -7.337117
21.491618 -7.352043
21.514487 -7.361246
21.536278 -7.379118
21.553311 -7.396921
21.571385 -7.419544
21.591853 -7.430190
21.615077 -7.436811
21.636712 -7.454496
21.656471 -7.470306
21.677660 -7.485952
21.707312 -7.497841
21.726928 -7.512540
21.737579 -7.532837
21.755368 -7.542336
21.790251 -7.554486
21.811313 -7.567912
21.839812 -7.582741
21.864195 -7.596955
21.895462 -7.595932
21.917853 -7.605313
21.944136 -7.619739
21.966287 -7.634660
21.998063 -7.642330
22.025914 -7.647170
22.051321 -7.656410
22.080542 -7.665151
22.107441 -7.680880
22.136109 -7.684069
22.171186 -7.693819
22.199332 -7.700142
22.224922 -7.707722
22.263636 -7.718264
22.292508 -7.718315
22.327827 -7.722340
22.360081 -7.729831
22.391125 -7.733240
22.425734 -7.731526
22.457641 -7.741046
22.490422 -7.745034
22.523322 -7.751796
22.555914 -7.757814
22.590233 -7.765151
22.621192 -7.763569
22.654628 -7.776991
22.694498 -7.784408
22.729123 -7.792489
22.762558 -7.795193
22.796659 -7.795690
22.831762 -7.803592
22.863124 -7.817908
22.893391 -7.820197
22.929780 -7.816106
22.956940 -7.813915
22.995019 -7.824448
23.027604 -7.831020
23.061702 -7.820799
23.098954 -7.822819
23.129348 -7.827327
23.160457 -7.837204
23.196439 -7.828304
23.229699 -7.821212
23.263891 -7.826329
23.301928 -7.828916
23.335453 -7.825338
23.369310 -7.820842
23.405182 -7.819516
23.436453 -7.818308
23.471787 -7.821225
23.505950 -7.817472
23.537153 -7.809980
23.564921 -7.798743
23.595750 -7.795126
23.629725 -7.793403
23.660135 -7.785900
23.690757 -7.774704
23.721078 -7.762395
23.748633 -7.754850
23.778094 -7.747148
23.811367 -7.739132
23.841237 -7.725153
23.866754 -7.715916
23.898468 -7.706029
23.930152 -7.698175
23.953441 -7.689459
23.986394 -7.670721
24.015283 -7.658760
24.043561 -7.645128
24.066073 -7.624389
24.092588 -7.601122
24.123258 -7.586601
24.154725 -7.571906
24.177973 -7.555059
24.203388 -7.541939
24.230457 -7.524224
24.254864 -7.514970
24.280250 -7.492980
24.306888 -7.461214
24.329865 -7.452124
24.364101 -7.432481
24.389021 -7.420647
24.410775 -7.397496
24.434854 -7.378074
24.467401 -7.365427
24.488773 -7.346705
24.512936 -7.321556
24.536528 -7.302866
24.561731 -7.282536
24.586189 -7.258869
24.613672 -7.245410
24.639869 -7.233041
24.664086 -7.215099
24.692633 -7.193894
24.705832 -7.180782
24.721779 -7.164198
24.742213 -7.144538
24.763884 -7.116211
24.782842 -7.088953
24.808733 -7.075840
24.833290 -7.056241
24.845611 -7.027223
24.868163 -7.003713
24.893422 -6.990407
24.922115 -6.970128
24.945702 -6.951807
24.969603 -6.933676
24.986922 -6.910090
25.008807 -6.877886
25.033107 -6.854217
25.059041 -6.838148
25.077179 -6.812726
25.099602 -6.787182
25.124566 -6.761490
25.145481 -6.741468
25.173536 -6.721364
25.198182 -6.695668
25.216237 -6.675973
25.241864 -6.659161
25.268691 -6.636268
25.284552 -6.603791
25.300311 -6.578334
25.328984 -6.559349
25.353018 -6.532165
25.362962 -6.502928
25.388536 -6.478908
25.415314 -6.459340
25.440807 -6.440863
25.458924 -6.416919
25.484465 -6.395116
25.508558 -6.374770
25.525304 -6.346926
25.543514 -6.327418
25.569454 -6.310980
25.591796 -6.290978
25.611716 -6.262995
25.634462 -6.247989
25.655334 -6.230922
25.680177 -6.213544
25.704898 -6.193577
25.725483 -6.174474
25.740833 -6.144392
25.762006 -6.128438
25.791029 -6.118143
25.811554 -6.103104
25.830289 -6.080278
25.850338 -6.065232
25.876829 -6.043628
25.901228 -6.034928
25.921742 -6.020629
25.941061 -6.001322
25.964613 -5.985403
25.987799 -5.972806
26.010583 -5.955213
26.032694 -5.940197
26.053343 -5.927562
26.078535 -5.907972
26.101436 -5.893152
26.122421 -5.879229
26.145893 -5.857950
26.169985 -5.848507
26.193296 -5.838313
26.217649 -5.821852
26.239309 -5.805166
26.259837 -5.789943
26.286770 -5.792367
26.313726 -5.782412
26.335082 -5.764798
26.356457 -5.745891
26.378517 -5.734385
26.406273 -5.723887
26.434791 -5.715617
26.460870 -5.700474
26.474129 -5.683297
26.497936 -5.660729
26.529118 -5.654716
26.550853 -5.643760
26.570287 -5.627412
26.592720 -5.612031
26.623768 -5.604352
26.642381 -5.589840
26.659780 -5.571614
26.684856 -5.559968
26.709441 -5.549423
26.727383 -5.537488
26.750362 -5.528214
26.766860 -5.506464
26.788318 -5.492732
26.805833 -5.488367
26.828471 -5.480751
26.847394 -5.466797
26.862080 -5.449641
26.879234 -5.437325
26.898514 -5.431507
26.916577 -5.422161
26.932492 -5.407794
26.948283 -5.391024
26.967125 -5.382613
26.982604 -5.376370
26.997949 -5.368463
27.014138 -5.357057
27.031443 -5.345297
27.047616 -5.335000
27.066146 -5.326215
27.079456 -5.316430
27.093414 -5.305731
27.108291 -5.297262
27.124404 -5.291029
27.145338 -5.280616
27.157228 -5.270256
27.172595 -5.260870
27.190867 -5.248016
27.205720 -5.241210
27.220979 -5.239215
27.235939 -5.225019
27.252445 -5.213618
27.272218 -5.206699
27.292670 -5.196648
27.305714 -5.183348
27.325204 -5.174023
27.343154 -5.161534
27.359727 -5.145514
27.369690 -5.136789
27.393922 -5.128641
27.408982 -5.118512
27.424459 -5.101552
27.436984 -5.091201
27.459455 -5.084137
27.475854 -5.069222
27.483572 -5.051225
27.504387 -5.048941
27.522264 -5.041440
27.536303 -5.025198
27.548247 -5.011143
27.563594 -5.003051
27.584440 -4.998735
27.601387 -4.989742
27.613325 -4.976057
27.630017 -4.962810
27.647257 -4.944582
27.661752 -4.940543
27.681761 -4.939171
27.698456 -4.925739
27.709478 -4.909638
27.725156 -4.900627
27.746479 -4.896133
27.765669 -4.885694
27.778968 -4.876648
27.795933 -4.866362
27.817701 -4.853190
27.832841 -4.848421
27.846105 -4.841776
27.866894 -4.830437
27.883685 -4.821257
27.901605 -4.810800
27.919713 -4.798314
27.935854 -4.790233
27.952121 -4.784372
27.969834 -4.777238
27.986969 -4.766215
28.004957 -4.751139
28.019301 -4.746544
28.037052 -4.736823
28.053652 -4.729858
28.068476 -4.725085
28.088762 -4.715586
28.102364 -4.707469
28.120755 -4.697388
28.135439 -4.691319
28.153507 -4.681603
28.172983 -4.673202
28.188823 -4.664008
28.203848 -4.656281
28.223784 -4.648994
28.239618 -4.640170
28.252103 -4.632591
28.266980 -4.624122
28.282617 -4.617882
28.300659 -4.610014
28.317565 -4.603792
28.334004 -4.597010
28.347467 -4.587597
28.365500 -4.580283
28.382205 -4.577015
28.402432 -4.571581
28.420008 -4.562967
28.435960 -4.556916
28.452907 -4.547923
28.474097 -4.541764
28.489256 -4.535702
28.505905 -4.525411
28.521682 -4.520467
28.539226 -4.514070
28.561092 -4.515866
28.580287 -4.505058
28.590218 -4.487648
28.605506 -4.483620
28.625176 -4.483722
28.646838 -4.477754
28.662226 -4.477793
28.680628 -4.466974
28.697989 -4.451335
28.719428 -4.449799
28.739297 -4.447131
28.754316 -4.439774
28.777102 -4.432898
28.794101 -4.420395
28.806967 -4.408387
28.828720 -4.407040
28.848603 -4.403449
28.866988 -4.393738
28.881728 -4.383789
28.898350 -4.375346
28.917138 -4.370630
28.934505 -4.365524
28.956189 -4.358078
28.974896 -4.348002
28.994564 -4.337386
29.008479 -4.329643
29.027294 -4.323079
29.047104 -4.313574
29.063863 -4.306611
29.078740 -4.298142
29.099615 -4.291794
29.113371 -4.284048
29.132371 -4.275639
29.149939 -4.267580
29.171344 -4.257543
29.189984 -4.252086
29.204875 -4.242693
29.223728 -4.233544
29.245887 -4.226105
29.264082 -4.218609
29.282128 -4.210371
29.304339 -4.199422
29.322227 -4.191182
29.340677 -4.187940
29.362691 -4.179575
29.379800 -4.170400
29.401163 -4.163134
29.418110 -4.154142
29.439025 -4.145022
29.459341 -4.133491
29.478495 -4.125454
29.497969 -4.117237
29.517007 -4.106242
29.536562 -4.092483
29.557474 -4.083548
29.576975 -4.073483
29.596436 -4.066190
29.615601 -4.057414
29.636026 -4.049211
29.655984 -4.040447
29.673867 -4.032577
29.693018 -4.024725
29.713863 -4.020408
29.731867 -4.015127
29.748803 -4.006873
29.768484 -3.995333
29.788775 -3.985465
29.809782 -3.980966
29.829904 -3.971835
29.846049 -3.963385
29.864523 -3.958479
29.885637 -3.946591
29.907714 -3.944879
29.924158 -3.937727
29.941121 -3.927626
29.964359 -3.922420
29.982061 -3.916026
29.999632 -3.907781
30.015460 -3.899326
30.034590 -3.892952
30.052954 -3.884719
30.072584 -3.876689
30.093529 -3.865537
30.107742 -3.859092
30.125592 -3.853438
30.143488 -3.844644
30.163424 -3.837358
30.182613 -3.826919
30.200789 -3.820716
30.218346 -3.813395
30.236562 -3.804421
30.251213 -3.800569
30.263499 -3.795759
30.273892 -3.790181
30.281551 -3.787151
30.290503 -3.782477
30.295933 -3.779969
30.295906 -3.781817
30.294000 -3.781974
30.293376 -3.781225
30.289672 -3.785052
30.286005 -3.786292
30.284263 -3.786082
30.279940 -3.788791
30.275467 -3.790943
30.271660 -3.790888
30.266391 -3.793214
30.262862 -3.795934
30.260173 -3.795341
30.254079 -3.799872
30.251364 -3.801126
30.246761 -3.801243
30.242890 -3.805622
30.239412 -3.804832
30.238586 -3.807038
30.234288 -3.808084
30.228873 -3.809483
30.226139 -3.812031
30.222962 -3.812354
30.222150 -3.813636
30.222129 -3.815114
30.218481 -3.815061
30.218144 -3.816349
30.215273 -3.817416
30.214147 -3.818508
30.212886 -3.817936
30.210655 -3.818642
30.212053 -3.820695
30.209058 -3.819358
30.209058 -3.819358
30.209991 -3.820665
30.207765 -3.821003
30.206028 -3.820423
30.205544 -3.820970
30.203816 -3.819836
30.203039 -3.818716
30.206031 -3.820238
30.204321 -3.817811
30.204311 -3.818550
30.203364 -3.818167
30.204614 -3.819478
30.204426 -3.821508
30.203292 -3.823155
30.201558 -3.822391
30.202198 -3.822030
30.203004 -3.821118
30.203136 -3.822968
30.203770 -3.822977
30.202517 -3.821850
30.202840 -3.821485
30.201568 -3.821652
30.205644 -3.825037
30.201232 -3.822940
30.203445 -3.823527
30.202337 -3.823326
30.202324 -3.824250
30.202004 -3.824430
30.201517 -3.825162
30.202321 -3.824434
30.201386 -3.823312
30.202009 -3.824060
30.202031 -3.822582
30.200757 -3.822933
30.202004 -3.824430
30.201853 -3.823873
30.200899 -3.824044
30.201216 -3.824049
30.202808 -3.823702
30.200254 -3.824774
30.202332 -3.823695
30.199144 -3.824758
30.202485 -3.824067
30.200724 -3.825150
30.200907 -3.823490
30.201214 -3.824233
30.201520 -3.824977
30.201033 -3.825709
30.201044 -3.824970
30.202310 -3.825173
30.201835 -3.825166
30.200746 -3.823672
30.201036 -3.825524
30.200853 -3.827185
30.202289 -3.826651
30.204426 -3.821508
30.203439 -3.823896
30.203112 -3.824631
30.204066 -3.824460
30.202813 -3.823333
30.203125 -3.823707
30.204060 -3.824829
30.201512 -3.825531
