41.463557 167.977356
41.362655 167.791632
41.256291 167.612085
41.148499 167.443463
41.042692 167.269452
40.931862 167.077405
40.828762 166.904094
40.731156 166.715920
40.621235 166.520903
40.524632 166.336226
40.417291 166.144128
40.317952 165.967621
40.199918 165.781961
40.095604 165.590744
39.992506 165.417618
39.889938 165.226374
39.776673 165.030482
39.654607 164.840262
39.541839 164.656743
39.424259 164.480502
39.306196 164.303713
39.186119 164.119377
39.073604 163.931420
38.954223 163.751324
38.841990 163.582766
38.719279 163.413621
38.598361 163.236874
38.479827 163.060462
38.370102 162.889834
38.255208 162.701912
38.145838 162.512061
38.027288 162.323638
37.913442 162.131450
37.798682 161.941862
37.690872 161.761044
37.586626 161.585347
37.477468 161.410092
37.377478 161.232485
37.270175 161.053877
37.158163 160.878663
37.051003 160.698944
36.928058 160.513726
36.813908 160.333369
36.701076 160.156319
36.585483 159.974874
36.467847 159.783850
36.355453 159.615110
36.232381 159.432111
36.109419 159.256687
35.996996 159.085914
35.874789 158.907892
35.749884 158.729725
35.631603 158.548874
35.521271 158.380103
35.398156 158.194148
35.284237 158.029680
35.160437 157.851127
35.046610 157.671135
34.940821 157.498418
34.831389 157.304318
34.730678 157.120809
34.629827 156.938595
34.516850 156.751569
34.405630 156.565441
34.297438 156.380193
34.183659 156.203526
34.075889 156.025479
33.966576 155.839508
33.862856 155.656412
33.753435 155.484857
33.653663 155.311313
33.531642 155.124233
33.426952 154.950761
33.310856 154.767476
33.186112 154.578588
33.061462 154.396167
32.929828 154.213477
32.810275 154.021557
32.680079 153.828684
32.555910 153.635722
32.429685 153.443160
32.306341 153.252404
32.188420 153.052699
32.068967 152.878518
31.936741 152.698794
31.807688 152.519024
31.689691 152.335951
31.565388 152.155557
31.440372 151.969815
31.324301 151.777290
31.201616 151.577285
31.072172 151.381628
30.953331 151.184154
30.836241 151.008830
30.726976 150.837087
30.599476 150.644174
30.493862 150.461660
30.410347 150.271618
30.304671 150.084855
30.192927 149.906311
30.081060 149.719269
29.976700 149.546716
29.875608 149.369680
29.774810 149.191161
29.669610 149.004391
29.566151 148.806509
29.436442 148.614367
29.322773 148.445276
29.215505 148.247264
29.104275 148.071299
28.996843 147.894725
28.892081 147.705362
28.788826 147.521520
28.683929 147.333822
28.584982 147.151581
28.484625 146.970654
28.373997 146.781561
28.273267 146.596759
28.163018 146.390105
28.057903 146.198344
27.955517 146.008762
27.852486 145.818449
27.758839 145.640751
27.656859 145.468163
27.559401 145.290150
27.459273 145.103121
27.338991 144.926550
27.236734 144.745835
27.130523 144.555015
27.022107 144.365335
26.900906 144.180091
26.787818 143.996393
26.686523 143.816404
26.582311 143.632206
26.475299 143.440843
26.367961 143.259833
26.251238 143.066209
26.150801 142.890642
26.030450 142.687461
25.907651 142.490599
25.788050 142.295354
25.686379 142.122207
25.577250 141.938082
25.468482 141.735102
25.367553 141.547531
25.273253 141.368548
25.169273 141.189337
25.065443 140.998667
24.965732 140.807567
24.876768 140.624626
24.774377 140.445576
24.683007 140.249920
24.588371 140.058746
24.497203 139.876946
24.406027 139.694592
24.310705 139.499917
24.227505 139.298783
24.143659 139.086016
24.062567 138.898895
23.991122 138.698883
23.917619 138.509989
23.835779 138.304215
23.743309 138.109314
23.653612 137.897741
23.561640 137.715214
23.465772 137.515742
23.367357 137.326472
23.272764 137.127351
23.188278 136.936030
23.092384 136.756516
22.997259 136.553522
22.895346 136.374651
22.816767 136.185830
22.691590 136.021711
22.597373 135.826650
22.495906 135.634837
22.400321 135.432959
22.303782 135.230910
22.213439 135.051316
22.127647 134.868329
22.033143 134.675305
21.930442 134.485912
21.839879 134.291168
21.742191 134.097451
21.657413 133.907797
21.569188 133.721150
21.481515 133.528766
21.406715 133.338042
21.324846 133.141139
21.243328 132.946633
21.162419 132.761172
21.079447 132.575742
20.991709 132.389827
20.916356 132.193752
20.817063 131.987863
20.743019 131.794541
20.651313 131.608499
20.559419 131.409524
20.475977 131.213568
20.396446 131.024761
20.292030 130.826523
20.215650 130.625289
20.125984 130.415934
20.051520 130.226499
19.968323 130.014647
19.889413 129.814005
19.810304 129.621496
19.730163 129.412556
19.646691 129.225470
19.563216 129.005491
19.470854 128.796175
19.390423 128.589087
19.305913 128.396103
19.224963 128.196968
19.141077 128.003236
19.068538 127.793446
18.975654 127.591898
18.912503 127.394907
18.832402 127.199641
18.746177 126.997812
18.655477 126.793646
18.569056 126.589232
18.478420 126.378597
18.402004 126.185865
18.325156 125.985192
18.249757 125.785977
18.156615 125.566694
18.079818 125.369532
18.001414 125.170915
17.924654 124.954534
17.851317 124.766191
17.779588 124.579304
17.696831 124.365043
17.625410 124.177597
17.553454 123.964287
17.467265 123.775763
17.385586 123.570171
17.328728 123.369578
17.264686 123.165947
17.187844 122.976547
17.119689 122.784618
17.055186 122.592821
16.978394 122.406931
16.915321 122.215298
16.845131 122.025246
16.762361 121.810062
16.689715 121.614687
16.613278 121.409574
16.544793 121.205823
16.471262 120.982373
16.408441 120.786302
16.337811 120.598659
16.264000 120.410508
16.196322 120.218572
16.132437 120.025657
16.069723 119.826073
15.993386 119.605990
15.923344 119.415197
15.861161 119.219301
15.781764 118.996121
15.696466 118.770810
15.621484 118.578426
15.564351 118.380793
15.493377 118.169502
15.423279 117.953025
15.376961 117.735462
15.314113 117.526640
15.255007 117.324231
15.187689 117.124344
15.120666 116.922974
15.054117 116.732315
15.000320 116.535003
14.927902 116.333527
14.869689 116.137943
14.806167 115.948164
14.756413 115.745249
14.668242 115.540491
14.618787 115.336279
14.565004 115.139891
14.506885 114.928967
14.448900 114.727281
14.381259 114.527029
14.321057 114.325560
14.260712 114.114299
14.200036 113.913022
14.129064 113.691013
14.069429 113.484916
14.006191 113.282013
13.941021 113.088008
13.863670 112.874593
13.801645 112.678694
13.732912 112.490654
13.667398 112.294806
13.609714 112.081104
13.554305 111.881968
13.501005 111.675224
13.445999 111.481995
13.388829 111.281776
13.330178 111.088784
13.278924 110.891805
13.224644 110.693946
13.172041 110.491442
13.120159 110.283939
13.072381 110.085985
13.028744 109.889079
12.969815 109.677058
12.910258 109.465417
12.851257 109.248408
12.795054 109.027477
12.744314 108.833078
12.685068 108.610159
12.618354 108.386425
12.562512 108.190252
12.502963 107.990067
12.448508 107.791101
12.402015 107.583334
12.355082 107.367074
12.302659 107.155143
12.264048 106.954838
12.218954 106.755921
12.158756 106.533017
12.119449 106.317569
12.064540 106.098283
12.016262 105.876868
11.987047 105.668111
11.944675 105.449196
11.910546 105.251598
11.866917 105.044344
11.817478 104.830337
11.768243 104.619469
11.726880 104.415324
11.683753 104.209910
11.643400 103.988010
11.596717 103.767126
11.543592 103.561489
11.499151 103.352953
11.449048 103.147826
11.409257 102.942734
11.359334 102.739082
11.321210 102.539510
11.270785 102.344920
11.215529 102.134509
11.154388 101.923075
11.095682 101.715487
11.037517 101.501422
10.992250 101.290681
10.948449 101.093408
10.895125 100.874099
10.839788 100.647243
10.782701 100.452751
10.725482 100.249206
10.659099 100.048196
10.599722 99.838030
10.534640 99.617414
10.477335 99.397054
10.415578 99.186923
10.353365 98.978092
10.295740 98.779357
10.234564 98.587327
10.182023 98.389072
10.125436 98.185333
10.064580 97.971678
10.009966 97.772714
9.949422 97.569587
9.888166 97.361112
9.827269 97.155587
9.757332 96.950195
9.693006 96.737883
9.641166 96.544239
9.588544 96.318636
9.531008 96.093291
9.476475 95.888967
9.431829 95.688196
9.382092 95.475487
9.334147 95.255176
9.291181 95.028140
9.256772 94.800425
9.216097 94.567257
9.169367 94.343232
9.131482 94.116492
9.099458 93.889111
9.073071 93.667562
9.061377 93.441919
9.053058 93.219183
9.034894 93.006753
9.026129 92.796959
9.015694 92.592363
9.007326 92.388107
8.997821 92.160214
8.995096 91.929450
8.986026 91.698779
8.976234 91.494729
8.962495 91.292029
8.945880 91.087892
8.924409 90.888077
8.904036 90.665517
8.883453 90.461253
8.874117 90.245000
8.857666 90.019425
8.838741 89.820127
8.823091 89.616901
8.808008 89.387241
8.778895 89.163699
8.755747 88.946723
8.735997 88.734317
8.716674 88.529481
8.687166 88.322391
8.658951 88.095140
8.635354 87.880018
8.618301 87.678475
8.598384 87.454614
8.589632 87.245744
8.583138 87.028525
8.575515 86.820931
8.582803 86.591500
8.581675 86.383258
8.615779 86.175981
8.613261 85.970346
8.629585 85.751316
8.637895 85.526675
8.636910 85.317322
8.637875 85.089461
8.643449 84.862088
8.611578 84.656141
8.601363 84.444890
8.581299 84.221770
8.558245 84.011260
8.551463 83.806981
8.533923 83.604706
8.513278 83.374388
8.495095 83.149763
8.487443 82.940137
8.459924 82.738932
8.444050 82.531273
8.427895 82.326022
8.407287 82.098290
8.402183 81.878464
8.381538 81.659049
8.368398 81.453938
8.349915 81.241329
8.328288 81.019895
8.308619 80.791226
8.296254 80.584811
8.293284 80.369943
8.280564 80.160945
8.274304 79.948897
8.256250 79.744043
8.246208 79.533713
8.237555 79.309873
8.232945 79.080430
8.230481 78.856685
8.221901 78.626930
8.210645 78.387791
8.192234 78.169267
8.180675 77.941958
8.172735 77.712564
8.164907 77.490930
8.169836 77.273729
8.160691 77.048788
8.148420 76.816131
8.141950 76.589672
8.135878 76.357848
8.126405 76.132172
8.112806 75.906372
8.116057 75.682913
8.098828 75.458459
8.091417 75.232753
8.079541 75.005449
8.065321 74.780581
8.046334 74.555228
8.040951 74.337993
8.030755 74.117132
8.022505 73.899200
8.016600 73.678831
7.997791 73.454769
7.988630 73.239622
7.965549 73.016362
7.959243 72.801173
7.953349 72.592445
7.942137 72.378067
7.936336 72.164903
7.908006 71.951513
7.914456 71.740758
7.901082 71.530477
7.901371 71.321475
7.895439 71.121063
7.891141 70.880344
7.878851 70.679102
7.881131 70.476169
7.878632 70.271827
7.875818 70.034966
7.884991 69.804215
7.916507 69.582562
7.934194 69.369980
7.942988 69.145886
7.967167 68.921568
7.991953 68.695393
8.001000 68.466861
8.010587 68.253658
8.025400 68.050727
8.035746 67.846013
8.043252 67.620645
8.057748 67.395913
8.069854 67.170478
8.077245 66.948067
8.079431 66.716863
8.079373 66.505833
8.078591 66.277813
8.087767 66.069051
8.082752 65.844419
8.079561 65.625304
8.076815 65.403965
8.087824 65.201275
8.088650 64.985612
8.103509 64.764017
8.122121 64.549574
8.125686 64.347731
8.139970 64.141112
8.156880 63.907845
8.182769 63.702905
8.193184 63.502995
8.221581 63.274181
8.231977 63.062075
8.251764 62.841147
8.267671 62.637092
8.282936 62.432491
8.295604 62.223863
8.304170 62.016774
8.318701 61.805347
8.347265 61.598889
8.368057 61.381643
8.386378 61.158149
8.406753 60.944974
8.415609 60.725129
8.424583 60.502511
8.436773 60.282803
8.448352 60.075669
8.449383 59.874048
8.455309 59.670877
8.479154 59.456358
8.477868 59.248118
8.487248 59.042494
8.492857 58.839328
8.512576 58.635586
8.522857 58.415536
8.543165 58.208645
8.564734 58.001181
8.569635 57.782133
8.581475 57.571115
8.604620 57.362889
8.623796 57.143633
8.652155 56.944940
8.689289 56.738728
8.719178 56.525229
8.754299 56.300567
8.789376 56.083852
8.824413 55.875267
8.848948 55.675337
8.882393 55.455504
8.909320 55.245559
8.933244 55.036398
8.958708 54.834975
8.985581 54.621336
9.026941 54.400279
9.046461 54.171963
9.082735 53.972046
9.099871 53.743396
9.115824 53.531579
9.140188 53.309106
9.164300 53.080169
9.186622 52.859020
9.207177 52.658223
9.224063 52.434196
9.248132 52.213206
9.272075 51.983532
9.301020 51.748797
9.328938 51.530707
9.339182 51.318973
9.370748 51.100830
9.391962 50.868979
9.408964 50.652896
9.429312 50.426971
9.466414 50.196737
9.498649 49.970084
9.522805 49.765908
9.549971 49.561504
9.592164 49.354110
9.632602 49.146001
9.680777 48.935378
9.717970 48.711425
9.762991 48.491238
9.810553 48.271200
9.848886 48.038360
9.883270 47.817590
9.913610 47.602421
9.924157 47.378856
9.958587 47.150324
9.999713 46.924096
10.026024 46.682746
10.042149 46.482753
10.078476 46.242921
10.094346 46.014473
10.131276 45.794220
10.171611 45.568189
10.213407 45.333451
10.252019 45.130728
10.305979 44.914292
10.336670 44.690433
10.388105 44.464056
10.432091 44.227253
10.473002 44.008050
10.518416 43.771227
10.569908 43.526924
10.619712 43.286526
10.653249 43.051169
10.684581 42.816953
10.724458 42.602939
10.765033 42.393351
10.808293 42.161179
10.849761 41.936609
10.888814 41.731477
10.938435 41.511224
10.987132 41.303735
11.027419 41.085280
11.064126 40.882400
11.094953 40.678867
11.123219 40.473708
11.156829 40.276047
11.201565 40.068985
11.262136 39.859844
11.310951 39.638679
11.352475 39.439794
11.402061 39.238944
11.448975 39.039796
11.490040 38.842027
11.539537 38.645983
11.590137 38.438466
11.633600 38.231053
11.684710 38.015028
11.735420 37.793280
11.788251 37.564665
11.831283 37.360399
11.875240 37.143370
11.936031 36.927573
11.990470 36.711315
12.045467 36.489875
12.087610 36.268067
12.155323 36.048290
12.203807 35.848010
12.283647 35.611240
12.349669 35.373378
12.424608 35.137788
12.479074 34.945182
12.529467 34.712537
12.587077 34.496232
12.636360 34.285408
12.688005 34.073441
12.721484 33.866727
12.763876 33.662102
12.803548 33.434047
12.851430 33.225091
12.876883 33.012027
12.939570 32.806551
12.989616 32.604586
13.039511 32.403177
13.077046 32.202688
13.134552 31.979178
13.189386 31.768273
13.249690 31.573550
13.302352 31.366003
13.355068 31.162151
13.426150 30.955814
13.494000 30.745459
13.556668 30.538690
13.609061 30.323570
13.671940 30.109592
13.741837 29.887195
13.811397 29.696218
13.884460 29.495211
13.963510 29.280443
14.033261 29.091680
14.090579 28.898848
14.144491 28.700892
14.214011 28.496241
14.266867 28.291093
14.334733 28.081847
14.401586 27.868364
14.475676 27.650711
14.518639 27.430740
14.578586 27.200542
14.636514 27.006039
14.690125 26.809196
14.745518 26.614914
14.834880 26.432888
14.898967 26.236446
14.971950 26.008092
15.033091 25.816313
15.086220 25.619108
15.133309 25.421066
15.192065 25.218050
15.243031 25.013854
15.317721 24.804692
15.374493 24.596161
15.461094 24.387935
15.503651 24.172774
15.566162 23.977095
15.632424 23.777481
15.691468 23.583331
15.766451 23.394307
15.847509 23.186716
15.922357 22.966650
16.011300 22.766705
16.069995 22.570343
16.138784 22.348147
16.226527 22.131219
16.306940 21.933801
16.376135 21.728601
16.451285 21.529227
16.521840 21.319386
16.602328 21.105336
16.670539 20.908835
16.733333 20.688944
16.807299 20.473695
16.880653 20.281739
16.951122 20.087792
17.024083 19.890667
17.092235 19.701004
17.157274 19.504549
17.213439 19.308777
17.279198 19.096420
17.359020 18.891064
17.428301 18.680873
17.512768 18.478591
17.579664 18.289871
17.658037 18.072155
17.719817 17.880737
17.798013 17.672633
17.886216 17.454590
17.962205 17.269248
18.052097 17.080008
18.125682 16.882135
18.209439 16.685592
18.291027 16.492592
18.366940 16.291174
18.448490 16.106490
18.535923 15.911741
18.606585 15.709291
18.694028 15.504379
18.779649 15.305037
18.862734 15.105917
18.943233 14.892606
19.014412 14.703823
19.080185 14.514194
19.175717 14.298262
19.257469 14.072921
19.337879 13.886221
19.429113 13.669243
19.500071 13.476212
19.574129 13.289050
19.664253 13.093893
19.740940 12.902073
19.830370 12.713763
19.915143 12.521641
19.990785 12.323368
20.077368 12.124752
20.160155 11.937832
20.238745 11.735082
20.329769 11.547303
20.413922 11.356114
20.507097 11.163499
20.581964 10.977434
20.674066 10.776520
20.769719 10.568901
20.844250 10.381548
20.929586 10.195330
21.018029 10.015535
21.112736 9.819202
21.201612 9.625542
21.283918 9.427357
21.368858 9.224884
21.468237 9.022570
21.556917 8.815423
21.640088 8.622215
21.747989 8.427723
21.855143 8.225480
21.951659 8.011751
22.047218 7.797666
22.145498 7.596108
22.231648 7.389552
22.313311 7.190822
22.413360 6.969095
22.490106 6.748632
22.555629 6.530919
22.608758 6.322811
22.653407 6.109652
22.691678 5.894368
22.737910 5.670099
22.773372 5.436192
22.791955 5.230620
22.807094 5.028239
22.806399 4.795228
22.806322 4.572003
22.804992 4.360807
22.789834 4.147779
22.766343 3.928960
22.742921 3.693139
22.715534 3.479181
22.672149 3.256031
22.628091 3.030304
22.567660 2.802229
22.518777 2.571953
22.457574 2.334464
22.392104 2.098146
22.324745 1.862780
22.243931 1.629458
22.153525 1.380198
22.095206 1.188311
22.027261 0.999890
21.957867 0.810012
21.865115 0.628419
21.781618 0.406963
21.687340 0.186032
21.601343 -0.021899
21.513333 -0.237376
21.432933 -0.442247
21.350046 -0.643571
21.269028 -0.847324
21.188447 -1.042768
21.109306 -1.226591
21.009983 -1.434512
20.931206 -1.647722
20.864191 -1.848538
20.801090 -2.042018
20.736500 -2.239728
20.671504 -2.432627
20.606460 -2.628851
20.536665 -2.835354
20.469843 -3.044673
20.415259 -3.252507
20.366575 -3.458209
20.305359 -3.663913
20.271697 -3.862073
20.229823 -4.057711
20.178190 -4.269837
20.129458 -4.489768
20.086592 -4.699065
20.069872 -4.921310
20.051194 -5.147221
20.053954 -5.360879
20.073838 -5.586058
20.105464 -5.800136
20.151190 -6.015528
20.210374 -6.221877
20.278112 -6.418186
20.377946 -6.611082
20.484239 -6.796127
20.614943 -6.982635
20.745259 -7.141234
20.898563 -7.300907
21.063435 -7.461488
21.248719 -7.603887
21.444557 -7.729624
21.653931 -7.840959
21.871803 -7.935232
22.089742 -8.035789
22.317006 -8.116895
22.540489 -8.185379
22.768864 -8.222890
23.000745 -8.248440
23.228543 -8.260257
23.460787 -8.249963
23.682703 -8.219008
23.898543 -8.169484
24.118886 -8.093971
24.336660 -7.998833
24.549329 -7.872945
24.719947 -7.747739
24.884119 -7.618558
25.041426 -7.481516
25.190280 -7.347493
25.372595 -7.181618
25.525337 -7.042107
25.682234 -6.900440
25.835874 -6.753735
25.982572 -6.604343
26.130630 -6.459590
26.307989 -6.285512
26.476102 -6.125344
26.659038 -5.960402
26.832364 -5.801788
27.008158 -5.648015
27.183330 -5.504211
27.343120 -5.370901
27.521124 -5.217899
27.688925 -5.057356
27.865891 -4.899350
28.045942 -4.758204
28.236422 -4.641787
28.421231 -4.533418
28.604041 -4.442575
28.791155 -4.339414
28.974117 -4.248943
29.166677 -4.163971
29.374128 -4.069606
29.586353 -3.985105
29.807672 -3.897041
29.992675 -3.808078
30.214898 -3.712450
30.429066 -3.614302
30.650117 -3.522907
30.848292 -3.444485
31.059907 -3.358311
31.269220 -3.266746
31.468952 -3.179475
31.665467 -3.084397
31.863234 -2.990446
32.056439 -2.904744
32.248843 -2.819584
32.442594 -2.729086
32.623823 -2.637850
32.826905 -2.538433
