17.934053 17.079140
17.783573 17.187584
17.633095 17.296028
17.783396 17.186199
17.821445 17.225330
17.859493 17.264460
17.782045 17.458509
17.714491 17.656479
17.638393 17.845333
17.560596 18.048073
17.479307 18.239775
17.397131 18.446829
17.326183 18.640596
17.235365 18.842417
17.151682 19.055035
17.081938 19.255255
17.009665 19.445164
16.948006 19.644896
16.866007 19.864141
16.794750 20.080275
16.719032 20.273375
16.634689 20.505959
16.559242 20.739340
16.479349 20.939707
16.404724 21.131588
16.330101 21.323471
16.251877 21.540445
16.172630 21.741728
16.102339 21.936966
16.032251 22.135342
15.973664 22.328192
15.910765 22.519072
15.825776 22.718220
15.742452 22.922703
15.665152 23.126911
15.597185 23.323872
15.529219 23.520830
15.452812 23.731865
15.374413 23.947733
15.299103 24.152470
15.223794 24.357204
15.154371 24.557604
15.081800 24.759712
15.014348 24.964794
14.946897 25.169878
14.897490 25.404911
14.839783 25.614565
14.759120 25.838411
14.690848 26.074274
14.630726 26.270657
14.567341 26.515320
14.517687 26.711550
14.466367 26.913164
14.411678 27.123142
14.353126 27.329296
14.301945 27.540520
14.241810 27.768686
14.189737 27.973083
14.147124 28.195267
14.100466 28.411966
14.037468 28.639622
13.978591 28.856129
13.916434 29.087097
13.847261 29.315582
13.786720 29.548561
13.726179 29.781538
13.658254 30.019428
13.594723 30.221405
13.528776 30.420830
13.463995 30.635021
13.403591 30.855616
13.344868 31.071753
13.275391 31.301165
13.215210 31.526192
13.148605 31.756672
13.089894 31.995537
13.017945 32.229420
12.946393 32.479744
12.893376 32.728317
12.856256 32.979065
12.800301 33.232857
12.745922 33.485889
12.684244 33.738838
12.625809 33.985645
12.580758 34.225605
12.536876 34.458714
12.491277 34.693691
12.441289 34.915981
12.391301 35.138271
12.339763 35.357632
12.279759 35.573044
12.233878 35.788624
12.176111 36.005116
12.122215 36.225986
12.056535 36.454605
11.992934 36.673580
11.930439 36.903076
11.860191 37.123077
11.795221 37.340599
11.730251 37.558117
11.659352 37.766113
11.597659 37.968987
11.535966 38.171864
11.469264 38.384789
11.411578 38.595921
11.361110 38.823391
11.315321 39.028992
11.265349 39.238808
11.215378 39.448627
11.166252 39.670166
11.123784 39.891426
11.085712 40.109478
11.047640 40.327530
11.006274 40.537315
10.978686 40.767227
10.949644 40.995312
10.908115 41.226536
10.863569 41.468517
10.830796 41.701832
10.787369 41.944355
10.748589 42.179234
10.707770 42.437424
10.663297 42.684399
10.630177 42.882977
10.594841 43.109215
10.559506 43.335449
10.513135 43.582817
10.487284 43.812149
10.465801 44.036427
10.435573 44.259357
10.404676 44.479893
10.361084 44.689339
10.313808 44.928963
10.277491 45.125923
10.236157 45.337925
10.194824 45.549927
10.143914 45.757912
10.093004 45.965893
10.039496 46.180660
9.967973 46.400307
9.897965 46.636749
9.846451 46.868671
9.797884 47.095932
9.745661 47.333595
9.691841 47.570541
9.646543 47.804405
9.609202 48.040001
9.568038 48.274548
9.535254 48.507118
9.498099 48.744560
9.460242 48.988297
9.419667 49.230595
9.383367 49.472275
9.359384 49.710079
9.346364 49.949017
9.317730 50.172478
9.293260 50.414909
9.268789 50.657341
9.242045 50.858044
9.227388 51.060783
9.204883 51.280273
9.190387 51.494102
9.179193 51.711304
9.167998 51.928501
9.156918 52.159004
9.145837 52.389507
9.133494 52.620491
9.132765 52.853706
9.121097 53.076550
9.092810 53.302032
9.073843 53.519348
9.046223 53.727962
9.018603 53.936577
8.980469 54.139477
8.942064 54.400036
8.901150 54.651760
8.878942 54.891575
8.855967 55.133244
8.822756 55.380054
8.768310 55.628464
8.721385 55.881386
8.693747 56.129593
8.664702 56.379299
8.633109 56.617397
8.605406 56.861172
8.576474 57.096832
8.537974 57.340019
8.514803 57.579105
8.495477 57.809822
8.459018 58.040604
8.429204 58.270176
8.408434 58.499802
8.389395 58.717579
8.355320 58.948692
8.334926 59.182381
8.326680 59.400555
8.321448 59.618683
8.310278 59.842995
8.307081 60.070148
8.298655 60.297749
8.299862 60.527702
8.297041 60.761642
8.294220 60.995583
8.300752 61.226292
8.299461 61.464504
8.298619 61.733570
8.285765 61.940353
8.273780 62.163200
8.262266 62.385670
8.247313 62.611702
8.237470 62.840061
8.212867 63.067898
8.187477 63.301659
8.162087 63.535416
8.133523 63.785484
8.112627 64.028236
8.093214 64.274841
8.051400 64.530090
8.031420 64.781326
8.009231 65.022430
7.990087 65.265709
7.970661 65.500496
7.962609 65.731972
7.943161 65.954369
7.914643 66.163963
7.896661 66.388931
7.877866 66.612617
7.867588 66.821953
7.864843 67.036530
7.854417 67.257507
7.842674 67.475182
7.840434 67.691788
7.847833 67.905853
7.841843 68.126389
7.852770 68.342995
7.863757 68.558304
7.874745 68.773605
7.882379 68.992836
7.882785 69.211349
7.883190 69.429855
7.891526 69.648346
7.899863 69.866829
7.911917 70.106323
7.914185 70.349289
7.924190 70.578842
7.932529 70.813774
7.926133 71.050026
7.926667 71.282852
7.919150 71.529289
7.916838 71.773613
7.897718 72.029457
7.880600 72.275665
7.863482 72.521873
7.850900 72.758217
7.835512 72.997925
7.820162 73.240227
7.802913 73.472023
7.803162 73.707069
7.799635 73.933304
7.789112 74.147629
7.780143 74.359718
7.768201 74.563713
7.764587 74.773132
7.756938 74.988708
7.765141 75.225212
7.773343 75.461716
7.801667 75.718163
7.835116 75.967148
7.868802 76.221481
7.886851 76.425964
7.903735 76.626770
7.930356 76.831688
7.945226 77.046753
7.956000 77.263725
7.984406 77.482285
7.994898 77.701668
8.008373 77.929871
8.015801 78.167587
8.025378 78.411369
8.022039 78.650536
8.023457 78.884094
8.024874 79.117645
8.022231 79.361053
8.025534 79.609734
8.028837 79.858414
8.044797 80.104691
8.068749 80.355103
8.103782 80.603874
8.126135 80.864288
8.171665 81.131294
8.213326 81.396744
8.254988 81.662186
8.291236 81.918144
8.339804 82.170418
8.367867 82.419846
8.402190 82.674355
8.436486 82.927017
8.456226 83.182297
8.482844 83.419739
8.503261 83.656151
8.519455 83.885796
8.532067 84.109215
8.535559 84.338112
8.528405 84.565880
8.533337 84.784782
8.538274 85.004059
8.537728 85.217133
8.540560 85.422577
8.548003 85.628693
8.555688 85.829636
8.564688 86.044601
8.577889 86.264862
8.596316 86.484497
8.611026 86.699379
8.630407 86.930084
8.641576 87.163307
8.658119 87.395164
8.672334 87.641472
8.698811 87.890923
8.727188 88.140160
8.752771 88.382790
8.788369 88.626747
8.814307 88.871956
8.837576 89.108147
8.870542 89.345680
8.903373 89.573967
8.943861 89.848717
8.972291 90.068939
9.003095 90.288765
9.039036 90.501862
9.065896 90.701408
9.100532 90.966454
9.131263 91.170380
9.172038 91.377678
9.208716 91.597786
9.243219 91.821060
9.274144 92.049194
9.308593 92.290588
9.354721 92.538643
9.402918 92.787224
9.462140 93.041183
9.515115 93.301895
9.573442 93.559753
9.621284 93.827553
9.692394 94.102600
9.751084 94.374496
9.828618 94.644081
9.892440 94.919785
9.952990 95.188698
10.018629 95.458458
10.077279 95.727585
10.144926 95.993622
10.215933 96.250740
10.285924 96.503433
10.353786 96.762451
10.404519 97.021713
10.467300 97.280426
10.539631 97.524963
10.602125 97.772133
10.664620 98.019302
10.717433 98.279823
10.758810 98.539413
10.818484 98.802605
10.881972 99.055397
10.936632 99.312019
10.986929 99.574059
11.033096 99.830338
11.079264 100.086617
11.124123 100.356491
11.161532 100.615952
11.214485 100.875175
11.257285 101.134369
11.306275 101.372040
11.337140 101.628723
11.376152 101.883858
11.415164 102.138992
11.442307 102.390656
11.467066 102.641975
11.479982 102.886269
11.504488 103.131126
11.527918 103.378403
11.559281 103.636658
11.570048 103.907585
11.602551 104.167854
11.631500 104.423737
11.656915 104.687431
11.694889 104.952972
11.748510 105.219955
11.802131 105.486938
11.863431 105.752884
11.915252 106.021553
12.002728 106.287491
12.082468 106.550575
12.162208 106.813660
12.234222 107.074554
12.306236 107.335449
12.378786 107.578682
12.449046 107.828049
12.521701 108.067589
12.595907 108.315605
12.658156 108.548645
12.725230 108.786232
12.782363 109.016579
12.846031 109.249039
12.894405 109.488007
12.957885 109.718437
13.013940 109.951012
13.070511 110.186356
13.116958 110.412781
13.163316 110.644020
13.214228 110.861145
13.278539 111.105057
13.334949 111.340218
13.392896 111.582924
13.462191 111.820480
13.537155 112.055183
13.597110 112.294167
13.653825 112.539391
13.721424 112.785797
13.789023 113.032196
13.861584 113.276176
13.935355 113.516068
14.019900 113.755058
14.099047 114.004669
14.171213 114.243294
14.247319 114.491096
14.323692 114.735390
14.400793 114.975227
14.472325 115.213860
14.551969 115.454041
14.623307 115.690269
14.701650 115.928253
14.777385 116.172363
14.860344 116.411385
14.925671 116.648811
14.995186 116.879715
15.058507 117.110146
15.138670 117.353271
15.219274 117.593987
15.285768 117.824379
15.359388 118.064827
15.425483 118.278778
15.501146 118.507004
15.576591 118.742065
15.642681 118.977448
15.710427 119.206711
15.793465 119.434738
15.867023 119.662857
15.940583 119.890968
16.009748 120.119652
16.084543 120.353615
16.156885 120.593529
16.251442 120.833679
16.333410 121.070122
16.396904 121.312386
16.474579 121.547966
16.567841 121.786469
16.654819 122.029129
16.744234 122.270271
16.833649 122.511414
16.919548 122.756302
17.006193 123.008759
17.104248 123.249588
17.206547 123.498489
17.314802 123.742500
17.413862 123.975929
17.522360 124.225662
17.619953 124.478333
17.731401 124.723770
17.825335 124.964668
17.927052 125.217270
18.029770 125.451385
18.126793 125.697594
18.220537 125.936455
18.312254 126.166847
18.413465 126.417427
18.513971 126.663025
18.610975 126.897034
18.698769 127.130257
18.798746 127.372353
18.885870 127.603188
18.989767 127.842087
19.084291 128.090912
19.179802 128.342133
19.282606 128.582336
19.381666 128.826675
19.474365 129.069977
19.558134 129.332001
19.659523 129.589371
19.753250 129.846039
19.864300 130.100861
19.975349 130.355667
20.078087 130.612885
20.188919 130.875977
20.311298 131.128418
20.428213 131.382904
20.545128 131.637390
20.645065 131.898529
20.766996 132.155640
20.892870 132.422119
21.008247 132.670380
21.131632 132.921143
21.255016 133.171906
21.380795 133.410034
21.506573 133.648148
21.618729 133.898468
21.730883 134.148804
21.830414 134.392944
21.933699 134.633331
22.037228 134.879623
22.157244 135.114227
22.267969 135.353577
22.384853 135.585541
22.495558 135.820694
22.606262 136.055847
22.732189 136.293320
22.855713 136.528976
22.983782 136.761047
23.118244 136.996368
23.239626 137.226700
23.353849 137.461105
23.484600 137.694855
23.608421 137.930634
23.732243 138.166397
23.847746 138.417877
23.977562 138.650116
24.106539 138.879044
24.234184 139.103729
24.353764 139.341110
24.490469 139.577866
24.616707 139.814774
24.751396 140.054901
24.899664 140.279480
25.037512 140.507538
25.180149 140.748642
25.327732 140.991714
25.476522 141.230316
25.616779 141.449661
25.775000 141.682220
25.932247 141.913513
26.081917 142.147308
26.250971 142.393951
26.409269 142.610245
26.562498 142.859695
26.713314 143.084976
26.859428 143.336014
27.005541 143.587051
27.154968 143.826035
27.299103 144.071732
27.436600 144.319382
27.565723 144.569382
27.697878 144.820435
27.828705 145.078522
27.958891 145.325180
28.078028 145.575684
28.209311 145.821381
28.326168 146.078766
28.449617 146.342133
28.558945 146.594452
28.674570 146.854431
28.795900 147.103058
28.919914 147.350708
29.041092 147.599716
29.164057 147.851639
29.293476 148.100143
29.413416 148.351196
29.540522 148.593445
29.673025 148.835815
29.803909 149.065079
29.927294 149.313126
30.066034 149.558899
30.187981 149.795319
30.340431 150.045898
30.478317 150.287445
30.600672 150.519241
30.744059 150.757385
30.867121 150.994156
31.004349 151.234222
31.133499 151.453354
31.274660 151.680252
31.418133 151.902328
31.562433 152.126953
31.697912 152.355789
31.839165 152.578064
31.980886 152.799789
32.119362 153.016556
32.264416 153.238419
32.401115 153.464081
32.544945 153.678009
32.690079 153.894318
32.831127 154.113647
32.984341 154.329102
33.140186 154.551346
33.287128 154.772263
33.440952 154.986221
33.586639 155.207886
33.738777 155.426117
33.885399 155.646667
34.036201 155.871017
34.180557 156.110443
34.341702 156.336868
34.482140 156.568573
34.620728 156.804016
34.759319 157.039459
34.905441 157.280319
35.052498 157.519897
35.195251 157.758041
35.338005 157.996185
35.484840 158.242218
35.626820 158.481857
35.782932 158.722412
35.932201 158.961380
36.079803 159.205750
36.234360 159.437256
36.391861 159.664291
36.550404 159.897217
36.706131 160.132965
36.865276 160.369293
37.034592 160.604248
37.203911 160.839188
37.363789 161.076721
37.512962 161.319946
37.667782 161.569748
37.810177 161.826935
37.930115 162.077988
38.055775 162.329880
38.179447 162.586777
38.295017 162.842880
38.410069 163.096039
38.533909 163.348236
38.657749 163.600418
38.793201 163.838486
38.935150 164.075912
39.076344 164.315750
39.214672 164.555252
39.367188 164.777374
39.529640 164.995834
39.685360 165.231018
39.829193 165.467117
39.985622 165.707474
40.129299 165.943939
40.292343 166.170151
40.447632 166.408493
40.598202 166.649673
40.747196 166.891418
40.883732 167.149429
41.018387 167.398056
41.164066 167.640961
41.310753 167.887924
41.454811 168.139359
41.599552 168.394302
41.743923 168.656448
41.889275 168.898804
42.031601 169.151184
42.186749 169.401718
42.284012 169.577332
42.429676 169.840942
42.578220 170.095642
42.735954 170.338562
42.838570 170.511139
42.986782 170.764740
43.144863 171.020584
43.241085 171.201019
43.397469 171.460037
43.527000 171.672791
43.656532 171.885529
43.758614 172.059418
43.860691 172.233292
43.958385 172.427750
44.104504 172.690063
44.243397 172.935471
44.390079 173.170975
44.533249 173.394333
44.676491 173.644302
44.814812 173.872360
44.942898 174.116440
45.076023 174.346970
45.203346 174.582397
45.330833 174.807083
45.450665 175.040024
45.572998 175.270340
45.707039 175.498642
45.822502 175.736633
45.952431 175.954651
46.077866 176.180115
46.187698 176.412643
46.301231 176.637726
46.420837 176.860779
46.540447 177.083832
46.668987 177.304825
46.783318 177.530090
46.905155 177.748215
47.035233 177.965851
47.148067 178.197418
47.276917 178.417831
47.412834 178.644257
47.539146 178.864532
47.672508 179.078613
47.802719 179.299866
47.932930 179.521103
48.064003 179.741669
48.205254 179.963776
48.343540 180.178513
48.493279 180.406219
48.629589 180.637619
48.766888 180.871597
48.901482 181.115967
49.047680 181.362198
49.191772 181.605133
49.333492 181.859558
49.473953 182.114746
49.610058 182.375534
49.742901 182.641541
49.887619 182.905716
49.981678 183.089890
50.104149 183.362335
50.225143 183.631653
50.313545 183.819595
50.394108 184.013931
50.479389 184.205612
50.562077 184.393448
50.637817 184.583420
50.754459 184.858719
50.852016 185.141693
50.941723 185.381165
51.031429 185.620651
51.105217 185.807312
51.193115 186.036835
51.281010 186.266357
51.394997 186.533569
51.478642 186.721771
51.602211 186.982742
51.738953 187.243896
51.890121 187.504272
52.019886 187.765717
52.115425 187.942841
52.243160 188.206512
52.372307 188.419830
52.508942 188.654510
52.645573 188.889191
52.741104 189.065567
52.888256 189.344498
53.020103 189.596283
53.153286 189.852692
53.253971 190.034531
53.396599 190.296707
53.532993 190.556015
53.657295 190.812729
53.788036 191.075623
53.919552 191.337601
54.040829 191.604340
54.165997 191.865829
54.282833 192.122101
54.402740 192.381836
54.507027 192.647522
54.627087 192.907074
54.746510 193.166260
54.863712 193.425842
54.981770 193.678391
55.089264 193.935730
55.202366 194.196671
55.323788 194.451569
55.451363 194.704163
55.580311 194.953232
55.702984 195.206833
55.821419 195.463821
55.939716 195.711197
56.058609 195.945068
56.158081 196.174240
56.262589 196.389664
56.353310 196.595490
56.441521 196.791931
56.521805 196.989044
56.606506 197.173706
56.714977 197.410690
56.793056 197.598053
56.875046 197.781281
56.953831 197.973419
57.042427 198.163940
57.121143 198.373093
57.218571 198.581772
57.306091 198.796524
57.401543 199.005707
57.492649 199.218689
57.583755 199.431671
57.683189 199.647537
57.782444 199.872650
57.896225 200.093109
58.001354 200.318680
58.108772 200.537949
58.234184 200.751022
58.343014 200.968979
58.452873 201.192642
58.574013 201.417236
58.690941 201.646896
58.803318 201.879944
58.917645 202.105209
59.028000 202.341049
59.143513 202.571472
59.263893 202.809570
59.387379 203.042648
59.505829 203.289642
59.615211 203.534943
59.737114 203.779495
59.855534 204.024460
59.965527 204.278976
60.082153 204.531372
60.196968 204.790253
60.325237 205.047089
60.433411 205.307358
60.535152 205.572540
60.638321 205.837875
60.752563 206.101013
60.865898 206.366943
60.968258 206.642075
61.081604 206.914383
61.194950 207.186691
61.301945 207.464157
61.388504 207.743591
61.489742 208.017838
61.600685 208.293961
61.709911 208.572327
61.813698 208.857971
61.927143 209.131851
62.011578 209.319839
62.116028 209.596619
62.235210 209.872253
62.333904 210.157059
62.454201 210.432678
62.520912 210.623703
62.593346 210.815567
62.675175 210.998795
62.749809 211.189163
62.836376 211.381927
62.909782 211.575073
62.990692 211.760620
63.071602 211.946182
63.161446 212.135208
63.248741 212.323532
63.336037 212.511856
63.423130 212.697037
63.508553 212.887421
63.592991 213.075790
63.665321 213.271362
63.739120 213.469666
63.815083 213.664078
63.886837 213.852631
64.008583 214.129883
64.087273 214.326645
64.158752 214.518158
64.234344 214.708878
64.319641 214.901657
64.399910 215.097473
64.473915 215.288406
64.551056 215.476318
64.620430 215.665268
64.696411 215.860962
64.765251 216.056580
64.831253 216.252975
64.901482 216.445984
64.982407 216.643646
65.056625 216.837891
65.130829 217.031204
65.200523 217.220154
65.282249 217.407639
65.387474 217.683105
65.487419 217.944977
65.590912 218.199768
65.694229 218.442383
65.794594 218.678558
65.893471 218.899612
65.986961 219.121292
66.082108 219.336288
66.177399 219.550934
66.266708 219.758072
66.361565 219.964203
66.453606 220.173340
66.550110 220.384262
66.637856 220.603256
66.724495 220.822632
66.826294 221.037354
66.908737 221.252182
66.982826 221.481537
67.071510 221.699966
67.161087 221.924652
67.244072 222.154984
67.334335 222.383560
67.426384 222.604156
67.522446 222.827728
67.611565 223.054321
67.700684 223.280930
67.782173 223.517197
67.863815 223.752914
67.958374 223.982697
68.041298 224.219131
68.109558 224.451538
68.193527 224.683701
68.269653 224.921890
68.344864 225.162872
68.425980 225.406174
68.509483 225.639191
68.592987 225.872192
68.668549 226.104294
68.758507 226.333969
68.840462 226.569489
68.914146 226.814560
68.996513 227.045837
69.071373 227.284225
69.153015 227.509415
69.226051 227.742294
69.296349 227.972626
69.374222 228.206085
69.445503 228.446716
69.531815 228.680023
69.618118 228.913330
69.704208 229.149902
69.791588 229.387375
69.882034 229.628418
69.972473 229.869446
70.065514 230.114792
70.160324 230.361404
70.250786 230.603821
70.341187 230.853088
70.429932 231.108276
70.505775 231.381958
70.595749 231.645264
70.676453 231.914810
70.757164 232.184357
70.845169 232.465073
70.918526 232.753189
70.979904 232.948547
71.029251 233.145370
71.083992 233.342117
71.144585 233.537674
71.193848 233.739670
71.251465 233.938217
71.307098 234.142151
71.374115 234.342865
71.436707 234.545273
71.499298 234.747681
71.572037 234.949158
71.640755 235.147552
71.721977 235.343536
71.790878 235.553940
71.856331 235.756622
71.922813 235.965012
71.998039 236.163315
72.075928 236.370071
72.153656 236.576645
72.239418 236.779587
72.319366 236.986130
72.409874 237.188446
72.493736 237.402512
72.579369 237.607300
72.672226 237.807007
72.750458 238.015610
72.836555 238.219650
72.910133 238.424988
72.988586 238.637833
73.055489 238.852692
73.130905 239.064301
73.201050 239.272827
73.268311 239.480103
73.334656 239.700150
73.394127 239.906250
73.456421 240.142609
73.503807 240.357391
73.559708 240.579437
73.613678 240.799652
73.670769 241.016144
73.732704 241.238831
73.783241 241.452271
73.844444 241.667770
73.901268 241.887955
73.952385 242.108582
74.006508 242.328629
74.068863 242.546875
74.133568 242.763626
74.190697 242.983246
74.254410 243.196854
74.313835 243.410355
74.372444 243.616928
74.431053 243.823502
74.499535 244.027252
74.568642 244.219528
74.633842 244.415390
74.706680 244.613525
74.770142 244.809784
74.843124 245.006805
74.910194 245.200790
74.987724 245.393875
75.059647 245.583344
75.143295 245.782440
75.215599 245.976166
75.293983 246.184570
75.355942 246.386932
75.432297 246.597412
75.497360 246.805832
75.570068 247.005829
75.645691 247.209656
75.716072 247.423538
75.790810 247.632004
75.862839 247.839401
75.925476 248.067078
75.988846 248.278854
76.073524 248.494568
76.141708 248.710510
76.213898 248.928802
76.286987 249.144318
76.360771 249.363510
76.424294 249.585632
76.481834 249.800995
76.555565 250.027222
76.630104 250.243637
76.697746 250.466248
76.767563 250.684937
76.837158 250.899948
76.897247 251.126190
76.963707 251.343826
77.023300 251.568588
77.096992 251.781693
77.165619 251.995407
77.233055 252.214325
77.287392 252.437698
77.346519 252.658112
77.409630 252.877045
77.472740 253.095993
77.534927 253.314056
77.596901 253.528076
77.648270 253.744263
77.703484 253.962814
77.753616 254.181244
77.799835 254.402679
77.850273 254.620193
77.903755 254.839493
77.947647 255.054138
77.992950 255.267471
78.040375 255.485016
78.073929 255.697403
78.108276 255.921234
78.145836 256.136353
78.190849 256.351715
78.223846 256.569824
78.261711 256.784576
78.297218 257.000610
78.329979 257.213379
78.375298 257.427460
78.409393 257.645020
78.441948 257.865173
78.484787 258.072632
78.537888 258.287506
78.578789 258.492950
78.633865 258.712982
78.696259 258.923401
78.758652 259.133789
78.828224 259.346741
78.908798 259.553101
78.973366 259.770966
79.049469 259.964600
79.123543 260.181763
79.186295 260.384308
79.254440 260.591766
79.322578 260.799225
79.390388 261.011108
79.454254 261.213806
79.518005 261.419312
79.565941 261.628540
79.619370 261.833038
79.667801 262.043549
79.721710 262.248627
79.778320 262.454224
79.823868 262.662567
79.870193 262.858856
79.917313 263.066254
79.965096 263.264587
80.008324 263.466309
80.052917 263.668915
80.097504 263.871521
80.161102 264.164612
80.202400 264.364502
80.256256 264.604034
80.308479 264.821381
80.360703 265.038727
80.437157 265.332336
80.533615 265.616455
80.591766 265.807953
80.670189 266.084015
80.749374 266.369110
80.816521 266.655487
80.891777 266.943024
80.968018 267.232941
81.039978 267.523132
81.106949 267.808594
81.147438 268.007019
81.200554 268.299316
81.269142 268.586609
81.305687 268.786743
81.369949 269.082397
81.403938 269.281097
81.450745 269.488678
81.485580 269.691437
81.533318 269.908447
81.586632 270.116486
81.637093 270.324554
81.695168 270.532349
81.753349 270.748077
81.811768 270.957703
81.867867 271.182495
81.911232 271.404724
81.954956 271.629364
82.012383 271.858398
82.074677 272.072571
82.119164 272.295166
82.173996 272.498566
82.212723 272.706818
82.272499 273.010284
82.340256 273.294617
82.406090 273.578247
82.448326 273.853149
82.495537 274.110413
82.536766 274.349304
82.579269 274.577087
82.622086 274.794159
82.656898 274.995270
82.704437 275.253082
82.748055 275.481781
82.783493 275.693024
82.820755 275.920715
82.854919 276.120880
