7.942317 65.591268
7.938209 65.592437
7.941991 65.590718
7.941871 65.593307
7.942188 65.593303
7.937722 65.591705
7.941206 65.591284
7.942008 65.591827
7.936747 65.590056
7.942828 65.593663
7.940255 65.591298
7.938352 65.591326
7.942930 65.589781
7.934397 65.592123
7.936817 65.594859
7.937572 65.592261
7.938491 65.590030
7.936634 65.593199
7.940279 65.592961
7.937736 65.592628
7.938362 65.592065
7.938706 65.593908
7.943309 65.594025
7.938072 65.593917
7.942207 65.594596
7.942798 65.591631
7.944094 65.593460
7.939190 65.594455
7.943293 65.592917
7.943279 65.591993
7.938833 65.591688
7.940935 65.594430
7.942655 65.592741
7.939973 65.593704
7.942040 65.594044
7.941900 65.595340
7.940123 65.593148
7.941298 65.597566
7.937919 65.594289
7.939198 65.595009
7.939497 65.593711
7.938884 65.595199
7.942045 65.594413
7.943798 65.594942
7.944239 65.592534
7.942368 65.594778
7.940123 65.593148
7.939655 65.593709
7.941698 65.592386
7.939645 65.592970
7.943147 65.593843
7.942817 65.592924
7.941349 65.590173
7.939352 65.594637
7.938343 65.590772
7.942992 65.594030
7.939303 65.591312
7.943287 65.592547
7.942327 65.592007
7.939623 65.591492
7.942161 65.591455
7.938986 65.591317
7.942150 65.590716
7.941083 65.593688
7.940145 65.594626
7.937424 65.593002
7.939491 65.593342
7.943443 65.592360
7.941080 65.593504
7.937878 65.591517
7.940104 65.591855
7.939483 65.592788
7.941994 65.590903
7.937080 65.591160
7.939155 65.592053
7.941685 65.591462
7.938171 65.589850
7.940083 65.590377
7.938037 65.591515
7.944532 65.590866
7.939134 65.590575
7.938024 65.590591
7.936760 65.590979
7.937733 65.592444
7.943241 65.589407
7.941029 65.589993
7.942295 65.589790
7.938857 65.593351
7.940505 65.586675
7.939919 65.590009
7.940252 65.591113
7.938338 65.590402
7.942602 65.589046
7.939655 65.593709
7.941381 65.592390
7.944392 65.592162
7.938085 65.594841
7.944876 65.592709
7.938341 65.590587
7.941873 65.593492
7.945492 65.591407
7.940749 65.592584
7.942621 65.590340
7.939110 65.588912
7.943430 65.591437
7.938790 65.588732
7.940239 65.590190
7.940099 65.591485
7.942615 65.589970
7.941997 65.591088
7.939263 65.588541
7.941045 65.591102
7.941029 65.589993
7.942005 65.591642
7.939120 65.589651
7.941830 65.590536
7.943596 65.591989
7.941707 65.592940
7.939803 65.592968
7.943285 65.592363
7.940784 65.594986
7.938233 65.594099
7.941543 65.592573
7.940599 65.593141
7.940755 65.592954
7.937747 65.593367
7.940137 65.594072
7.942180 65.592748
7.943613 65.593097
7.940938 65.594614
7.938056 65.592808
7.942983 65.593476
7.942992 65.594030
7.937303 65.595591
7.939188 65.594270
7.938868 65.594090
7.943314 65.594395
7.941252 65.594425
7.944725 65.593266
7.939497 65.593711
7.941873 65.593492
7.940913 65.592952
7.946137 65.592136
7.941690 65.591832
7.942341 65.592931
7.943118 65.591811
7.946596 65.591021
7.942508 65.593483
7.941069 65.592765
7.946478 65.593795
7.941217 65.592023
7.942825 65.593478
7.942825 65.593478
7.943000 65.594584
7.945492 65.591407
7.941556 65.593497
7.939513 65.594820
7.941577 65.594975
7.938075 65.594102
7.943156 65.594397
7.940123 65.593148
7.940782 65.594801
7.942849 65.595141
7.943766 65.592725
7.947234 65.591196
7.942806 65.592185
7.949304 65.591721
7.948169 65.590074
7.944865 65.591970
7.947683 65.589342
7.947543 65.590638
7.947228 65.590827
7.944532 65.590866
7.949008 65.593203
7.947884 65.592296
7.948511 65.591732
7.947438 65.594335
7.945500 65.591961
7.948664 65.591360
7.944102 65.594014
7.946465 65.592871
7.945817 65.591956
7.942838 65.594402
7.944282 65.595490
7.945551 65.595471
7.944892 65.593818
7.944588 65.594746
7.941747 65.595711
7.946505 65.595642
7.941588 65.595714
7.945570 65.596764
7.942072 65.596261
7.948750 65.597272
7.945742 65.597686
7.945250 65.596584
7.941693 65.592016
7.944747 65.594744
7.945086 65.596217
7.944889 65.593633
7.944454 65.596411
7.945900 65.597684
7.943951 65.594570
7.946056 65.597496
7.944594 65.595116
7.950175 65.597067
7.945424 65.597690
7.946199 65.596386
7.950831 65.598536
7.945580 65.597503
7.946707 65.598596
7.945887 65.596760
7.948922 65.598194
7.946059 65.597681
7.945892 65.597129
7.946994 65.596559
7.945258 65.597139
7.943330 65.595503
7.943949 65.594386
7.946664 65.595640
7.943005 65.594954
7.943005 65.594954
7.946492 65.594718
7.945715 65.595838
7.944669 65.589386
7.943260 65.590700
7.942615 65.589970
7.946086 65.588626
7.946441 65.591208
7.944532 65.590866
7.948511 65.591732
7.944833 65.589753
7.949470 65.592273
7.947717 65.591744
7.949519 65.595598
7.950107 65.592448
7.950589 65.592811
7.952841 65.594995
7.950153 65.595589
7.951384 65.592984
7.951363 65.591506
7.950457 65.594661
7.953134 65.593328
7.949798 65.593007
7.949365 65.595970
7.943443 65.592360
7.945672 65.592882
7.948236 65.594693
7.944570 65.593453
7.946000 65.593617
7.947443 65.594704
7.946618 65.592499
7.947766 65.595069
7.946898 65.589908
7.949368 65.596155
7.946459 65.592501
7.945981 65.592323
7.949489 65.593566
7.946962 65.594342
7.948873 65.594868
7.945674 65.593067
7.949304 65.591721
7.946166 65.594169
7.945846 65.593989
7.947919 65.594698
7.951075 65.593543
7.949070 65.597453
7.944564 65.603986
7.947965 65.608741
7.945771 65.610621
7.947911 65.615949
7.947255 65.614480
7.944860 65.613406
7.947177 65.620025
7.944091 65.625983
7.942704 65.628775
7.940879 65.634160
7.940333 65.640266
7.939718 65.641569
7.940841 65.653379
7.941645 65.675912
7.936487 65.692064
7.937664 65.707569
7.932272 65.729453
7.929874 65.749999
7.925253 65.770394
7.926089 65.795143
7.922536 65.823468
7.924579 65.843950
7.920364 65.870436
7.918469 65.892824
7.914300 65.922451
7.916846 65.944773
7.912703 65.976248
7.912188 66.006192
7.913314 66.029089
7.906731 66.056349
7.908054 66.081831
7.901995 66.112410
7.896667 66.138727
7.897898 66.168830
7.892721 66.205494
7.894006 66.228389
7.891063 66.255042
7.890496 66.281475
7.888611 66.315504
7.883117 66.341270
7.885042 66.375428
7.878383 66.408418
7.882274 66.435895
7.878287 66.467183
7.874594 66.496803
7.872010 66.526407
7.865838 66.549226
7.873570 66.579050
7.872197 66.604571
7.870554 66.633422
7.870458 66.659479
7.863369 66.684713
7.866593 66.709983
7.861421 66.736114
7.862432 66.761969
7.863039 66.781918
7.858031 66.797513
7.860031 66.825942
7.857610 66.855728
7.855677 66.875529
7.851922 66.900900
7.850994 66.924382
7.848691 66.940492
7.850694 66.958203
7.849003 66.983729
7.848084 67.007765
7.844138 67.030921
7.844194 67.056606
7.839192 67.083473
7.851117 67.096235
7.856523 67.118886
7.547534 67.230932
7.720554 67.270546
7.731499 67.292191
7.043226 67.003037
7.018347 67.037585
7.690305 67.513800
7.714495 67.551700
7.320374 67.406280
7.302543 67.412822
7.874382 67.757076
7.794398 67.820515
7.098287 67.276279
7.085886 67.296232
7.437336 67.441904
7.450374 67.476640
7.129287 67.411464
7.128591 67.429029
6.992150 67.373916
7.014282 67.401312
7.119583 67.464086
7.072377 67.479741
7.121798 67.540002
7.155122 67.573334
7.303182 67.663758
7.268087 67.694020
7.481464 67.781461
7.463483 67.821268
7.166745 67.728758
7.190582 67.764260
7.174080 67.851167
7.163459 67.884399
7.171443 67.877076
7.176387 67.911560
7.091223 67.935160
7.082196 67.968923
7.040574 68.019422
7.044507 68.060758
6.938914 68.043262
6.936151 68.082293
7.156932 68.177018
7.158314 68.217467
8.276884 68.467279
8.273384 68.510201
7.734648 68.401997
7.717514 68.445487
7.408376 68.471054
7.411557 68.515173
6.709918 68.452026
6.714281 68.490214
6.601858 68.526592
6.609550 68.575449
6.562803 68.611795
6.572616 68.653784
6.972599 68.766041
6.990203 68.820113
6.908219 68.844221
6.888173 68.894776
6.879936 68.939245
6.893612 68.985059
6.664114 68.999858
6.662136 69.049225
7.072305 69.163737
7.041084 69.220368
6.024957 69.087699
6.032450 69.144691
6.626479 69.324158
6.634278 69.391308
6.844636 69.511131
6.832392 69.574508
7.752744 70.026225
7.754185 70.103447
7.767262 70.184379
7.743345 70.241458
7.749590 70.321751
7.748021 70.399201
7.739433 70.473981
7.746517 70.557404
7.746338 70.632246
7.759073 70.733326
7.749947 70.803864
7.758695 70.881718
7.742647 70.967140
7.737327 71.048525
7.737296 71.133529
7.744324 71.213072
7.745983 71.294355
7.747718 71.380812
7.742759 71.454246
7.753676 71.539460
7.770417 71.621448
7.755705 71.711470
7.771660 71.783122
7.763884 71.859184
7.765874 71.941386
7.763307 72.026612
7.767580 72.102129
7.772616 72.186505
7.777135 72.268117
7.775647 72.340207
7.780895 72.417373
7.782264 72.500508
7.791590 72.574473
7.795696 72.649439
7.804748 72.726364
7.811324 72.807576
7.820618 72.879324
7.824097 72.954853
7.822657 73.030269
7.827118 73.107816
7.829339 73.184102
7.833799 73.261649
7.843908 73.345766
7.845718 73.415590
7.875972 73.488696
7.886968 73.579268
7.898136 73.659859
7.907666 73.736963
7.917552 73.816648
7.928639 73.902599
7.929664 73.962087
7.933366 74.042047
7.902433 74.140252
7.887697 74.228611
7.884313 74.312186
7.887876 74.393442
7.890186 74.475824
7.894910 74.560574
7.891271 74.648403
7.897247 74.732026
7.903270 74.818790
7.912247 74.912348
7.915874 74.998038
7.919824 75.084092
7.937476 75.174198
7.947972 75.263114
7.954921 75.348201
7.960320 75.435713
7.967093 75.530412
7.981285 75.611698
7.990485 75.698785
7.988709 75.794717
8.001933 75.885811
8.008891 75.971453
8.011731 76.057524
8.025807 76.152670
8.028980 76.239845
8.042707 76.321877
8.051004 76.412304
8.049274 76.511376
8.034274 76.603436
8.050421 76.699107
8.058317 76.794713
8.071348 76.883408
8.073155 76.974853
8.085000 77.069293
8.108994 77.170024
8.117527 77.254903
8.129047 77.348794
8.143777 77.445225
8.146703 77.537208
8.157080 77.628897
8.172345 77.729386
8.175922 77.822468
8.188087 77.917089
8.209484 78.013792
8.205672 78.111602
8.230669 78.204926
8.241156 78.293288
8.272247 78.391144
8.269103 78.480259
8.279322 78.571951
8.293414 78.668206
8.318459 78.753954
8.339377 78.839577
8.345273 78.928560
8.359546 79.015388
8.369504 79.100062
8.384565 79.186510
8.398206 79.273532
8.414376 79.359963
8.427504 79.444406
8.439478 79.525909
8.452038 79.614980
8.479083 79.696449
8.483786 79.779721
8.492319 79.864600
8.512436 79.949680
8.519719 80.035871
8.551657 80.115605
8.551066 80.205792
8.570627 80.296239
8.581625 80.376093
8.610148 80.461051
8.623195 80.539951
8.624954 80.628071
8.645980 80.710181
8.664279 80.790298
8.683915 80.875016
8.695145 80.959856
8.703393 81.046957
8.722301 81.125218
8.710067 81.211138
8.738149 81.298505
8.771995 81.378581
8.780198 81.473444
8.805987 81.555854
8.810878 81.641156
8.820011 81.734527
8.847389 81.828002
8.859140 81.915976
8.865453 82.000888
8.875199 82.092771
8.898961 82.177614
8.928191 82.256648
8.951171 82.342241
8.978367 82.434056
8.982472 82.519923
9.013802 82.601514
9.041839 82.685740
9.056547 82.769790
9.059424 82.858448
9.073958 82.941392
9.094830 83.023874
9.112087 83.097724
9.130806 83.173954
9.136062 83.251674
9.134633 83.327829
9.160916 83.400623
9.184945 83.481951
9.211659 83.551597
9.237101 83.621078
9.240148 83.688667
9.256990 83.766773
9.284602 83.832710
9.313112 83.894939
9.317516 83.979509
9.319955 84.048955
9.350048 84.110976
9.359979 84.182899
9.372614 84.255338
9.393589 84.323035
9.409286 84.387853
9.412604 84.463199
9.417583 84.510987
9.449265 84.594975
9.445209 84.675973
9.440844 84.746626
9.465732 84.799853
9.495632 84.903085
9.490068 84.989463
9.496416 85.076777
9.504363 85.164991
9.514768 85.258528
9.503736 85.372519
9.514549 85.472334
9.521873 85.572199
9.532554 85.673863
9.544671 85.786963
9.557949 85.881752
9.569061 85.991170
9.567976 86.101876
9.583206 86.210865
9.593616 86.304772
9.592955 86.444668
9.574910 86.556359
9.561953 86.647095
9.584283 86.786102
9.590188 86.908347
9.582473 87.010464
9.570719 87.140173
9.599729 87.247668
9.573524 87.343771
9.571490 87.454675
9.564314 87.561034
9.559363 87.667730
9.558073 87.775297
9.553418 87.880510
9.543537 87.986354
9.534309 88.093482
9.527278 88.198915
9.526128 88.305186
9.523720 88.412215
9.515737 88.517662
9.500466 88.623769
9.483636 88.731747
9.468515 88.837298
9.454158 88.940804
9.438204 89.043595
9.422129 89.148975
9.402559 89.254036
9.383121 89.357247
9.363006 89.457512
9.341942 89.557975
9.321509 89.658244
9.301189 89.755370
9.279762 89.852697
9.256741 89.949493
9.232109 90.044649
9.207972 90.141091
9.181912 90.236268
9.154888 90.330535
9.127229 90.424811
9.098157 90.520032
9.066538 90.614735
9.036479 90.707568
9.008331 90.800928
8.977677 90.896541
8.945564 90.989958
8.913639 91.085405
8.880367 91.186416
8.847606 91.289821
8.815757 91.390441
8.780649 91.496098
8.739584 91.606646
8.695320 91.715393
8.647876 91.823632
8.599738 91.938718
8.550659 92.054557
8.497516 92.174520
8.437246 92.295327
8.375409 92.417449
8.314691 92.540110
8.253674 92.664069
8.188525 92.787534
8.117824 92.911079
8.041672 93.030639
7.963052 93.144136
7.881002 93.261748
7.796430 93.380506
7.710281 93.488939
7.622491 93.593700
7.526327 93.711703
7.429591 93.833964
7.333468 93.954738
7.232294 94.077249
7.127603 94.197963
7.021700 94.311673
6.921197 94.414955
6.814574 94.511860
6.701681 94.603127
6.556070 94.735339
6.435539 94.814152
6.312165 94.893745
6.189382 94.970373
6.063513 95.031153
5.905718 95.132868
5.753436 95.199208
5.614628 95.253894
5.487600 95.289560
5.345585 95.330988
5.201852 95.363386
5.054498 95.386783
4.920590 95.385776
4.615095 96.467737
4.479265 96.487269
4.345223 96.487927
4.221318 96.476611
4.076431 96.451557
3.945782 96.456416
3.819817 96.423509
3.700891 96.394565
3.596108 96.367264
3.493628 96.356560
3.376372 96.333320
3.256926 96.279622
3.148290 96.238333
3.067655 96.191646
2.975786 96.146971
2.888336 96.078948
2.811137 96.028515
2.730868 95.963344
2.641068 95.908291
2.572643 95.850339
2.490858 95.768189
2.422024 95.693058
2.357217 95.633021
2.296989 95.571438
2.199447 95.496725
2.145332 95.419162
2.096835 95.357039
2.036227 95.280310
1.973528 95.201578
1.915176 95.149023
1.869429 95.068751
1.823169 94.985899
1.789025 94.907121
1.753297 94.828551
1.707776 94.741993
1.667903 94.662005
1.656286 94.583269
1.629080 94.490715
1.603642 94.399799
1.576552 94.326093
1.562908 94.249788
1.541197 94.153274
1.550221 94.064813
1.541255 93.982896
1.536259 93.901292
1.518255 93.808789
1.525725 93.733471
1.514858 93.640864
1.523121 93.543729
1.535567 93.461501
1.543367 93.398004
1.544259 93.306705
1.557417 93.208020
1.568159 93.128588
1.600076 93.043489
1.614449 92.962896
1.641172 92.880645
1.659933 92.807195
1.688269 92.715866
1.725181 92.636053
1.754074 92.572064
1.793077 92.494254
1.833067 92.407929
1.878772 92.343696
1.922324 92.262308
1.969991 92.180306
2.017449 92.105699
2.058165 92.036549
2.120293 91.967087
2.191007 91.888076
2.238441 91.811806
2.304961 91.738954
2.365457 91.677277
2.416827 91.620723
2.487442 91.567584
2.561043 91.512553
2.628201 91.461682
2.696227 91.426875
2.766229 91.375223
2.841559 91.329961
2.922683 91.301247
2.975974 91.267763
3.052030 91.228773
3.131388 91.187703
3.191881 91.158549
3.261107 91.129823
3.336757 91.095644
3.397691 91.053179
3.456913 91.023859
3.530012 90.999696
3.599238 90.970969
3.656879 90.942042
3.716803 90.906429
3.777547 90.883554
3.843753 90.854502
3.900282 90.825406
3.964964 90.811529
4.026630 90.797511
4.082234 90.759374
4.131982 90.733149
4.199573 90.733828
4.245881 90.710978
4.303875 90.684448
4.348906 90.671966
4.399985 90.649971
4.458901 90.632298
4.485620 90.615093
4.549764 90.596973
4.604666 90.576032
4.640267 90.569600
4.661472 90.544160
4.709490 90.529786
4.742458 90.516925
4.784347 90.495619
4.828122 90.473176
4.860967 90.451817
4.897920 90.440191
4.926004 90.440521
4.960895 90.428926
4.996079 90.404761
5.035717 90.392357
5.049591 90.397329
5.068834 90.389657
5.088012 90.377551
5.111311 90.376103
5.134191 90.367639
5.155729 90.354206
5.181703 90.351241
5.194279 90.343296
5.209666 90.343257
5.224073 90.330297
5.254396 90.310083
5.273007 90.313507
5.289851 90.293674
5.315301 90.276488
5.334581 90.260500
5.354558 90.248752
5.378937 90.234353
5.400570 90.216483
5.416441 90.206089
5.447676 90.183089
5.479690 90.159155
5.523659 90.139112
5.554284 90.106882
5.592734 90.078234
5.635119 90.047496
5.676599 90.009010
5.722079 89.972868
5.774827 89.934772
5.813019 89.899291
5.886615 89.854794
5.936472 89.825056
5.955894 89.786152
6.034840 89.727717
6.077677 89.684407
6.128071 89.637106
6.179618 89.592745
6.225183 89.540710
6.263778 89.489331
6.301908 89.438697
6.324449 89.385149
6.367867 89.338135
6.410999 89.282439
6.429583 89.229503
6.486743 89.167506
6.518122 89.110872
6.557940 89.056334
6.587210 88.996405
6.621157 88.941767
6.668838 88.871592
6.706317 88.808957
6.736170 88.756411
6.746032 88.692885
6.788571 88.629067
6.816128 88.560478
6.847389 88.495716
6.866612 88.432238
6.891397 88.369418
6.919734 88.299893
6.944049 88.226547
6.968530 88.164656
6.987167 88.093609
7.011132 88.018051
7.025624 87.945587
7.045697 87.875074
7.059549 87.802250
7.074825 87.729220
7.091909 87.660414
7.109600 87.589751
7.116223 87.510749
7.128029 87.439064
7.133176 87.367660
7.139181 87.289776
7.134398 87.211864
7.128435 87.140067
7.129187 87.060966
7.131299 86.988128
7.127887 86.906315
7.119316 86.829752
7.122646 86.753385
7.113210 86.671845
7.103042 86.594566
7.098458 86.508520
7.091056 86.436005
7.080012 86.353011
7.064377 86.270637
7.056849 86.178536
7.057748 86.098694
7.047425 86.010699
7.048741 85.926785
7.048848 85.836051
7.036223 85.742546
7.035924 85.645721
7.028783 85.547516
7.021395 85.454120
7.010211 85.350615
7.004723 85.246104
6.996275 85.145331
6.971849 85.047563
6.973577 84.948305
6.958591 84.845226
6.938700 84.742957
6.934677 84.630108
6.906624 84.522969
6.900666 84.407931
6.887514 84.300020
6.874478 84.178248
6.850742 84.062546
6.813062 83.947970
6.789781 83.830782
6.779158 83.722280
6.757759 83.592684
6.727345 83.475970
6.695141 83.356140
6.679629 83.227752
6.660154 83.110509
6.629552 82.980862
6.600354 82.860434
6.596837 82.738708
6.601416 82.595614
6.586866 82.467951
6.563493 82.344482
6.558586 82.214461
6.560386 82.087483
6.541365 81.957853
6.542595 81.835319
6.535532 81.709764
6.512159 81.597198
6.518245 81.470343
6.516601 81.357460
6.514003 81.233503
6.516389 81.114094
6.511264 81.001816
6.521576 80.892824
6.521276 80.785096
6.529308 80.672072
6.531272 80.567267
6.520601 80.466342
6.536122 80.366514
6.544116 80.261807
6.554804 80.167777
6.546900 80.071617
6.555007 79.974668
6.566977 79.881545
6.575810 79.790869
6.586739 79.702565
6.616317 79.620272
6.627435 79.533998
6.640602 79.446770
6.674710 79.359606
6.689602 79.281962
6.709556 79.192418
6.746949 79.123871
6.758761 79.041652
6.706129 78.967948
6.727522 78.890024
6.731758 78.821405
6.758092 78.755976
6.779398 78.683043
6.781132 78.616863
6.788497 78.556144
6.812820 78.494255
6.818059 78.429132
6.820472 78.376986
6.819926 78.306774
6.839378 78.248097
6.861539 78.190305
6.861047 78.134690
6.868557 78.083948
6.886353 78.020490
6.879689 77.976792
6.891656 77.927094
6.898635 77.872479
6.909871 77.827042
6.911959 77.774346
6.922400 77.728736
6.928169 77.678204
6.943072 77.623104
6.955962 77.571360
6.963537 77.514150
6.975394 77.456877
6.984093 77.389671
6.998316 77.320537
7.011308 77.243106
7.024947 77.166589
7.037337 77.091384
7.047326 77.003832
7.059984 76.914394
7.078279 76.819885
7.083540 76.734435
7.097002 76.634822
7.112794 76.542751
7.124194 76.454071
7.140154 76.362552
7.152078 76.277190
7.167436 76.187897
7.185825 76.099854
7.200696 76.009829
7.218822 75.914583
7.239701 75.823178
7.274207 75.741552
7.274924 75.649147
7.288381 75.549164
7.291154 75.467261
7.285548 75.376426
7.291736 75.289300
7.301824 75.197682
7.294199 75.109832
7.302546 75.029327
7.296279 74.947556
7.302622 74.860243
7.302347 74.775982
7.300104 74.687316
7.296835 74.604392
7.306041 74.517592
7.310162 74.430126
7.307268 74.351262
7.306706 74.269039
7.289500 74.187797
7.288559 74.112231
7.293053 74.028641
7.280447 73.947332
7.279844 73.873239
7.255512 73.792840
7.253003 73.707688
7.244120 73.631499
7.237442 73.554169
7.221384 73.464595
7.204044 73.385018
7.202169 73.299857
7.190356 73.218536
7.148486 73.132110
7.158617 73.043448
7.121688 72.958612
7.082833 72.872326
7.078230 72.784988
7.079071 72.701081
7.062449 72.616319
7.021476 72.526183
6.992630 72.440861
6.990446 72.356259
6.956356 72.270273
6.929685 72.181777
6.891825 72.098433
6.880547 72.010268
6.858215 71.925589
6.837598 71.838853
6.795324 71.757422
6.775024 71.659779
6.757216 71.569860
6.717681 71.491346
6.688185 71.404923
6.671587 71.310922
6.643176 71.233724
6.624866 71.141965
6.612160 71.053820
6.571715 70.967188
6.559243 70.884214
6.532150 70.799420
6.513638 70.715610
6.499330 70.626379
6.480436 70.549043
6.477656 70.467036
6.459643 70.384882
6.433142 70.308025
6.443209 70.225832
6.432148 70.152631
6.405271 70.082617
6.421582 70.004398
6.413052 69.930606
6.420487 69.852886
6.413118 69.782588
6.418182 69.716360
6.419127 69.650560
6.407314 69.580142
6.414381 69.520722
