9.711207 54.806464
9.710596 54.808136
9.710881 54.805915
9.710411 54.806291
9.708336 54.805397
9.710405 54.805921
9.707701 54.805406
9.710255 54.806478
9.710747 54.807580
9.708529 54.807797
9.708811 54.805390
9.707822 54.802818
9.708172 54.805030
9.707518 54.803746
9.707854 54.805035
9.712631 54.806259
9.712406 54.801642
9.715766 54.803626
9.711467 54.802580
9.712255 54.802199
9.713876 54.804577
9.714959 54.802714
9.715489 54.806402
9.715468 54.804924
9.717199 54.803975
9.715484 54.806032
9.718484 54.805065
9.713752 54.806981
9.716575 54.804723
9.716559 54.803614
9.712774 54.805148
9.713914 54.807164
9.715959 54.806025
9.710408 54.806106
9.713411 54.805323
9.711994 54.806083
9.713451 54.808095
9.712330 54.807372
9.713583 54.806245
9.713107 54.806252
9.714543 54.806785
9.710250 54.806109
9.712954 54.806624
9.714701 54.806783
9.716115 54.805838
9.714992 54.804931
9.716258 54.804728
9.713263 54.806065
9.713570 54.805321
9.715613 54.803998
9.712301 54.805340
9.713750 54.806797
9.716744 54.805460
9.714373 54.806049
9.715468 54.804924
9.713414 54.805508
9.714357 54.804940
9.714067 54.806792
9.713871 54.804208
9.714967 54.803268
9.716578 54.804908
9.712785 54.805887
9.711500 54.804797
9.712938 54.805515
9.715930 54.803993
9.711986 54.805529
9.717817 54.802857
9.709317 54.807416
9.720667 54.802446
9.710906 54.807577
9.717833 54.803965
9.707085 54.806709
9.714078 54.807531
9.701139 54.812339
9.707750 54.808732
9.707610 54.810028
9.706956 54.808744
9.705706 54.810055
9.708225 54.808725
9.708373 54.807984
9.705249 54.811355
9.704115 54.809709
9.708161 54.804291
9.709346 54.809448
9.712795 54.806626
9.712959 54.806993
9.711045 54.806282
9.707739 54.807993
9.713231 54.803848
9.715188 54.807515
9.711857 54.807563
9.710285 54.808510
9.714906 54.809921
9.711067 54.807760
9.709478 54.807598
9.713446 54.807725
9.713951 54.809750
9.710126 54.808513
9.710940 54.809979
9.714266 54.809561
9.714408 54.808450
9.707252 54.807261
9.708674 54.806871
9.711045 54.806282
9.708994 54.807051
9.707596 54.809104
9.714217 54.806236
9.709158 54.807418
9.710217 54.803892
9.711712 54.808490
9.710223 54.804261
9.707572 54.807441
9.714201 54.805127
9.708344 54.805952
9.709666 54.809628
9.708491 54.805210
9.706346 54.810416
9.704733 54.808591
9.708725 54.810381
9.706836 54.811332
9.707298 54.810402
9.705561 54.810981
9.705231 54.810062
9.711513 54.805721
9.709448 54.805566
9.711860 54.807748
9.708352 54.806506
9.712957 54.806808
9.709287 54.805383
9.708010 54.804848
9.708516 54.806873
9.712467 54.805891
9.711381 54.807570
9.707104 54.808002
9.708336 54.805397
9.710575 54.806658
9.709612 54.805933
9.709639 54.807781
9.710599 54.808321
9.710112 54.807589
9.710411 54.806291
9.708392 54.809277
9.710075 54.805002
9.707572 54.807441
9.707419 54.807813
9.706010 54.809127
9.707887 54.807252
9.706037 54.810974
9.706467 54.807827
9.707112 54.808556
9.707930 54.810208
9.706327 54.809122
9.705803 54.805804
9.705349 54.807289
9.707085 54.806709
9.706771 54.806898
9.707889 54.807436
9.708333 54.805212
9.707395 54.806150
9.707107 54.808187
9.706940 54.807635
9.708956 54.804464
9.709948 54.807222
9.709465 54.806674
9.707532 54.804670
9.708215 54.807986
9.711056 54.807021
9.707427 54.808367
9.709481 54.807783
9.709612 54.805933
9.709981 54.809439
9.708841 54.807423
9.706973 54.809852
9.709362 54.810556
9.706376 54.812448
9.706932 54.807081
9.705378 54.809321
9.709513 54.810000
9.707911 54.808914
9.707268 54.808369
9.707927 54.810023
9.706053 54.812083
9.707599 54.809289
9.706782 54.807637
9.706973 54.809852
9.707604 54.809658
9.709354 54.810002
9.708333 54.805212
9.707900 54.808175
9.709674 54.810182
9.707922 54.809653
9.708397 54.809647
9.707236 54.806152
9.709293 54.805753
9.705986 54.807464
9.704220 54.806012
9.709747 54.804268
9.707895 54.807806
9.706903 54.805049
9.707387 54.805596
9.707830 54.803372
9.708970 54.805388
9.708989 54.806681
9.706612 54.806901
9.705803 54.805804
9.706118 54.805614
9.707723 54.806884
9.708666 54.806316
9.703763 54.807312
9.706290 54.806536
9.707572 54.807441
9.705661 54.806915
9.706766 54.806529
9.707602 54.809473
9.705991 54.807834
9.705314 54.804887
9.713578 54.805875
9.712599 54.804042
9.710540 54.804256
9.717145 54.800280
9.713578 54.805875
9.712747 54.803300
9.714680 54.805305
9.712145 54.805527
9.714677 54.805120
9.716734 54.804721
9.712631 54.806259
9.716726 54.804166
9.712443 54.804229
9.717379 54.805450
9.712320 54.806633
9.715449 54.803631
9.713408 54.805139
9.715954 54.805656
9.715000 54.805485
9.713247 54.804956
9.713906 54.806610
9.711997 54.806268
9.711489 54.804058
9.714828 54.804564
9.712465 54.805707
9.712290 54.804601
9.717341 54.802864
9.715451 54.803815
9.715462 54.804554
9.711970 54.804420
9.712613 54.804965
9.717371 54.804896
9.716094 54.804360
9.714064 54.806607
9.717349 54.803418
9.712752 54.803670
9.717035 54.803607
9.714040 54.804945
9.716865 54.802871
9.717551 54.806372
9.714201 54.805127
9.716699 54.802319
9.715941 54.804732
9.713271 54.806619
9.714215 54.806051
9.715642 54.806030
9.714005 54.802543
9.707693 54.804852
9.714795 54.802347
9.708465 54.803363
9.709123 54.805016
9.710505 54.801855
9.715462 54.804554
9.712134 54.804788
9.713204 54.802000
9.713217 54.802924
9.716895 54.804903
9.714814 54.803640
9.718634 54.804508
9.717392 54.806374
9.716567 54.804169
9.718177 54.805808
9.718970 54.805797
9.716449 54.806942
9.716747 54.805644
9.717062 54.805455
9.710567 54.806104
9.711207 54.806464
9.712142 54.805342
9.712809 54.807550
9.710419 54.806845
9.715134 54.803820
9.709190 54.809635
9.710889 54.806469
9.712645 54.807182
9.712142 54.805342
9.711056 54.807021
9.715164 54.805852
9.711545 54.807938
9.712812 54.807734
9.713400 54.804584
9.711354 54.805723
9.711064 54.807575
9.715301 54.804372
9.711994 54.806083
9.712613 54.804965
9.712475 54.806446
9.712782 54.805702
9.711685 54.806642
9.712150 54.805896
9.708830 54.806684
9.711685 54.806642
9.711846 54.806824
9.711247 54.809235
9.712010 54.807192
9.710881 54.805915
9.711051 54.806651
9.712029 54.808485
9.710892 54.806654
9.710895 54.806838
9.712129 54.804418
9.710586 54.807397
9.709422 54.803718
9.710400 54.805552
9.710561 54.805734
9.709739 54.803714
9.714610 54.800501
9.715295 54.804002
9.711957 54.803497
9.716067 54.802513
9.714486 54.802905
9.712432 54.803490
9.713242 54.804587
9.713524 54.802180
9.714000 54.802173
9.715295 54.804002
9.714153 54.801802
9.712739 54.802746
9.715610 54.803813
9.714828 54.804564
9.711180 54.804617
9.711172 54.804062
9.711820 54.804977
9.709892 54.803342
9.710250 54.806109
9.709440 54.805012
9.711820 54.804977
9.709448 54.805566
9.711508 54.805351
9.709279 54.804829
9.710873 54.805360
9.709478 54.807598
9.709118 54.804647
9.708360 54.807060
9.707080 54.806339
9.710548 54.804811
9.711510 54.805536
9.710556 54.805365
9.712158 54.806450
9.707373 54.804672
9.711680 54.806273
9.709623 54.806672
9.709642 54.807965
9.712763 54.804409
9.710260 54.806848
9.711556 54.808677
9.711053 54.806836
9.713290 54.807912
9.714398 54.807711
9.714075 54.807346
9.715685 54.808986
9.714562 54.808078
9.716309 54.808238
9.717110 54.808781
9.716613 54.807309
9.720271 54.807995
9.713922 54.807718
9.717255 54.807854
9.717274 54.809148
9.715201 54.808439
9.716771 54.807307
9.716269 54.805467
9.717742 54.808587
9.713957 54.810120
9.718185 54.806363
9.718048 54.807843
9.718054 54.808212
9.715994 54.808427
9.715664 54.807508
9.717110 54.808781
9.716965 54.809707
9.717419 54.808222
9.718199 54.807286
9.717755 54.809510
9.714368 54.805679
9.715621 54.804552
9.713548 54.803843
9.714352 54.804570
9.714997 54.805300
9.717226 54.805822
9.713570 54.805321
9.715618 54.804367
9.712306 54.805709
9.716443 54.806573
9.715954 54.805656
9.712484 54.807000
9.719274 54.804868
9.714516 54.804938
9.713395 54.804215
9.713354 54.801444
9.713992 54.801619
9.712277 54.803677
9.715430 54.802337
9.714629 54.801795
9.713887 54.805316
9.711309 54.802582
9.713059 54.802926
9.714177 54.803464
9.714790 54.801977
9.709427 54.804088
9.715626 54.804922
9.708924 54.802247
9.713717 54.804580
9.713381 54.803291
9.710387 54.804628
9.714656 54.803642
9.710516 54.802594
9.712008 54.807007
9.712919 54.804222
9.712451 54.804783
9.712427 54.803120
9.714191 54.804388
9.712115 54.803494
9.711018 54.804434
9.714027 54.804021
9.711126 54.800922
9.710524 54.803148
9.713656 54.800330
9.708158 54.804106
9.712078 54.800908
9.708435 54.801330
9.709723 54.802605
9.711000 54.803141
9.709204 54.799656
9.711301 54.802028
9.710846 54.803513
9.709384 54.801132
9.709836 54.799462
9.711787 54.802760
9.713806 54.799774
9.712540 54.799977
9.713346 54.800889
9.714930 54.800681
9.714414 54.797917
9.715113 54.802342
9.713785 54.798296
9.717653 54.802490
9.714005 54.802543
9.711787 54.802760
9.715621 54.804552
9.716381 54.802323
9.714166 54.802725
9.719124 54.805425
9.712263 54.802753
9.716234 54.803065
9.714010 54.802912
9.713102 54.805882
9.711483 54.803688
9.715301 54.804372
9.711018 54.804434
9.713715 54.804395
9.714997 54.805300
9.710059 54.803894
9.714045 54.805314
9.709279 54.804829
9.715137 54.804005
9.711349 54.805353
9.710556 54.805365
9.715172 54.806406
9.714535 54.806231
9.714199 54.804942
9.712454 54.804968
9.714250 54.808453
9.713744 54.806427
9.713591 54.806799
9.710236 54.805185
9.716914 54.806196
9.712303 54.805524
9.712610 54.804781
9.713744 54.806427
9.712774 54.805148
9.710078 54.805187
9.710411 54.806291
9.713898 54.806055
9.711035 54.805543
9.715102 54.801603
9.712760 54.804224
9.714158 54.802171
9.711174 54.804247
9.710352 54.802226
9.713400 54.804584
9.715433 54.802522
9.710067 54.804448
9.712922 54.804407
9.712277 54.803677
9.713537 54.803104
9.714481 54.802536
9.712911 54.803668
9.713387 54.803661
9.714626 54.801610
9.715142 54.804374
9.715752 54.802702
9.714180 54.803649
9.713236 54.804217
9.714830 54.804748
9.712586 54.803118
9.715602 54.803259
9.712924 54.804591
9.713209 54.802370
9.714191 54.804388
9.712443 54.804229
9.715922 54.803439
9.712911 54.803668
9.712596 54.803857
9.714021 54.803651
9.717210 54.804714
9.714177 54.803464
9.715916 54.803069
9.710680 54.802961
9.715134 54.803820
9.713376 54.802922
9.713545 54.803658
9.711822 54.805162
9.712610 54.804781
9.712438 54.803859
9.712438 54.803859
9.711021 54.804619
9.714182 54.803834
9.709768 54.805746
9.712113 54.803310
9.716279 54.806206
9.714306 54.801430
9.710871 54.805176
9.714355 54.804755
9.713688 54.802547
9.712924 54.804591
9.715642 54.806030
9.714626 54.801610
9.709400 54.802240
9.713720 54.804764
9.716847 54.801578
9.714320 54.802353
9.712580 54.802748
9.712395 54.800903
9.712739 54.802746
9.715903 54.802146
9.714287 54.800136
9.714161 54.802356
9.714664 54.804196
9.711647 54.804055
9.714817 54.803825
9.716242 54.803619
9.714621 54.801240
9.714180 54.803649
9.712424 54.802935
9.715925 54.803624
9.716562 54.803799
9.718153 54.804146
9.717521 54.804340
9.720237 54.805594
9.717677 54.804152
9.719271 54.804684
9.716279 54.806206
9.717685 54.804707
9.717532 54.805079
9.719277 54.805053
9.719927 54.806152
9.718180 54.805993
9.716586 54.805462
9.715301 54.804372
9.715957 54.805841
9.718322 54.804882
9.715301 54.804372
9.715505 54.807510
9.716753 54.806014
9.712457 54.805152
9.712134 54.804788
9.712330 54.807372
9.715492 54.806587
9.716589 54.805647
9.714381 54.806603
9.715774 54.804180
9.717839 54.804335
9.713562 54.804767
9.714965 54.803083
9.716908 54.805827
9.716102 54.804915
9.715333 54.806589
9.715468 54.804924
9.718503 54.806358
9.716121 54.806208
9.717529 54.804894
9.719118 54.805055
9.716274 54.805836
9.719422 54.804127
9.718013 54.805441
9.720228 54.805039
9.724409 54.797956
9.723796 54.799444
9.722715 54.801492
9.725215 54.798869
9.724750 54.799615
9.726333 54.799407
9.724589 54.799432
9.727100 54.797548
9.725215 54.798869
9.725210 54.798499
9.720925 54.798377
9.724903 54.799243
9.722352 54.798356
9.722554 54.801310
9.721142 54.802439
9.717328 54.801940
9.723672 54.801848
9.714674 54.804935
9.713126 54.807545
9.714704 54.806968
9.712139 54.805157
9.720546 54.805035
9.721981 54.805568
9.721968 54.804644
9.720247 54.806333
9.718524 54.807836
9.721796 54.803723
9.717484 54.801753
9.718000 54.804517
9.718123 54.802113
9.716234 54.803065
9.714978 54.804007
9.719411 54.803388
9.719263 54.804129
9.718134 54.802852
9.720064 54.804672
9.715615 54.804183
9.720492 54.801340
9.717210 54.804714
9.718946 54.804134
9.721296 54.802067
9.722274 54.803901
9.720540 54.804665
9.721629 54.803171
9.719900 54.804305
9.722124 54.804457
9.719736 54.803938
9.721161 54.803732
9.718011 54.805256
9.715478 54.805663
9.716892 54.804718
9.717046 54.804346
9.717059 54.805270
9.717201 54.804159
9.716403 54.803801
9.717857 54.805628
9.716427 54.805464
9.719446 54.805790
9.717675 54.803968
9.716422 54.805095
9.715011 54.806224
9.722890 54.802598
9.722046 54.799100
9.721785 54.802984
9.721753 54.800767
9.723199 54.802039
9.720970 54.801517
9.722551 54.801125
9.718758 54.802104
9.722605 54.804820
9.716591 54.805831
9.717970 54.802485
9.717997 54.804333
9.712787 54.806072
9.719091 54.803208
9.716578 54.804908
9.717691 54.805076
9.718933 54.803210
9.716583 54.805277
9.717981 54.803224
9.718301 54.803404
9.719559 54.802647
9.715591 54.802520
9.716887 54.804349
9.721301 54.802437
9.719849 54.800795
9.717158 54.801203
9.722530 54.799647
9.717817 54.802857
9.718873 54.799146
9.718884 54.799885
9.719519 54.799876
9.716051 54.801404
9.720957 54.800594
9.718906 54.801363
9.714666 54.804381
9.719836 54.799871
9.720046 54.803379
9.719591 54.804864
9.719344 54.798769
9.719099 54.803762
9.721011 54.804289
9.718952 54.804504
9.720486 54.800970
9.720040 54.803009
9.720836 54.803183
9.720863 54.805030
9.717527 54.804709
9.716887 54.804349
9.714338 54.803647
9.714803 54.802901
9.714164 54.802541
9.717204 54.804344
9.719067 54.801545
9.714669 54.804566
9.715586 54.802150
9.717035 54.803607
9.716234 54.803065
9.713699 54.803286
9.721780 54.802614
9.713223 54.803293
9.717153 54.800834
9.717457 54.799906
9.717166 54.801758
9.718734 54.800441
9.717935 54.800083
9.720029 54.802270
9.719204 54.800065
9.719505 54.798952
9.720016 54.801347
9.721285 54.801328
9.723761 54.797042
9.721081 54.798190
9.722702 54.800568
9.721089 54.798744
9.724554 54.797030
9.723651 54.800370
9.723793 54.799259
9.717494 54.802492
9.716395 54.803247
9.721314 54.803360
9.721116 54.800591
9.721140 54.802254
9.719368 54.800432
9.722567 54.802233
9.722438 54.804268
9.719857 54.801349
9.718422 54.800815
9.719352 54.799324
9.720328 54.800972
9.719989 54.799499
9.717027 54.803053
9.719691 54.800797
9.719242 54.802651
9.719072 54.801915
9.716064 54.802328
9.718583 54.800998
9.716072 54.802882
9.719376 54.800986
9.717949 54.801007
9.721755 54.800952
9.718419 54.800631
9.718296 54.803035
9.720672 54.802815
9.718282 54.802111
9.718777 54.803397
9.718755 54.801919
9.716693 54.801949
9.718879 54.799515
9.719247 54.803021
9.718607 54.802661
9.719538 54.801169
9.722177 54.797250
9.720489 54.801155
9.724449 54.800728
9.720470 54.799862
9.720005 54.800608
9.723309 54.798712
9.720129 54.798204
9.716691 54.801765
9.722997 54.799086
9.723024 54.800933
9.720314 54.800049
9.719021 54.798404
9.721755 54.800952
9.720793 54.800227
9.722683 54.799275
9.723788 54.798889
9.721446 54.801511
9.723476 54.799264
9.722075 54.801132
9.720952 54.800224
9.722242 54.801684
9.722234 54.801130
9.721917 54.801134
9.718411 54.800076
9.719683 54.800243
9.721449 54.801695
9.724280 54.799991
9.714274 54.799213
9.720640 54.800598
9.724452 54.800912
9.718387 54.798414
9.720167 54.800790
9.722040 54.798730
9.718572 54.800259
9.719675 54.799688
9.719492 54.798028
9.721422 54.799848
9.719825 54.799132
9.720005 54.800608
9.720161 54.800421
9.720941 54.799485
9.722064 54.800393
9.720000 54.800238
9.719516 54.799691
9.722868 54.801120
9.720054 54.803933
9.719368 54.800432
9.718258 54.800448
9.723979 54.801104
9.719680 54.800058
9.720645 54.800968
9.723336 54.800559
9.720804 54.800966
9.721290 54.801698
9.723804 54.799998
9.718876 54.799330
9.720621 54.799305
9.718790 54.804321
9.717822 54.803226
9.720403 54.806146
9.717822 54.803226
9.721325 54.804099
9.720540 54.804665
9.717497 54.802677
9.720038 54.802825
9.719766 54.805970
9.719884 54.803196
9.718919 54.802287
9.719376 54.800986
9.718110 54.801190
9.716857 54.802317
9.716371 54.801584
9.715126 54.803266
9.719210 54.800434
9.715129 54.803450
9.713193 54.801261
9.717642 54.801751
9.718433 54.801554
9.718158 54.804515
9.718282 54.802111
9.719400 54.802649
9.716696 54.802134
9.722433 54.803898
9.716691 54.801765
9.718763 54.802474
9.714779 54.801238
9.725874 54.800522
9.725253 54.801455
9.719532 54.800799
9.723008 54.799825
9.722363 54.799095
9.722720 54.801862
9.723167 54.799822
9.718594 54.801737
9.722702 54.800568
9.723035 54.801672
9.720645 54.800968
9.721444 54.801326
9.720667 54.802446
9.718562 54.799520
9.718572 54.800259
9.721094 54.799113
9.717782 54.800455
9.719046 54.800067
9.720613 54.798751
9.720476 54.800231
9.719997 54.800053
9.723919 54.797040
9.721570 54.799106
9.724449 54.800728
9.719521 54.800060
9.724742 54.799060
9.724110 54.799254
9.721409 54.798924
9.723806 54.800183
9.721559 54.798367
9.723645 54.800000
9.725992 54.797749
9.724594 54.799802
9.724573 54.798324
9.725860 54.799598
9.722683 54.799275
9.725186 54.796836
9.724255 54.798328
9.724570 54.798139
9.727089 54.796809
9.727438 54.799021
9.724871 54.797026
9.727890 54.797351
9.723204 54.802409
9.723140 54.797975
9.717298 54.799908
9.726651 54.799402
9.725387 54.799790
9.723508 54.801481
9.727586 54.798280
9.720745 54.796901
9.720013 54.801162
9.720779 54.799303
9.724887 54.798134
9.721570 54.799106
9.722559 54.801679
9.720602 54.798012
9.723341 54.800929
9.720605 54.798197
9.719339 54.798400
9.720941 54.799485
9.715712 54.799931
9.716513 54.800474
9.719013 54.797850
9.717621 54.800273
9.714290 54.800321
9.716333 54.798998
9.716201 54.800848
9.715091 54.800864
9.715701 54.799192
9.713965 54.799772
9.715895 54.801591
9.714599 54.799762
9.715685 54.798083
9.715416 54.801414
9.715712 54.799931
9.712884 54.801820
9.716199 54.800663
9.715408 54.800859
9.714169 54.802910
9.716502 54.799735
9.713664 54.800885
9.719986 54.799314
9.719535 54.800984
9.719806 54.797839
9.717742 54.797684
9.715113 54.802342
9.719180 54.798402
9.717290 54.799354
9.716994 54.800836
9.714820 54.804009
9.716863 54.802686
9.714158 54.802171
9.715314 54.805296
9.715282 54.803079
9.713731 54.805503
9.712720 54.801453
9.714825 54.804379
9.713715 54.804395
9.716691 54.801765
9.715140 54.804189
9.716035 54.800296
9.716855 54.802132
9.716062 54.802143
9.712739 54.802746
9.717328 54.801940
9.715414 54.801229
9.717161 54.801388
9.714161 54.802356
9.713680 54.801993
9.715742 54.801963
9.715247 54.800677
9.717508 54.803416
9.715922 54.803439
9.714336 54.803462
9.714634 54.802164
9.716718 54.803612
9.714344 54.804016
9.717989 54.803778
9.719720 54.802829
9.715739 54.801778
9.717986 54.803594
9.714016 54.803282
9.716900 54.805273
9.714010 54.802912
9.716373 54.801769
9.716715 54.803427
9.714360 54.805125
9.714989 54.804746
9.711172 54.804062
9.714360 54.805125
9.712962 54.807178
9.713274 54.806804
9.709629 54.807042
9.712156 54.806266
9.714521 54.805307
9.710099 54.806665
9.714847 54.805857
9.710580 54.807028
9.710892 54.806654
9.717172 54.802127
9.715916 54.803069
9.714803 54.802901
9.716226 54.802511
9.716857 54.802317
9.714941 54.801420
9.712752 54.803670
9.715443 54.803261
9.714664 54.804196
9.715763 54.803441
9.710381 54.804259
9.710545 54.804626
9.711470 54.802765
9.708161 54.804291
9.708962 54.804834
9.707653 54.802081
9.709575 54.803347
9.710543 54.804441
9.709086 54.802430
9.715564 54.800672
9.712712 54.800899
9.712865 54.800527
9.716500 54.799550
9.716352 54.800291
9.716180 54.799370
9.715852 54.798635
9.712696 54.799790
9.714266 54.798658
9.715857 54.799005
9.718398 54.799153
9.713973 54.800326
9.718054 54.797310
9.716554 54.803245
9.713354 54.801444
9.710994 54.802771
9.715570 54.801042
9.715424 54.801968
9.717640 54.801566
9.713645 54.799591
9.717798 54.801564
9.719538 54.801169
9.719253 54.803390
9.718132 54.802668
9.719892 54.803751
9.716099 54.804730
9.717632 54.801012
9.718137 54.803037
9.714029 54.804206
9.715422 54.801783
9.717540 54.805633
9.711478 54.803319
9.717204 54.804344
9.716564 54.803984
9.716070 54.802698
9.714674 54.804935
9.718123 54.802113
9.714664 54.804196
9.715282 54.803079
9.716398 54.803432
9.716564 54.803984
9.717349 54.803418
9.716527 54.801397
9.717191 54.803420
9.715441 54.803076
9.716691 54.801765
9.719685 54.800427
9.716919 54.806566
9.718443 54.802293
9.721290 54.801698
9.720196 54.802822
9.719245 54.802836
9.720516 54.803002
9.720177 54.801529
9.719234 54.802097
9.718618 54.803400
9.720680 54.803370
9.721153 54.803178
9.719067 54.801545
9.717185 54.803051
9.720048 54.803564
9.718279 54.801926
9.716882 54.803979
9.717481 54.801568
9.719258 54.803760
9.718462 54.803587
9.718462 54.803587
9.717968 54.802300
9.716379 54.802139
9.718763 54.802474
9.716677 54.800841
9.717314 54.801016
9.713338 54.800335
9.714755 54.799575
9.715922 54.803439
9.713346 54.800889
9.714134 54.800508
9.711747 54.799989
9.712887 54.802005
9.712553 54.800901
9.715906 54.802330
9.713535 54.802919
9.717610 54.799534
9.715115 54.802527
9.715260 54.801601
9.717481 54.801568
9.716718 54.803612
9.714145 54.801247
9.716209 54.801402
9.718266 54.801002
9.716989 54.800467
9.717812 54.802487
9.717486 54.801938
9.717626 54.800642
9.718266 54.801002
9.718892 54.800439
9.718417 54.800446
9.716817 54.799545
9.715900 54.801961
9.715564 54.800672
9.718422 54.800815
9.717766 54.799347
9.717623 54.800457
9.719199 54.799695
9.716822 54.799915
9.718559 54.799335
9.716484 54.798441
9.716032 54.800111
9.718094 54.800081
9.718556 54.799150
9.716000 54.797894
9.715868 54.799744
9.715871 54.799929
9.717605 54.799164
9.714591 54.799208
9.716640 54.798254
9.718395 54.798968
9.714911 54.799388
9.717766 54.799347
9.716336 54.799183
9.718078 54.798973
9.715564 54.800672
9.718384 54.798229
9.715750 54.802517
9.714153 54.801802
9.718285 54.802296
9.714486 54.802905
9.714943 54.801605
9.716562 54.803799
9.716976 54.799543
9.712091 54.801832
9.713535 54.802919
9.710822 54.801850
9.712559 54.801270
9.711647 54.804055
9.712567 54.801825
9.711776 54.802021
9.713532 54.802735
9.710513 54.802409
9.712126 54.804233
9.709879 54.802418
9.716548 54.802875
9.713994 54.801804
9.716715 54.803427
9.714164 54.802541
9.714809 54.803270
9.713865 54.803838
9.716078 54.803252
9.714309 54.801614
9.720473 54.800046
9.712575 54.802379
9.713841 54.802176
9.715731 54.801224
9.712277 54.803677
9.713005 54.799231
9.714610 54.800501
9.714951 54.802159
9.713215 54.802739
9.714976 54.803822
9.714150 54.801617
9.714782 54.801423
9.713204 54.802000
9.715239 54.800123
9.714320 54.802353
9.712725 54.801822
9.714478 54.802351
9.711922 54.801095
9.714158 54.802171
9.713650 54.799961
9.711481 54.803504
9.713828 54.801252
9.714314 54.801984
9.711811 54.804423
9.714145 54.801247
9.714607 54.800317
9.716680 54.801026
9.714943 54.801605
9.715876 54.800298
9.715567 54.800857
9.712889 54.802190
9.712064 54.799984
9.714298 54.800875
9.713798 54.799220
9.711610 54.801469
9.714443 54.799949
9.715855 54.798820
9.712707 54.800529
9.715739 54.801778
9.713970 54.800141
9.715516 54.797347
9.715072 54.799571
9.715774 54.804180
9.717183 54.802866
9.713551 54.804028
9.713889 54.805501
9.713564 54.804952
9.712785 54.805887
9.717806 54.802118
9.713750 54.806797
9.714696 54.806413
9.716720 54.803797
9.717212 54.804898
9.715804 54.806212
9.716726 54.804166
9.715298 54.804187
9.718798 54.804875
9.712774 54.805148
9.715787 54.805104
9.718013 54.805441
9.716403 54.803801
9.717696 54.805446
9.715793 54.805473
9.716720 54.803797
9.719605 54.805788
9.717046 54.804346
9.720406 54.806330
9.719887 54.803381
9.717696 54.805446
9.719115 54.804871
9.717223 54.805637
9.721169 54.804286
9.716774 54.807492
9.720226 54.804855
9.720040 54.803009
9.716430 54.805649
9.719452 54.806159
9.721944 54.802982
9.717876 54.806921
9.718341 54.806176
9.718468 54.803956
9.718804 54.805245
9.719780 54.806894
9.717046 54.804346
9.718492 54.805619
9.719121 54.805240
9.718642 54.805062
9.716930 54.807305
9.718610 54.802845
9.719438 54.805236
9.716094 54.804360
9.719925 54.805968
9.714984 54.804377
9.715174 54.806591
9.719422 54.804127
9.719433 54.804866
9.721476 54.803543
9.719594 54.805049
9.716591 54.805831
9.717992 54.803963
9.716879 54.803795
9.722739 54.803155
9.719425 54.804312
9.719586 54.804494
9.720371 54.803928
9.717043 54.804162
9.717664 54.803229
9.718779 54.803582
9.712602 54.804226
9.718505 54.806543
9.716736 54.804905
9.719564 54.803016
9.718618 54.803400
9.715618 54.804367
9.715637 54.805661
9.712935 54.805330
9.715134 54.803820
9.712599 54.804042
9.710871 54.805176
9.708959 54.804649
9.712303 54.805524
9.710228 54.804631
9.709432 54.804457
9.711349 54.805353
9.714683 54.805490
9.711957 54.803497
9.714035 54.804575
9.711373 54.807016
9.714169 54.802910
9.712604 54.804411
9.713422 54.806062
9.714510 54.804568
9.714002 54.802358
9.720860 54.804845
9.714459 54.801058
9.720497 54.801709
9.718597 54.801922
9.720215 54.804116
9.719702 54.801536
9.721293 54.801882
9.720347 54.802266
9.721005 54.803919
9.720379 54.804483
9.721935 54.802427
9.725121 54.803305
9.720876 54.805954
9.720204 54.803377
9.724981 54.804601
9.722745 54.803524
9.719099 54.803762
9.722610 54.805189
9.720538 54.804480
9.721798 54.803908
9.720008 54.800792
9.721935 54.802427
9.718279 54.801926
9.720191 54.802453
9.716693 54.801949
9.718750 54.801550
9.717664 54.803229
9.721642 54.804095
9.717661 54.803044
9.720347 54.802266
9.721492 54.804651
9.716992 54.800651
9.718906 54.801363
9.714137 54.800693
9.719747 54.804677
9.720492 54.801340
9.717790 54.801009
9.715269 54.802155
9.723995 54.802213
9.723393 54.804439
9.720021 54.801716
9.720688 54.803924
9.720833 54.802998
9.719414 54.803573
9.724624 54.801834
9.720029 54.802270
9.717989 54.803778
9.718946 54.804134
9.720836 54.803183
9.720860 54.804845
9.717978 54.803039
9.717344 54.803049
9.718930 54.803026
9.720812 54.801520
9.717212 54.804898
9.716567 54.804169
9.720688 54.803924
9.715301 54.804372
9.718962 54.805243
9.717067 54.805824
9.717519 54.804155
9.717328 54.801940
9.716908 54.805827
9.714822 54.804194
9.717150 54.800649
9.715790 54.805289
9.716097 54.804545
9.714492 54.803275
9.717201 54.804159
9.720223 54.804670
9.717683 54.804522
9.720062 54.804487
9.721199 54.806319
9.720059 54.804303
9.718129 54.802483
9.719113 54.804686
9.718825 54.806723
9.719296 54.806346
9.721610 54.801878
9.720688 54.803924
9.722476 54.806854
9.720355 54.802820
9.719581 54.804125
9.722121 54.804273
9.720188 54.802268
9.720073 54.805226
9.722753 54.804079
9.721973 54.805014
9.720806 54.801150
9.723527 54.802774
9.723882 54.805356
9.717312 54.800832
9.725909 54.802924
9.721624 54.802802
9.719398 54.802464
9.721484 54.804097
9.722589 54.803711
9.720056 54.804118
9.721626 54.802986
9.720707 54.805217
9.718914 54.801917
9.722277 54.804086
9.719745 54.804492
9.720062 54.804487
9.723202 54.802224
9.718478 54.804695
9.718492 54.805619
9.719747 54.804677
9.722288 54.804825
9.720839 54.803367
9.721995 54.806492
9.721462 54.802619
9.719452 54.806159
9.723242 54.804995
9.718962 54.805243
9.720395 54.805591
9.721164 54.803917
9.723702 54.803880
9.721358 54.806316
9.720527 54.803741
9.719758 54.805416
9.722769 54.805187
9.723898 54.806464
9.721820 54.805386
9.722454 54.805376
9.722454 54.805376
9.720419 54.807254
9.721368 54.807055
9.722798 54.807219
9.722315 54.806672
9.718656 54.805986
9.721175 54.804656
9.719449 54.805975
9.720739 54.807434
9.716454 54.807312
9.719774 54.806524
9.720091 54.806520
9.720280 54.808550
9.721538 54.807792
9.717102 54.808226
9.719148 54.807088
9.721363 54.806686
9.720769 54.809466
9.719433 54.804866
9.718524 54.807836
9.721559 54.809270
9.722129 54.804827
9.718207 54.807841
9.720099 54.807074
9.723468 54.809612
9.719753 54.805046
9.718519 54.807466
9.716911 54.806012
9.718511 54.806912
9.718344 54.806360
9.717236 54.806561
9.720909 54.808171
9.717578 54.808219
9.720511 54.802633
9.721516 54.806314
9.724204 54.805721
9.722621 54.805928
9.722594 54.804081
9.722597 54.804266
9.722427 54.803529
9.721831 54.806125
9.723559 54.804991
9.724360 54.805534
9.718935 54.803395
9.724809 54.803679
9.722142 54.805751
9.720199 54.803007
9.722433 54.803898
9.723562 54.805176
9.723376 54.803330
9.721309 54.802991
9.724809 54.803679
9.720688 54.803924
9.724807 54.803494
9.721844 54.807048
9.721347 54.805577
9.719917 54.805413
9.721226 54.808166
9.724229 54.807383
9.721212 54.807242
9.723237 54.804626
9.724059 54.806647
9.722355 54.809443
9.723855 54.803508
9.717419 54.808222
9.723285 54.807951
9.721935 54.802427
9.722081 54.801501
9.719551 54.802093
9.722113 54.803718
9.721788 54.803169
9.721624 54.802802
9.719435 54.805051
9.722148 54.806120
9.725621 54.804961
9.722306 54.806118
9.725626 54.805330
9.723718 54.804989
9.721191 54.805764
9.723570 54.805730
9.721363 54.806686
9.723417 54.806102
9.722769 54.805187
9.720384 54.804852
9.723876 54.804986
9.720694 54.804293
9.722118 54.804088
9.723903 54.806834
9.720839 54.803367
9.720984 54.802441
9.725161 54.806076
9.720043 54.803194
9.723229 54.804072
9.725438 54.803300
9.723220 54.803517
9.719253 54.803390
9.724938 54.801645
9.723371 54.802961
9.721933 54.802243
9.724944 54.802014
9.724446 54.800543
9.722879 54.801859
9.724159 54.802580
9.717868 54.806367
9.722113 54.803718
9.720237 54.805594
9.720720 54.806141
9.720874 54.805769
9.722454 54.805376
9.721005 54.803919
9.721817 54.805201
9.720841 54.803552
9.721640 54.803910
9.725433 54.802931
9.721497 54.805021
9.724180 54.804058
9.723715 54.804804
9.723237 54.804626
9.723054 54.802965
9.721347 54.805577
9.724344 54.804425
9.722621 54.805928
9.722573 54.802603
9.722769 54.805187
9.722274 54.803901
9.721651 54.804649
9.722755 54.804263
9.720228 54.805039
9.722750 54.803894
9.720040 54.803009
9.721965 54.804460
9.721960 54.804090
9.721960 54.804090
9.717516 54.803970
9.723148 54.809432
9.723731 54.805912
9.722124 54.804457
9.722514 54.809441
9.725635 54.805885
9.722457 54.805561
9.719285 54.805607
9.723438 54.807580
9.723737 54.806282
9.720702 54.804848
9.721882 54.809635
9.721333 54.804654
9.724078 54.807940
9.722790 54.806665
9.720723 54.806326
9.719473 54.807637
9.724688 54.806268
9.720578 54.807252
9.721024 54.805213
9.723110 54.806845
9.718325 54.805067
9.721492 54.804651
9.721191 54.805764
9.722298 54.805564
9.721199 54.806319
9.718965 54.805427
9.723578 54.806284
9.718962 54.805243
9.721489 54.804467
9.723414 54.805917
9.726266 54.805691
9.725151 54.805337
9.724535 54.806640
9.726411 54.804764
9.727075 54.806788
9.723247 54.805365
9.725323 54.806259
9.728648 54.805841
9.723871 54.804617
9.726113 54.806062
9.724836 54.805527
9.722914 54.804261
9.727393 54.806783
9.722282 54.804455
9.725135 54.804229
9.723721 54.805173
9.724212 54.806275
9.724057 54.806462
9.724626 54.802019
9.720110 54.807813
9.723876 54.804986
9.723414 54.805917
9.722134 54.805196
9.722153 54.806490
9.723264 54.806473
9.721175 54.804656
9.720903 54.807801
9.723245 54.805180
9.722960 54.807402
9.724516 54.805346
9.722804 54.807589
9.724207 54.805905
9.724971 54.803862
9.723893 54.806095
9.724196 54.805166
9.725312 54.805520
9.724043 54.805538
9.728315 54.804737
9.727530 54.805303
9.725156 54.805707
9.724505 54.804607
9.726901 54.805681
9.726086 54.804215
9.723554 54.804621
9.728481 54.805289
9.725280 54.803303
9.727500 54.803270
9.725288 54.803857
9.726584 54.805686
9.727645 54.802344
9.722113 54.803718
9.722801 54.807404
9.725151 54.805337
9.724030 54.804614
9.720726 54.806510
9.725479 54.806072
9.722613 54.805374
9.723444 54.807949
9.723570 54.805730
9.722618 54.805744
9.722645 54.807591
9.726280 54.806614
9.726285 54.806984
9.728194 54.807326
9.727057 54.805494
9.722804 54.807589
9.726137 54.807725
9.726291 54.807353
9.724543 54.807194
9.729299 54.806940
9.723739 54.806467
9.723731 54.805912
9.725774 54.804589
9.725761 54.803665
9.724196 54.805166
9.731309 54.803400
9.725911 54.803109
9.723715 54.804804
9.726075 54.803476
9.726549 54.803284
9.727672 54.804192
9.729559 54.803056
9.727973 54.803079
9.730519 54.803596
9.731307 54.803215
9.731785 54.803393
9.729586 54.804903
9.729726 54.803607
9.729874 54.802866
9.722976 54.808510
9.724390 54.807566
9.722957 54.807217
9.722817 54.808513
9.723928 54.808496
9.723465 54.809427
9.722164 54.807229
9.721118 54.811679
9.721398 54.809088
9.721097 54.810201
9.721567 54.809824
9.717578 54.808219
9.721425 54.810935
9.716804 54.809524
9.720586 54.807806
9.721075 54.808723
9.720441 54.808732
9.720134 54.809476
9.719492 54.808931
9.719328 54.808563
9.720917 54.808725
9.722105 54.803164
9.724989 54.805155
9.725454 54.804409
9.724669 54.804975
9.723403 54.805178
9.726393 54.803471
9.724024 54.804245
9.724202 54.805536
9.724640 54.802942
9.730076 54.805820
9.725621 54.804961
9.731148 54.803217
9.731030 54.805991
9.729457 54.806938
9.727882 54.807700
9.729261 54.804353
9.730253 54.807111
9.728016 54.806035
9.729258 54.804169
9.725954 54.806065
9.726116 54.806247
9.723239 54.804811
9.727374 54.805490
9.723901 54.806649
9.725132 54.804044
9.725938 54.804956
9.725637 54.806069
9.724704 54.807376
9.726573 54.804947
9.725457 54.804594
9.724807 54.803494
9.726089 54.804400
9.724363 54.805718
9.726097 54.804954
9.724347 54.804610
9.723097 54.805921
9.724954 54.802753
9.724038 54.805169
9.724183 54.804243
9.722780 54.805926
9.725463 54.804963
9.723721 54.805173
9.719277 54.805053
9.724046 54.805723
9.725299 54.804596
9.723358 54.802037
9.723605 54.808132
9.726277 54.806430
9.726895 54.805312
9.725454 54.804409
9.727801 54.802157
9.726532 54.802176
9.728753 54.802143
9.728610 54.803254
9.726393 54.803471
9.727484 54.802162
9.730516 54.803411
9.729374 54.801210
9.728772 54.803437
9.731288 54.801922
9.729073 54.802323
9.726210 54.801811
9.731296 54.802476
9.728463 54.803995
9.729557 54.802871
9.730675 54.803409
9.729740 54.804531
9.729057 54.801215
9.728121 54.802337
9.730221 54.804894
9.727825 54.803820
9.726567 54.804577
9.728452 54.803256
9.728455 54.803441
9.730344 54.802490
9.730850 54.804515
9.730557 54.806182
9.726406 54.804395
9.729102 54.804356
9.728774 54.803621
9.730683 54.803963
9.729750 54.805270
9.729729 54.803792
9.728465 54.804180
9.729764 54.806194
9.733557 54.805215
9.725616 54.804591
9.729272 54.805092
9.730073 54.805635
9.728035 54.807328
9.727347 54.803642
9.729269 54.804908
9.727401 54.807337
9.725766 54.804035
9.726731 54.804945
9.727549 54.806596
9.730861 54.805254
9.727511 54.804009
9.728809 54.806023
9.727834 54.804374
9.726680 54.801434
9.726035 54.800705
9.727016 54.802723
9.726191 54.800518
9.727183 54.803275
9.726344 54.800146
9.725269 54.802564
9.728417 54.800855
9.726664 54.800326
9.728129 54.802892
9.726863 54.803095
9.731592 54.800993
9.725925 54.804032
9.730675 54.803409
9.728250 54.800303
9.730508 54.802857
9.726855 54.802541
9.732557 54.801903
9.732078 54.801725
9.730525 54.803965
9.727188 54.803644
9.727672 54.804192
9.728280 54.802335
9.725143 54.804783
9.730535 54.804704
9.728600 54.802515
9.728016 54.806035
9.727659 54.803268
9.726713 54.803651
9.725186 54.807739
9.723575 54.806099
9.723721 54.805173
9.726110 54.805878
9.722312 54.806487
9.725471 54.805517
9.724508 54.804792
9.724081 54.808125
9.724699 54.807007
9.725153 54.805522
9.725282 54.803487
9.721815 54.805016
9.723704 54.804065
9.721965 54.804460
9.718763 54.802474
9.724954 54.802753
9.721349 54.805762
9.722911 54.804076
9.720202 54.803192
9.722616 54.805559
9.721812 54.804831
9.722384 54.800573
9.724059 54.806647
9.724809 54.803679
9.724516 54.805346
9.726565 54.804393
9.725618 54.804776
9.724212 54.806275
9.725315 54.805704
9.722110 54.803534
9.725860 54.799598
9.726516 54.801067
9.724842 54.805896
9.725562 54.800896
9.727175 54.802721
9.728578 54.801037
9.725562 54.800896
9.730188 54.802677
9.727933 54.800307
9.728105 54.801229
9.729019 54.798628
9.729847 54.801019
9.729823 54.799356
9.726199 54.801072
9.729836 54.800280
9.729030 54.799367
9.730613 54.799160
9.727955 54.801785
9.730183 54.802307
9.730317 54.800642
9.728742 54.801404
9.726729 54.804760
9.723691 54.803141
9.724323 54.802947
9.724331 54.803501
9.724788 54.802201
9.726686 54.801804
9.724164 54.802949
9.724180 54.804058
9.729234 54.802506
9.724433 54.799619
9.727498 54.803086
9.729385 54.801949
9.726833 54.801063
9.728374 54.797899
9.729062 54.801584
9.726508 54.800513
9.728922 54.802880
9.730170 54.801384
9.724911 54.799797
9.721118 54.800776
9.726161 54.798485
9.727594 54.798834
9.722390 54.800942
9.726632 54.798109
9.725387 54.799790
9.724745 54.799245
9.726151 54.797746
9.726178 54.799594
9.727301 54.800501
9.724594 54.799802
9.726640 54.798663
9.726702 54.802912
9.727645 54.802344
9.728422 54.801224
9.728785 54.804360
9.728608 54.803069
9.728116 54.801968
9.726094 54.804769
9.726710 54.803467
9.727463 54.800684
9.721806 54.804462
9.727817 54.803266
9.725108 54.802381
9.726871 54.803649
9.727842 54.804928
9.723199 54.802039
9.727976 54.803263
9.728288 54.802889
9.727984 54.803818
9.720040 54.803009
9.725726 54.801263
9.721271 54.800404
9.723204 54.802409
9.724457 54.801282
9.723675 54.802032
9.726366 54.801624
9.719374 54.800802
9.722887 54.802414
9.725081 54.800534
9.726694 54.802358
9.724298 54.801284
9.723831 54.801845
9.726987 54.800691
9.724137 54.801102
9.726497 54.799774
9.724000 54.802582
9.724774 54.801277
9.726194 54.800702
9.723828 54.801661
9.725885 54.801261
9.724753 54.799799
9.724933 54.801275
9.724788 54.802201
9.726194 54.800702
9.725532 54.798864
9.725871 54.800337
9.727161 54.801797
9.728890 54.800663
9.724441 54.800173
9.725543 54.799603
9.725524 54.798310
9.724097 54.798331
9.727613 54.800127
9.724274 54.799621
9.724586 54.799247
9.723492 54.800372
9.726204 54.801441
9.726003 54.798488
9.724769 54.800908
9.725858 54.799414
9.722680 54.799090
9.728105 54.801229
9.723976 54.800919
9.727597 54.799019
9.724788 54.802201
9.725204 54.798130
9.724446 54.800543
9.727129 54.799580
9.724094 54.798146
9.724567 54.797954
9.726957 54.798658
9.725336 54.796280
9.723312 54.798896
9.725976 54.796640
9.727105 54.797917
9.725535 54.799049
9.725538 54.799234
9.724097 54.798331
9.728979 54.795857
9.723605 54.797229
9.727108 54.798102
9.728038 54.796610
9.727239 54.796252
9.724643 54.803127
9.731086 54.798968
9.728766 54.803067
9.728097 54.800675
9.729516 54.800100
9.727127 54.799395
9.729963 54.798060
9.726667 54.800511
9.723505 54.801296
9.726497 54.799774
9.727000 54.801614
9.726670 54.800695
9.725871 54.800337
9.722089 54.802056
9.726497 54.799774
9.727452 54.799945
9.720497 54.801709
9.719231 54.801912
9.725680 54.798123
9.722218 54.800021
9.722513 54.798538
9.721747 54.800397
9.720142 54.799127
9.725387 54.799790
9.723159 54.799268
9.721581 54.799845
9.729344 54.799178
9.723172 54.800192
9.726032 54.800520
9.725885 54.801261
9.725100 54.801827
9.724301 54.801469
9.725403 54.800899
9.720659 54.801892
9.722083 54.801686
9.723051 54.802781
9.725702 54.799601
9.721460 54.802434
9.721473 54.803358
9.721446 54.801511
9.724261 54.798698
9.717653 54.802490
9.718589 54.801367
9.724288 54.800545
9.716075 54.803067
9.722712 54.801307
9.723965 54.800180
9.720828 54.802628
9.722704 54.800753
9.720309 54.799679
9.723667 54.801478
9.723336 54.800559
9.721430 54.800402
9.721438 54.800956
9.724884 54.797949
9.720960 54.800778
9.725062 54.799240
9.724105 54.798885
9.724272 54.799437
9.725075 54.800164
9.723183 54.800931
9.724928 54.800906
9.725376 54.799051
9.722712 54.801307
9.725573 54.801635
9.725855 54.799229
9.723656 54.800739
9.724099 54.798515
9.724613 54.801095
9.722527 54.799462
9.724433 54.799619
9.724597 54.799986
9.726651 54.799402
9.723952 54.799257
9.726793 54.798291
9.726331 54.799222
9.725866 54.799968
9.727764 54.799571
9.725081 54.800534
9.727100 54.797548
9.726043 54.801259
9.724277 54.799806
9.724901 54.799058
9.727135 54.799949
9.724132 54.800732
9.727113 54.798471
9.724914 54.799982
9.724427 54.799250
9.724589 54.799432
9.720656 54.801707
9.722712 54.801307
9.719841 54.800240
9.720355 54.802820
9.720465 54.799492
9.716051 54.801404
9.724591 54.799617
9.723164 54.799638
9.723148 54.798529
9.720790 54.800042
9.721094 54.799113
9.722688 54.799645
9.724118 54.799809
9.720933 54.798931
9.721406 54.798739
9.721728 54.799104
9.723758 54.796857
9.725694 54.799046
9.722952 54.795945
9.722347 54.797986
9.725032 54.797208
9.723465 54.798525
9.725669 54.797384
9.724234 54.796850
9.725352 54.797388
9.724417 54.798511
9.724936 54.801460
9.725844 54.798490
9.723643 54.799815
9.725514 54.797571
9.722199 54.798728
9.723164 54.799638
9.721927 54.801873
9.723753 54.796488
9.726164 54.798670
9.724807 54.803494
9.722511 54.798354
9.724161 54.802765
9.726981 54.800321
9.726527 54.801806
9.726973 54.799767
9.722231 54.800945
9.725105 54.802196
9.724637 54.802758
9.726664 54.800326
9.725726 54.801263
9.727178 54.802905
9.722879 54.801859
9.722895 54.802968
9.723694 54.803326
9.724298 54.801284
9.722591 54.803896
9.726514 54.800882
9.724462 54.801651
9.723339 54.800744
9.723710 54.804434
9.720970 54.801517
9.724280 54.799991
9.726694 54.802358
9.726194 54.800702
9.722237 54.801314
9.725758 54.803480
9.727320 54.801795
9.724605 54.800541
9.722712 54.801307
9.725895 54.802000
9.724586 54.799247
9.723519 54.802220
9.722250 54.802238
9.722382 54.800388
9.722226 54.800575
9.722895 54.802968
9.725530 54.798679
9.722379 54.800203
9.723645 54.800000
9.723968 54.800365
9.722688 54.799645
9.723919 54.797040
9.724919 54.800351
9.724105 54.798885
9.722696 54.800199
9.726180 54.799779
9.723981 54.801289
9.723341 54.800929
9.725876 54.800707
9.722070 54.800762
9.724124 54.800178
9.722223 54.800391
9.723234 54.804441
9.721280 54.800959
9.718605 54.802476
9.717511 54.803601
9.718941 54.803765
9.719236 54.802282
9.717191 54.803420
9.716545 54.802691
9.720239 54.805778
9.717981 54.803224
9.717188 54.803236
9.715298 54.804187
9.716398 54.803432
9.715769 54.803811
9.714986 54.804561
9.718306 54.803774
9.718123 54.802113
9.713400 54.804584
9.715468 54.804924
9.721027 54.805397
9.719581 54.804125
9.717223 54.805637
9.719443 54.805605
9.721304 54.802621
9.719118 54.805055
9.718640 54.804878
9.721159 54.803547
9.718943 54.803949
9.717519 54.804155
9.722927 54.805185
9.717220 54.805453
9.721602 54.801324
9.717492 54.802307
9.720376 54.804298
9.718758 54.802104
9.718449 54.802663
9.720659 54.801892
9.718427 54.801185
9.720207 54.803561
9.719521 54.800060
9.721126 54.801330
9.717943 54.800638
9.720183 54.801899
9.719702 54.801536
9.720785 54.799672
9.719570 54.803386
9.718274 54.801557
9.719863 54.801718
9.716220 54.802141
9.718903 54.801178
9.718610 54.802845
9.717199 54.803975
9.716543 54.802506
9.719710 54.802090
9.716234 54.803065
9.717989 54.803778
9.717199 54.803975
9.717825 54.803411
9.719239 54.802467
9.715911 54.802700
9.718597 54.801922
9.715906 54.802330
9.715766 54.803626
9.716228 54.802695
9.715908 54.802515
9.714492 54.803275
9.715118 54.802711
9.714172 54.803095
9.715621 54.804552
9.716887 54.804349
9.715282 54.803079
9.717185 54.803051
9.717973 54.802670
9.716269 54.805467
9.717817 54.802857
9.714027 54.804021
9.717978 54.803039
9.715763 54.803441
9.718457 54.803217
9.716903 54.805457
9.716873 54.803425
9.717177 54.802497
9.717215 54.805083
9.717037 54.803792
9.716416 54.804725
9.715607 54.803628
9.719113 54.804686
9.715941 54.804732
9.716239 54.803434
9.717997 54.804333
9.714489 54.803090
9.718470 54.804141
9.718266 54.801002
9.722110 54.803534
9.717454 54.799721
9.721925 54.801688
9.720828 54.802628
9.717801 54.801748
9.717986 54.803594
9.719702 54.801536
9.719723 54.803014
9.719223 54.801358
9.717489 54.802123
9.720513 54.802818
9.718782 54.803767
9.720029 54.802270
9.716871 54.803240
9.720656 54.801707
9.718771 54.803028
9.718266 54.801002
9.716871 54.803240
9.720495 54.801524
9.719559 54.802647
9.717333 54.802310
9.720040 54.803009
9.718602 54.802291
9.718142 54.803407
9.721150 54.802993
9.722099 54.802795
9.717804 54.801933
9.718637 54.804693
9.718788 54.804136
9.720032 54.802455
9.718153 54.804146
9.719110 54.804501
9.720546 54.805035
9.718312 54.804143
9.718626 54.803954
9.720680 54.803370
9.719583 54.804310
9.719594 54.805049
9.719274 54.804868
9.720376 54.804298
9.721298 54.802252
9.721462 54.802619
9.719753 54.805046
9.721613 54.802063
9.721970 54.804829
9.719443 54.805605
9.721306 54.802806
9.719121 54.805240
9.718309 54.803959
9.718489 54.805434
9.714997 54.805300
9.721640 54.803910
9.718650 54.805617
9.717890 54.807845
9.718322 54.804882
9.716911 54.806012
9.721360 54.806501
9.719290 54.805977
9.718685 54.808018
9.722927 54.805185
9.719323 54.808194
9.719763 54.805785
9.721202 54.806503
9.716605 54.806755
9.715825 54.807690
9.714709 54.807337
9.715148 54.804744
9.714508 54.804383
9.715470 54.805109
9.711701 54.807751
9.710860 54.804437
9.715957 54.805841
9.710067 54.804448
9.712957 54.806808
9.712459 54.805337
9.713252 54.805326
9.711508 54.805351
9.714631 54.801979
9.711994 54.806083
9.715118 54.802711
9.712416 54.802381
9.710846 54.803513
9.716091 54.804176
9.711314 54.802952
9.713680 54.801993
9.713105 54.806067
9.714822 54.804194
9.714828 54.804564
9.712449 54.804598
9.711032 54.805358
9.713537 54.803104
9.716395 54.803247
9.712430 54.803305
9.711333 54.804245
9.713873 54.804393
9.715750 54.802517
9.713537 54.803104
9.713357 54.801628
9.715140 54.804189
9.714027 54.804021
9.716691 54.801765
9.714002 54.802358
9.717199 54.803975
9.712594 54.803672
9.715900 54.801961
9.712868 54.800712
9.714656 54.803642
9.714973 54.803638
9.714363 54.805310
9.715449 54.803631
9.711811 54.804423
9.714532 54.806046
9.712277 54.803677
9.709599 54.805009
9.714669 54.804566
9.710040 54.802601
9.714836 54.805118
9.713416 54.805693
9.712588 54.803303
9.715769 54.803811
9.713594 54.806984
9.712274 54.803492
9.711325 54.803691
9.711653 54.804425
9.712914 54.803852
9.711822 54.805162
9.714664 54.804196
9.716575 54.804723
9.713266 54.806249
9.713709 54.804025
9.715304 54.804557
9.711502 54.804982
9.718661 54.806356
9.716086 54.803806
9.714502 54.804014
9.715481 54.805848
9.712760 54.804224
9.715933 54.804178
9.714656 54.803642
9.722944 54.806293
9.720374 54.804113
9.722965 54.807771
9.719761 54.805600
9.722441 54.804453
9.725290 54.804042
9.722140 54.805566
9.724379 54.806827
9.723704 54.804065
9.723876 54.804986
9.719613 54.806342
9.717710 54.806370
9.719484 54.808376
9.721366 54.806871
9.721513 54.806129
9.721051 54.807060
9.719150 54.807272
9.711424 54.810526
9.710763 54.808688
9.709658 54.809074
9.708712 54.809457
9.708712 54.809457
9.709978 54.809254
9.712494 54.807739
9.709973 54.808884
9.711572 54.809785
9.713290 54.807912
9.706034 54.810790
9.704599 54.810256
9.714236 54.807529
9.709357 54.810187
9.707145 54.810774
9.705397 54.810614
9.711231 54.808127
9.704593 54.809887
9.706975 54.810037
9.711233 54.808312
9.706970 54.809667
9.708080 54.809651
9.715357 54.808252
9.707255 54.807446
9.709526 54.810924
9.715158 54.805483
9.707295 54.810217
9.708534 54.808166
9.710260 54.806848
9.714564 54.808263
9.707118 54.808926
9.706513 54.810967
9.708862 54.808901
9.709492 54.808522
9.707440 54.809291
9.709505 54.809446
9.703943 54.808787
9.708384 54.808723
9.710298 54.809434
9.704456 54.811367
9.704755 54.810069
9.706368 54.811894
9.707319 54.811880
9.705225 54.809693
9.706970 54.809667
9.707806 54.812612
9.706970 54.809667
9.705542 54.809688
9.704618 54.811549
9.707443 54.809476
9.709209 54.810928
9.706650 54.809487
9.706354 54.810970
9.706811 54.809670
9.707139 54.810404
9.707295 54.810217
9.705857 54.809499
9.707301 54.810586
9.705387 54.809875
9.713306 54.809021
9.707755 54.809102
9.711075 54.808314
9.711395 54.808494
9.710922 54.808686
9.706792 54.808376
9.710935 54.809610
9.710290 54.808880
9.712497 54.807924
9.710760 54.808503
9.709817 54.809071
9.706645 54.809118
9.714451 54.811406
9.707655 54.813168
9.712099 54.813288
9.712078 54.811810
9.708303 54.814083
9.713040 54.812536
9.708752 54.812228
9.715123 54.813984
9.709242 54.813145
9.712696 54.810693
9.713373 54.813639
9.714446 54.811037
9.712234 54.811623
9.712572 54.813097
9.714134 54.811411
9.711435 54.811265
9.713664 54.811787
9.716360 54.811748
9.712868 54.811614
9.715739 54.812681
9.711287 54.812007
9.712083 54.812180
9.710795 54.810905
9.711898 54.810335
9.712844 54.809951
9.712871 54.811799
9.715653 54.806769
9.712040 54.809224
9.712529 54.810141
9.713002 54.809949
9.710970 54.812011
9.713045 54.812905
9.714769 54.811402
9.710306 54.809988
9.712255 54.813101
9.711145 54.813118
9.712567 54.812727
9.711137 54.812563
9.714935 54.811954
9.710064 54.815166
9.712258 54.813286
9.710986 54.813120
9.711024 54.815706
9.708639 54.815372
9.714470 54.812700
9.713398 54.815302
9.711475 54.814037
9.710680 54.813863
9.711016 54.815152
9.709188 54.809450
9.711266 54.810529
9.712994 54.809395
9.711110 54.810716
9.709172 54.808342
9.713623 54.809016
9.712212 54.810145
9.712032 54.808670
9.712967 54.807547
9.711416 54.809972
9.713798 54.810122
9.719070 54.812633
9.721118 54.811679
9.719559 54.813549
9.720793 54.811129
9.719524 54.811148
9.721769 54.812778
9.719828 54.810219
9.720022 54.812619
9.721610 54.812780
9.716497 54.810268
9.718064 54.808951
9.718734 54.811344
9.717613 54.810621
9.717443 54.809884
9.717481 54.812471
9.718882 54.810603
9.716970 54.810076
9.716664 54.810820
9.719008 54.808383
9.719355 54.810411
9.715554 54.810836
9.718231 54.809503
9.715086 54.811397
9.719234 54.813000
9.718866 54.809494
9.716032 54.811014
9.716669 54.811189
9.719040 54.810600
9.719046 54.810970
9.715876 54.811201
9.716032 54.811014
9.718589 54.812270
9.720661 54.812979
9.719379 54.812074
9.721468 54.813891
9.719392 54.812997
9.723828 54.812563
9.722374 54.810737
9.725110 54.813469
9.722089 54.812958
9.721605 54.812411
9.718758 54.813007
9.722401 54.812584
9.721600 54.812041
9.719554 54.813180
9.725253 54.812358
9.720366 54.814462
9.721793 54.814441
9.722712 54.812210
9.722860 54.811469
9.725441 54.814388
9.720202 54.814094
9.722557 54.812397
9.725105 54.813099
9.724186 54.815330
9.725901 54.813272
9.726678 54.812152
9.726403 54.815113
9.730930 54.810058
9.726412 54.815667
9.721914 54.811852
9.724118 54.810711
9.729191 54.810453
9.728697 54.809166
9.728530 54.808614
9.730447 54.809510
9.729793 54.808226
9.727629 54.812138
9.727422 54.808815
9.730283 54.809143
9.728885 54.811196
9.730344 54.813392
9.728283 54.813422
9.730017 54.812658
9.726885 54.815475
9.729877 54.813954
9.726565 54.815295
9.727326 54.813067
9.728471 54.815452
9.728441 54.813420
9.726670 54.811598
9.727197 54.815101
9.730796 54.811723
9.726062 54.813455
9.728132 54.813979
9.731288 54.812824
9.725737 54.812905
9.728922 54.813783
9.728914 54.813228
9.727014 54.813441
9.729877 54.813954
9.729920 54.816910
9.729565 54.814328
9.731492 54.815963
9.729893 54.815062
9.730664 54.813573
9.728955 54.816000
9.732912 54.815388
9.732428 54.814840
9.724777 54.812365
9.729358 54.811004
9.723019 54.811466
9.727624 54.811769
9.725710 54.811058
9.725234 54.811065
9.725589 54.813646
9.726022 54.810683
9.727304 54.811589
9.725887 54.812349
9.725237 54.811249
9.727804 54.813245
9.728119 54.813055
9.725266 54.813282
9.730662 54.813388
9.728145 54.814903
9.729594 54.816360
9.731482 54.815224
9.731328 54.815596
9.727503 54.814358
9.731616 54.813559
9.733853 54.814635
9.734484 54.814441
9.735132 54.815355
9.732388 54.812069
9.734675 54.816656
9.736740 54.816810
9.734648 54.814808
9.735312 54.816831
9.737826 54.815131
9.732581 54.814469
9.736589 54.817367
9.732121 54.815584
9.738030 54.818270
9.737232 54.817912
9.735958 54.817561
9.734226 54.818510
9.735944 54.816637
9.737554 54.818277
9.735941 54.816452
9.736600 54.818106
9.738506 54.818263
9.736896 54.816623
9.738509 54.818448
9.737076 54.818099
9.739280 54.816958
9.738227 54.820854
9.742299 54.817284
9.740568 54.818233
9.739939 54.818612
9.740248 54.818053
9.740858 54.816381
9.739780 54.818614
9.741052 54.818780
9.744229 54.819104
9.738977 54.817886
9.738985 54.818441
9.740122 54.820272
9.741840 54.818399
9.736624 54.819769
9.730207 54.814873
9.733084 54.816309
9.732417 54.814101
9.730205 54.814688
9.731490 54.815778
9.729584 54.815621
9.731328 54.815596
9.732799 54.818531
9.730202 54.814503
9.734511 54.816288
9.732302 54.817060
9.736224 54.814046
9.734146 54.812967
9.736536 54.813672
9.737326 54.813476
9.737818 54.814577
9.735764 54.815161
9.737028 54.814773
9.737506 54.814951
9.735251 54.812582
9.738299 54.814940
9.737183 54.814586
9.737802 54.813469
9.739388 54.813446
9.736111 54.817189
9.738931 54.814746
9.738468 54.815676
9.737506 54.814951
9.736237 54.814970
9.738318 54.816233
9.733557 54.816117
9.733869 54.815743
9.738296 54.814755
9.735146 54.816279
9.738775 54.814933
9.738288 54.814201
9.738127 54.814018
9.734818 54.815545
9.737839 54.816055
9.737345 54.814769
9.736533 54.813487
9.736087 54.815526
9.736407 54.815706
9.737681 54.816057
9.736079 54.814972
9.737678 54.815873
9.739114 54.816406
9.737030 54.814958
9.736417 54.816445
9.742100 54.814515
9.737837 54.815870
9.740665 54.813981
9.739377 54.812707
9.741477 54.815263
9.741944 54.814702
9.738460 54.815122
9.740364 54.815094
9.739393 54.813815
9.740364 54.815094
9.739716 54.814180
9.736880 54.815515
9.737350 54.815138
9.738108 54.812725
9.737823 54.814947
9.735280 54.814614
9.734009 54.814448
9.736885 54.815884
9.734815 54.815360
9.735277 54.814429
9.736554 54.814965
9.736071 54.814418
9.737361 54.815877
9.739882 54.814732
9.737350 54.815138
9.735417 54.813134
9.738595 54.813457
9.737982 54.814944
9.738135 54.814572
9.737167 54.813478
9.737377 54.816986
9.738466 54.815492
9.737506 54.814951
9.738756 54.813639
9.738294 54.814570
9.735890 54.812942
9.740065 54.816392
9.742256 54.814328
9.738896 54.812344
9.740503 54.813799
9.742116 54.815623
9.741603 54.813044
9.741783 54.814519
9.739108 54.816037
9.741805 54.815997
9.740856 54.816196
9.743254 54.817455
9.740055 54.815653
9.743407 54.817083
9.743057 54.814870
9.742901 54.815057
9.743743 54.818371
9.737186 54.814771
9.741477 54.815263
9.739904 54.816210
9.737342 54.814584
9.740358 54.814725
9.737213 54.816619
9.738313 54.815863
9.735487 54.817937
9.737385 54.817540
9.735616 54.815903
9.735471 54.816829
9.734355 54.816475
9.737022 54.814404
9.734044 54.816850
9.738151 54.815681
9.735441 54.814796
9.733092 54.816863
9.737651 54.814025
9.734001 54.813894
9.735579 54.813316
9.734014 54.814817
9.728939 54.814891
9.732086 54.813182
9.734619 54.812776
9.733202 54.813536
9.730038 54.814136
9.732557 54.812806
9.732406 54.813362
9.731608 54.813004
9.734984 54.816097
9.734178 54.815184
9.733853 54.814635
9.733398 54.816120
9.733406 54.816674
9.734019 54.815187
9.733847 54.814265
9.735132 54.815355
9.733554 54.815933
9.735917 54.814790
9.736251 54.815893
9.737689 54.816612
9.740240 54.817498
9.738952 54.816224
9.736116 54.817559
9.743087 54.816903
9.739447 54.817510
9.735974 54.818669
9.741178 54.816561
9.737221 54.817173
9.739756 54.816951
9.735310 54.816646
9.738805 54.816965
9.736581 54.816813
9.738165 54.816605
9.738482 54.816600
9.739428 54.816217
9.740248 54.818053
9.736756 54.817919
9.739124 54.817145
9.738834 54.818997
9.739302 54.818436
9.737966 54.813836
9.738130 54.814203
9.735759 54.814792
9.737501 54.814582
9.739388 54.813446
9.734982 54.815912
9.738307 54.815494
9.740068 54.816577
9.739407 54.814739
9.736089 54.815711
9.733831 54.813157
9.738641 54.816598
9.734968 54.814988
9.732732 54.813912
9.738149 54.815496
9.734181 54.815369
9.738616 54.814935
9.735119 54.814432
9.738135 54.814572
9.739243 54.814372
9.738119 54.813464
9.737509 54.815136
9.739694 54.812702
9.740033 54.814175
9.735458 54.815905
9.738939 54.815300
9.738622 54.815305
9.736071 54.814418
9.738934 54.814930
9.736541 54.814041
9.735786 54.816639
9.739563 54.814552
9.737990 54.815499
9.736743 54.816995
9.734966 54.814803
9.739444 54.817325
9.735632 54.817011
9.738810 54.817335
9.738641 54.816598
9.736396 54.814967
9.737460 54.811810
9.737829 54.815316
9.736388 54.814413
9.737358 54.815693
9.737372 54.816616
9.737342 54.814584
9.740052 54.815469
9.734503 54.815734
9.735958 54.817561
9.737850 54.816794
9.735151 54.816649
9.735947 54.816822
9.736417 54.816445
9.738321 54.816418
9.736269 54.817187
9.737068 54.817545
9.737221 54.817173
9.739541 54.813074
9.739557 54.814182
9.737337 54.814215
9.737183 54.814586
9.735431 54.814057
9.736084 54.815342
9.735460 54.816090
9.738611 54.814566
9.735925 54.815344
9.735614 54.815718
9.737982 54.814944
9.736412 54.816076
9.735920 54.814974
9.736587 54.817182
9.736409 54.815891
9.737538 54.817168
9.736425 54.817000
9.733546 54.815378
9.736573 54.816258
9.736084 54.815342
9.733234 54.815753
9.731955 54.815032
9.738452 54.814568
9.734148 54.813152
9.737347 54.814954
9.733541 54.815009
9.736710 54.814778
9.733511 54.812977
9.736541 54.814041
9.736565 54.815704
9.737011 54.813665
9.735412 54.812764
9.735751 54.814238
9.733960 54.811122
9.735820 54.808139
9.735337 54.807591
9.733302 54.809469
9.736909 54.806644
9.734702 54.807600
9.734702 54.807600
9.732823 54.809291
9.731312 54.814487
9.737310 54.812367
9.733646 54.811312
9.731570 54.810418
9.736140 54.808319
9.732834 54.810030
9.734073 54.807979
9.733759 54.808169
9.732823 54.809291
9.733646 54.811312
9.733003 54.810767
9.733826 54.812787
9.738108 54.812725
9.736552 54.814780
9.737802 54.813469
9.735622 54.816272
9.737982 54.814944
9.735283 54.814799
9.735737 54.813314
9.736278 54.817741
9.739272 54.816404
9.736283 54.818110
9.737200 54.815695
9.735624 54.816457
9.738955 54.816408
9.734374 54.817769
9.735818 54.818856
9.735947 54.816822
9.735944 54.816637
9.735165 54.817572
9.734511 54.816288
9.733525 54.813900
9.733353 54.812979
9.735718 54.812021
9.733191 54.812797
9.730019 54.812843
9.735087 54.812215
9.732893 54.814094
9.732716 54.812803
9.734001 54.813894
9.731772 54.813372
9.732433 54.815210
9.736060 54.813679
9.735441 54.814796
9.730511 54.813944
9.734783 54.813143
9.732431 54.815025
9.735605 54.815164
9.734936 54.812771
9.732433 54.815210
9.732414 54.813917
9.733565 54.816672
9.732906 54.815018
9.731651 54.815960
9.734665 54.815917
9.734640 54.814254
9.732608 54.816316
9.735130 54.815171
9.735146 54.816279
9.734183 54.815554
9.732756 54.815575
9.733393 54.815750
9.735756 54.814607
9.736382 54.814044
9.735436 54.814427
9.735283 54.814799
9.735251 54.812582
9.734656 54.815362
9.736243 54.815339
9.732912 54.815388
9.734630 54.813515
9.734995 54.816836
9.734030 54.815926
9.734804 54.814621
9.733060 54.814646
9.732468 54.817612
9.734501 54.815549
9.734041 54.816665
9.733552 54.815748
9.732132 54.816323
9.737046 54.816067
9.734670 54.816286
9.733546 54.815378
9.734678 54.816840
9.736229 54.814415
9.731826 54.817067
9.737028 54.814773
9.735479 54.817383
9.735931 54.815713
9.734990 54.816466
9.735968 54.818300
9.736573 54.816258
9.732764 54.816129
9.735339 54.818679
9.736947 54.820133
9.735280 54.814614
9.734345 54.815736
9.735630 54.816826
9.733412 54.817044
9.736251 54.815893
9.737388 54.817725
9.734804 54.814621
9.735132 54.815355
9.733785 54.810016
9.733025 54.812245
9.733017 54.811690
9.734909 54.810924
9.732861 54.811877
9.737455 54.811441
9.734748 54.810741
9.736681 54.812746
9.734135 54.812228
9.734455 54.812409
9.736533 54.813487
9.734788 54.813512
9.734786 54.813328
9.734482 54.814256
9.732732 54.813912
9.737356 54.815508
9.734170 54.814630
9.734753 54.811111
9.735925 54.815344
9.733393 54.815750
9.733718 54.816300
9.737189 54.814956
9.736385 54.814228
9.735933 54.815898
9.735326 54.817755
9.738485 54.816785
9.734656 54.815362
9.735157 54.817018
9.736259 54.816448
9.738020 54.817531
9.735958 54.817561
9.736764 54.818473
9.739745 54.816212
9.738506 54.818263
9.733404 54.816489
9.738968 54.817332
9.738794 54.816226
9.739721 54.814549
9.742431 54.815434
9.740036 54.814360
9.743063 54.815240
9.741794 54.815258
9.742251 54.813958
9.744025 54.815965
9.741143 54.814159
9.744020 54.815596
9.744945 54.813734
9.737041 54.815697
9.739087 54.814559
9.740947 54.811575
9.739084 54.814374
9.739380 54.812891
9.737815 54.814392
9.738942 54.815485
9.742240 54.813219
9.739901 54.816025
9.737189 54.814956
9.739095 54.815113
9.738743 54.812716
9.735912 54.814420
9.737044 54.815882
9.734960 54.814434
9.734976 54.815542
9.735103 54.813323
9.734818 54.815545
9.735893 54.813127
9.733716 54.816115
9.736861 54.814221
9.733025 54.812245
9.736697 54.813854
9.737630 54.812547
9.735907 54.814051
9.735716 54.811836
9.737127 54.810707
9.733210 54.814090
9.736232 54.814600
9.736358 54.812381
9.735737 54.813314
9.737471 54.812549
9.740194 54.814358
9.736194 54.812014
9.737192 54.815141
9.739990 54.811219
9.737017 54.814034
9.737337 54.814215
9.740159 54.811956
9.737288 54.810889
9.739848 54.812330
9.735565 54.812392
9.738568 54.811610
9.739208 54.811970
9.736530 54.813302
9.741313 54.814896
9.740861 54.816565
9.740219 54.816020
9.740686 54.815459
9.741141 54.813974
9.740385 54.816572
9.737181 54.814402
9.741961 54.815810
9.739197 54.811231
9.738893 54.812159
9.739861 54.813254
9.736194 54.812014
9.740805 54.812686
9.740030 54.813991
9.741748 54.812118
9.740469 54.811397
9.744469 54.813741
9.743858 54.815413
9.744307 54.813559
9.745289 54.815577
9.743845 54.814489
9.743203 54.813944
9.746057 54.813903
9.744337 54.815591
9.742885 54.813949
9.741412 54.810829
9.742412 54.814141
9.742221 54.811926
9.737132 54.811076
9.740178 54.813249
9.740469 54.811397
9.738251 54.811614
9.739221 54.812894
9.741116 54.812312
9.735608 54.815348
9.741917 54.812854
9.739391 54.813630
9.739235 54.813817
9.737364 54.816062
9.739409 54.814924
9.739737 54.815658
9.736882 54.815699
9.740963 54.812683
9.739436 54.816771
9.739756 54.816951
9.740837 54.814903
9.737802 54.813469
9.738270 54.812907
9.738092 54.811616
9.741888 54.810822
9.740969 54.813053
9.738718 54.811053
9.738565 54.811425
9.738417 54.812166
9.739202 54.811600
9.738724 54.811422
9.738856 54.809573
9.741423 54.811568
9.735858 54.810725
9.738888 54.811790
9.735874 54.811834
9.737611 54.811254
9.738076 54.810508
9.734912 54.811108
9.736503 54.811455
9.738245 54.811245
9.736818 54.811265
9.735070 54.811106
9.736487 54.810346
9.738718 54.811053
9.737288 54.810889
9.737466 54.812180
9.738079 54.810693
9.736003 54.809799
9.736522 54.812748
9.737767 54.811067
9.741420 54.811383
9.738087 54.811247
9.739517 54.811411
9.741584 54.811750
9.741106 54.811573
9.741901 54.811746
9.738909 54.813268
9.738904 54.812898
9.741592 54.812305
9.739511 54.811041
9.743342 54.812649
9.739374 54.812522
9.735441 54.814796
9.735764 54.815161
9.737813 54.814208
9.735743 54.813683
9.737011 54.813665
9.736858 54.814037
9.739232 54.813633
9.736858 54.814037
9.738783 54.815487
9.737662 54.814764
9.739866 54.813623
9.739721 54.814549
9.737697 54.817166
9.735447 54.815166
9.740186 54.813803
9.737990 54.815499
9.738146 54.815311
9.734527 54.817397
9.740826 54.814164
9.735643 54.817750
9.740520 54.814907
9.739296 54.818067
9.738339 54.817711
9.741495 54.816556
9.738181 54.817713
9.742598 54.815986
9.738326 54.816787
9.740396 54.817311
9.741490 54.816187
9.739259 54.815480
9.739751 54.816582
9.737393 54.818094
9.740235 54.817129
9.741942 54.814517
9.739920 54.817318
9.741501 54.816926
9.741334 54.816374
9.743743 54.818371
9.744971 54.815582
9.742923 54.816535
9.744039 54.816889
9.741211 54.818778
9.741990 54.817843
9.740087 54.817870
9.741047 54.818411
9.741498 54.816741
9.737718 54.818644
9.743213 54.814683
9.738173 54.817159
9.743697 54.815231
9.743055 54.814686
9.744170 54.815039
9.742560 54.813399
9.741012 54.816009
9.743372 54.814681
9.743227 54.815607
9.742893 54.814503
9.744936 54.813180
9.743084 54.816718
9.744974 54.815766
9.745816 54.819080
9.743399 54.816529
9.742436 54.815803
9.742598 54.815986
9.744955 54.814473
9.746713 54.815372
9.744802 54.814845
9.745272 54.814469
9.747520 54.816284
9.745426 54.814097
9.744627 54.813739
9.745267 54.814099
9.744625 54.813554
9.745708 54.811690
9.747477 54.813328
9.744942 54.813549
9.745367 54.810032
9.748281 54.814055
9.749281 54.817367
9.744221 54.818549
9.748318 54.816642
9.748485 54.817194
9.745942 54.816861
9.746264 54.817226
9.747060 54.817399
9.747377 54.817395
9.745316 54.817425
9.747549 54.818316
9.743415 54.817637
9.743098 54.817642
9.744684 54.817619
9.741041 54.818041
9.744356 54.816884
9.744533 54.818175
9.742934 54.817274
9.741810 54.816367
9.743743 54.818371
9.743240 54.816531
9.742283 54.816175
9.742297 54.817099
9.743705 54.815785
9.742423 54.814880
9.743087 54.816903
9.744186 54.816148
9.741958 54.815626
9.742764 54.816538
9.741966 54.816180
9.742420 54.814695
9.743563 54.816896
9.740237 54.817314
9.741345 54.817113
9.740055 54.815653
9.741184 54.816930
9.741323 54.815635
9.739296 54.818067
9.740194 54.814358
9.743412 54.817452
9.742289 54.816545
9.741167 54.815822
9.740826 54.814164
9.742302 54.817468
9.740874 54.817489
9.740251 54.818237
9.739775 54.818244
9.739452 54.817880
9.740915 54.820261
9.739657 54.821018
9.742611 54.816910
9.737294 54.822161
9.737103 54.819946
9.743455 54.820408
9.736167 54.821069
9.739818 54.821200
9.740176 54.823967
9.740901 54.819337
9.739681 54.822681
9.736334 54.821621
9.740950 54.822662
9.742633 54.818388
9.740068 54.816577
9.741514 54.817850
9.739460 54.818434
9.738520 54.819187
9.738815 54.817704
9.738848 54.819921
9.739154 54.819177
9.739181 54.821025
9.739759 54.817136
9.740896 54.818967
9.739646 54.820279
9.739479 54.819727
9.741520 54.818219
9.739487 54.820281
9.738229 54.821039
9.740447 54.820822
9.737563 54.818831
9.739797 54.819722
9.738861 54.820845
9.739778 54.818429
9.743307 54.821150
9.743431 54.818746
9.744049 54.817628
9.741694 54.819325
9.740751 54.819893
9.740891 54.818598
9.745146 54.816688
9.741834 54.818030
9.738987 54.818625
9.741221 54.819517
9.741030 54.817302
9.737439 54.821235
9.738977 54.817886
9.737880 54.818826
9.735818 54.818856
9.738530 54.819926
9.735014 54.818129
9.739775 54.818244
9.737579 54.819940
9.735804 54.817933
9.738985 54.818441
9.739608 54.817692
9.738014 54.817161
9.739450 54.817695
9.738498 54.817709
9.745291 54.815762
9.741641 54.815630
9.746391 54.815007
9.744001 54.814302
9.744342 54.815960
9.742286 54.816360
9.744329 54.815037
9.740374 54.815833
9.744170 54.815039
9.741356 54.817852
9.742133 54.816732
9.742789 54.818201
9.744334 54.815406
9.742307 54.817838
9.745971 54.818893
9.743100 54.817826
9.739622 54.818616
9.744213 54.817995
9.745802 54.818157
9.742176 54.819688
9.742133 54.816732
9.741821 54.817106
9.744877 54.820018
9.743108 54.818381
9.743082 54.816533
9.741227 54.819886
9.741555 54.820621
9.743267 54.818378
9.742493 54.819683
9.741211 54.818778
9.740404 54.817866
9.739770 54.817875
9.741525 54.818589
9.738028 54.818085
9.738020 54.817531
9.739458 54.818249
9.740251 54.818237
9.738834 54.818997
9.738014 54.817161
9.739310 54.818990
9.738165 54.816605
9.739151 54.818993
9.738477 54.816231
9.738337 54.817526
9.738662 54.818076
9.740899 54.819152
9.738831 54.818813
9.741686 54.818771
9.741676 54.818032
9.737554 54.818277
9.742598 54.815986
9.738033 54.818455
9.738673 54.818815
9.740727 54.818231
9.740719 54.817676
9.740127 54.820642
9.741033 54.817487
9.740426 54.819344
9.741996 54.818212
9.740407 54.818050
9.738662 54.818076
9.743412 54.817452
9.742606 54.816540
9.742469 54.818020
9.743579 54.818004
9.741033 54.817487
9.739721 54.814549
9.740530 54.815646
9.744211 54.817810
9.742770 54.816907
9.746329 54.821660
9.745512 54.820009
9.743582 54.818189
9.742834 54.821341
9.750211 54.815875
9.744574 54.820946
9.742676 54.821344
9.747549 54.818316
9.748023 54.818124
9.747273 54.821092
9.749248 54.815150
9.745955 54.817785
9.745033 54.819831
9.744525 54.817621
9.744821 54.816138
9.746348 54.812051
9.749305 54.819030
9.746103 54.817044
9.747200 54.816104
9.743732 54.817632
9.747525 54.816653
9.743084 54.816718
9.749087 54.814967
9.746904 54.817586
9.744533 54.818175
9.746563 54.815928
9.745807 54.818526
9.744361 54.817254
9.743426 54.818376
9.745189 54.819644
9.746122 54.818337
9.742934 54.817274
9.744724 54.820390
9.743275 54.818933
9.741686 54.818771
9.742493 54.819683
9.744571 54.820762
9.746582 54.817221
9.744512 54.816697
9.745033 54.819831
9.744560 54.820023
9.742756 54.815984
9.746598 54.818330
9.746273 54.817780
9.745313 54.817240
9.744539 54.818545
9.744367 54.817623
9.745143 54.816503
9.741504 54.817111
9.742415 54.814325
9.741197 54.817854
9.745942 54.816861
9.746842 54.813337
9.739176 54.820655
9.742966 54.819491
9.746036 54.812425
9.743407 54.817083
9.740590 54.819711
9.742961 54.819122
9.745807 54.807624
9.745488 54.818346
9.741407 54.821362
9.742372 54.822272
9.742711 54.812843
9.741415 54.821916
9.743829 54.813381
9.748109 54.824036
9.746367 54.824247
9.747162 54.824420
9.747501 54.825893
9.747633 54.824043
9.747953 54.824223
9.748138 54.826069
9.747361 54.816286
9.744068 54.818921
9.746590 54.817776
9.744055 54.817997
9.744692 54.818173
9.741974 54.816734
9.745469 54.817053
9.745807 54.818526
9.742297 54.817099
9.743297 54.820411
9.743372 54.814681
9.741025 54.816933
9.746746 54.817589
9.743092 54.817272
9.744974 54.815766
9.738845 54.819736
9.737721 54.818829
9.741955 54.815441
9.746453 54.819256
9.745316 54.817425
9.745474 54.817422
9.746904 54.817586
9.739033 54.821766
9.745748 54.814462
9.744229 54.819104
9.744087 54.820214
9.746025 54.822588
9.744267 54.821690
9.744899 54.821496
9.744436 54.822427
9.743302 54.820780
9.743447 54.819854
9.743549 54.815972
9.741823 54.817291
9.741528 54.818773
9.740466 54.822115
9.744528 54.817806
9.741227 54.819886
9.743552 54.816157
9.742845 54.822080
9.742789 54.818201
9.741845 54.818769
9.744689 54.817988
9.745057 54.821494
9.741251 54.821549
9.746950 54.820727
9.742463 54.817651
9.742799 54.818940
9.744103 54.821323
9.747058 54.817214
9.747380 54.817579
9.741678 54.818217
9.743224 54.815422
9.743608 54.820037
9.740928 54.821184
9.742310 54.818023
9.742469 54.818020
9.742616 54.817279
9.742807 54.819494
9.739315 54.819360
9.741208 54.818593
9.744402 54.820025
9.739299 54.818251
9.744815 54.815769
9.743254 54.817455
9.743246 54.816900
9.741990 54.817843
9.744044 54.817258
9.742315 54.818392
9.743867 54.815967
9.742299 54.817284
9.741966 54.816180
9.740547 54.816755
9.742461 54.817466
9.741692 54.819140
9.739899 54.815840
9.740883 54.818044
9.738985 54.818441
9.738670 54.818630
9.738202 54.819191
9.740861 54.816565
9.743401 54.816713
9.739181 54.821025
9.740079 54.817316
9.741369 54.818776
9.739592 54.816584
9.738380 54.820482
9.741840 54.818399
9.742154 54.818210
9.741071 54.820073
9.741060 54.819334
9.739641 54.819909
9.740571 54.818418
9.738853 54.820291
9.737127 54.821609
9.738856 54.820475
9.740729 54.818415
9.738576 54.823066
9.741219 54.819332
9.740743 54.819339
9.737460 54.822713
9.740133 54.821011
9.741095 54.821736
9.741213 54.818963
9.740893 54.818783
9.744216 54.818180
9.742947 54.818198
9.737885 54.819196
9.743912 54.819108
9.740909 54.819891
9.740081 54.817501
9.745162 54.817796
9.742004 54.818766
9.742907 54.815427
9.740385 54.816572
9.741678 54.818217
9.744184 54.815963
9.743560 54.816711
9.742611 54.816910
9.742630 54.818203
9.743883 54.817076
9.741028 54.817117
9.745023 54.819092
9.742151 54.818025
9.740743 54.819339
9.744506 54.816328
9.741837 54.818214
9.741533 54.819143
9.742461 54.817466
9.741331 54.816189
9.741369 54.818776
9.739138 54.818069
9.739920 54.817318
9.741514 54.817850
9.743418 54.817822
9.738356 54.818819
9.739611 54.817877
9.740579 54.818972
9.740240 54.817498
9.739934 54.818242
9.737366 54.816247
9.740568 54.818233
9.742630 54.818203
9.736275 54.817556
9.737197 54.815510
9.733726 54.816854
9.738619 54.815120
9.734979 54.815727
9.741530 54.818958
9.735460 54.816090
9.734476 54.813887
9.734807 54.814806
9.735909 54.814235
9.734976 54.815542
9.735923 54.815159
9.737511 54.815321
9.733213 54.814275
9.734355 54.816475
9.734014 54.814817
9.734799 54.814251
9.735624 54.816457
9.734944 54.813325
9.734186 54.815739
9.733573 54.817226
9.736377 54.813674
9.734484 54.814441
9.734651 54.814993
9.736081 54.815157
9.735288 54.815168
9.735759 54.814792
9.738140 54.814942
9.733380 54.814827
9.736697 54.813854
9.733858 54.815004
9.732095 54.813736
9.735415 54.812949
9.735581 54.813501
9.734619 54.812776
9.735568 54.812577
9.734436 54.811115
9.735560 54.812023
9.735713 54.811651
9.738071 54.810138
9.734275 54.810933
9.736213 54.813307
9.734433 54.810931
9.734412 54.809453
9.736985 54.811817
9.734291 54.812041
9.734234 54.808162
9.732213 54.810963
9.737581 54.809222
9.733646 54.811312
9.730753 54.808767
9.733799 54.810940
9.734251 54.809270
9.732033 54.809487
9.738030 54.807367
9.731404 54.809866
9.732648 54.808185
9.734207 54.806314
9.733318 54.810577
9.735350 54.808515
9.733116 54.807624
9.734535 54.807048
9.735995 54.809245
9.731858 54.808381
9.731525 54.807277
9.734544 54.807603
9.732342 54.808928
9.734675 54.805753
9.732170 54.808007
9.734557 54.808527
9.734199 54.805760
9.732304 54.806342
9.729957 54.808593
9.735476 54.806296
9.732465 54.806524
9.731224 54.808390
9.734839 54.806120
9.735632 54.806109
9.735011 54.807042
9.732651 54.808369
9.732482 54.807633
9.735949 54.806104
9.731648 54.804873
9.733146 54.809656
9.733734 54.806506
9.735640 54.806663
9.735315 54.806113
9.731517 54.806723
9.731519 54.806908
9.734697 54.807231
9.733283 54.808175
9.736097 54.805363
9.734057 54.806871
9.736116 54.806656
9.737447 54.810887
9.739982 54.810665
9.735557 54.811838
9.736361 54.812566
9.738237 54.810690
9.739651 54.809746
9.742127 54.816362
9.742893 54.814503
9.741302 54.814157
9.742286 54.816360
9.741305 54.814342
9.743528 54.814494
9.740676 54.814720
9.737030 54.814958
9.735896 54.813312
9.735745 54.813868
9.735428 54.813873
9.734958 54.814249
9.732578 54.814284
9.733683 54.813898
9.734011 54.814633
9.732420 54.814286
9.733533 54.814455
9.732269 54.814843
9.736850 54.813482
9.731823 54.816882
9.742270 54.815251
9.745439 54.815021
9.746221 54.814270
9.744372 54.817993
9.747324 54.813700
9.746705 54.814817
9.743235 54.816161
9.747157 54.813148
9.741208 54.818593
9.743248 54.817085
9.746055 54.813718
9.741052 54.818780
9.744022 54.815780
9.740530 54.815646
9.744684 54.817619
9.742568 54.813954
9.746391 54.815007
9.745152 54.817057
9.745415 54.813358
9.747025 54.814997
9.744364 54.817438
9.745286 54.815392
9.745143 54.816503
9.744493 54.815404
9.745625 54.816866
9.744681 54.817434
9.740038 54.814545
9.743888 54.817445
9.744052 54.817813
9.742073 54.812667
9.741977 54.816919
9.743383 54.815420
9.742885 54.813949
9.739442 54.817141
9.741178 54.816561
9.739412 54.815108
9.739915 54.816949
9.742746 54.815245
9.745469 54.817053
9.741619 54.814152
9.740079 54.817316
9.740404 54.817866
9.740678 54.814905
9.738498 54.817709
9.739920 54.817318
9.741458 54.813970
9.738947 54.815854
9.740216 54.815836
9.741493 54.816372
9.742297 54.817099
9.741788 54.814889
9.741635 54.815261
9.741345 54.817113
9.741033 54.817487
9.740345 54.813801
9.741934 54.813963
9.741334 54.816374
9.740038 54.814545
9.744794 54.814291
9.746969 54.811118
9.742251 54.813958
9.745705 54.811506
9.743522 54.814124
9.745270 54.814284
9.744471 54.813926
9.745552 54.811877
9.742409 54.813956
9.744643 54.814847
9.744130 54.812268
9.741167 54.815822
9.744627 54.813739
9.740845 54.815457
9.742439 54.815988
9.740057 54.815838
9.743063 54.815240
9.740030 54.813991
9.740036 54.814360
9.738009 54.816792
9.743840 54.814120
9.743506 54.813016
9.743232 54.815977
9.744958 54.814658
9.745563 54.812616
9.743711 54.816154
9.745727 54.812984
9.743987 54.813379
9.747778 54.812215
9.741310 54.814711
9.746375 54.813898
9.744802 54.814845
9.745108 54.814101
9.745248 54.812806
9.748423 54.812944
9.746181 54.811499
9.748431 54.813499
9.746641 54.810383
9.747297 54.811852
9.746410 54.816300
9.747969 54.814429
9.747536 54.817392
9.747477 54.813328
9.743243 54.816716
9.745934 54.816307
9.746074 54.815011
9.750343 54.814025
9.747963 54.814060
9.747644 54.813880
9.749539 54.813298
9.744622 54.813369
9.745227 54.811328
9.748423 54.812944
9.747014 54.814258
9.744184 54.815963
9.744740 54.810596
9.749525 54.812374
9.745332 54.807630
9.744434 54.811339
9.744133 54.812452
9.742872 54.813025
9.743358 54.813757
9.742291 54.816729
9.742455 54.817097
9.741162 54.815452
9.743574 54.817635
9.740735 54.818785
9.739436 54.816771
9.745479 54.817792
9.744971 54.815582
9.747490 54.814251
9.743369 54.814496
9.745584 54.814094
9.747149 54.812593
9.745606 54.815572
9.747770 54.811660
9.745418 54.813543
9.744283 54.811896
9.748111 54.813319
9.747619 54.812217
9.746506 54.812048
9.746824 54.812044
9.747469 54.812773
9.749200 54.811824
9.749332 54.809975
9.747146 54.812409
9.747291 54.811483
9.748283 54.814240
9.749361 54.812007
9.743396 54.816344
9.745108 54.814101
9.744961 54.814843
9.746246 54.815933
9.748135 54.814981
9.744684 54.817619
9.744157 54.814115
9.746541 54.814450
9.745337 54.818903
9.748138 54.815166
9.745407 54.812804
9.743221 54.815238
9.746393 54.815191
9.746560 54.815743
9.747189 54.815365
9.748117 54.813688
9.751157 54.815492
9.745396 54.812064
9.745764 54.815570
9.750641 54.812727
9.748899 54.812937
9.746880 54.815923
9.745469 54.817053
9.745947 54.817231
9.747361 54.816286
9.745141 54.816318
9.746251 54.816302
9.744832 54.816877
9.746090 54.816120
9.749746 54.816621
9.746867 54.815000
9.746566 54.816113
9.743528 54.814494
9.745181 54.819090
9.744826 54.816508
9.744692 54.818173
9.745832 54.820189
9.745281 54.815023
9.746095 54.816489
9.748998 54.819773
9.744321 54.814482
9.744520 54.817251
9.745920 54.815383
9.746877 54.815739
9.743724 54.817078
9.744474 54.814111
9.744313 54.813928
9.744197 54.816887
9.744192 54.816517
9.743990 54.813563
9.748463 54.815716
9.737514 54.815505
9.737810 54.814023
9.740635 54.811949
9.738415 54.811981
9.735415 54.812949
9.743625 54.810242
9.740587 54.808624
9.740482 54.812321
9.742221 54.811926
9.741560 54.810088
9.737146 54.812000
9.738560 54.811055
9.740157 54.811771
9.740321 54.812138
9.736041 54.812385
9.740323 54.812323
9.738770 54.814563
9.737503 54.814766
9.735151 54.816649
9.739882 54.814732
9.733780 54.820549
9.735380 54.821450
9.734847 54.817577
9.737079 54.818284
9.737522 54.816060
9.734834 54.816653
9.730527 54.815053
9.733544 54.815194
9.736864 54.814406
9.735291 54.815353
9.737657 54.814395
9.739743 54.816027
9.738778 54.815118
9.737046 54.816067
9.739713 54.813995
9.738950 54.816039
9.737353 54.815323
9.737974 54.814390
9.741426 54.811753
9.739288 54.817512
9.739248 54.814741
9.737506 54.814951
9.738600 54.813827
9.738178 54.817529
9.739740 54.815843
9.737958 54.813282
9.735963 54.817930
9.740536 54.816016
9.740667 54.814166
9.738140 54.814942
9.739638 54.819725
9.742794 54.818570
9.740227 54.816575
9.742170 54.819318
9.740729 54.818415
9.743095 54.817457
9.743393 54.816159
9.744375 54.818177
9.741020 54.816563
9.744568 54.820577
9.744522 54.817436
9.745466 54.816868
9.742313 54.818207
9.745157 54.817427
9.744211 54.817810
9.746732 54.816665
9.744525 54.817621
9.745469 54.817053
9.743912 54.819108
9.748783 54.815896
9.745953 54.817600
9.740549 54.816940
9.741200 54.818039
9.743087 54.816903
9.741665 54.817293
9.744824 54.816323
9.741829 54.817660
9.744678 54.817249
9.743560 54.816711
9.744850 54.818171
9.742141 54.817286
9.744364 54.817438
9.741552 54.820436
9.743912 54.819108
9.742928 54.816905
9.743251 54.817270
9.742498 54.820053
9.746603 54.818699
9.744832 54.816877
9.745786 54.817048
9.742985 54.820785
9.747824 54.815355
9.744211 54.817810
9.740727 54.818231
9.740374 54.815833
9.739428 54.816217
9.738178 54.817529
9.739434 54.816586
9.736256 54.816263
9.743867 54.815967
9.741022 54.816748
9.740071 54.816762
9.740958 54.812314
9.739616 54.818247
9.741006 54.815639
9.740377 54.816018
9.741334 54.816374
9.740549 54.816940
9.739084 54.814374
9.738036 54.818639
9.741861 54.819877
9.738512 54.818632
9.740581 54.819157
9.737753 54.821046
9.741539 54.819512
9.741692 54.819140
9.741974 54.816734
9.741364 54.818406
9.741073 54.820258
9.743418 54.817822
9.739450 54.817695
9.738858 54.820660
9.737253 54.819390
9.740872 54.817305
9.739665 54.821572
9.738216 54.820115
9.737439 54.821235
9.736514 54.823096
9.740477 54.822854
9.738568 54.822512
9.740810 54.823958
9.743654 54.823177
9.740751 54.819893
9.743407 54.817083
9.741993 54.818027
9.740383 54.816388
9.740998 54.815085
9.741815 54.816736
9.741512 54.817665
9.739630 54.819170
9.741665 54.817293
9.741028 54.817117
9.743272 54.818748
9.741514 54.817850
9.741802 54.815813
9.741189 54.817300
9.746614 54.819438
9.739780 54.818614
9.742614 54.817094
9.742778 54.817462
9.742036 54.820983
9.744735 54.821129
9.741571 54.821729
9.742789 54.818201
9.743162 54.822076
9.742832 54.821157
9.742337 54.819870
9.744109 54.821692
9.742342 54.820240
9.745670 54.820006
9.743603 54.819667
9.742791 54.818385
9.746775 54.819621
9.742208 54.821905
9.745004 54.817799
9.746127 54.818706
9.743756 54.819295
9.740772 54.821371
9.746601 54.818515
9.743619 54.820776
9.748808 54.817559
9.742791 54.818385
9.740041 54.825632
9.739549 54.824531
9.740162 54.823043
9.743313 54.821519
9.742353 54.820979
9.744735 54.821129
9.744109 54.821692
9.744125 54.822801
9.743315 54.821704
9.743149 54.821152
9.745708 54.822593
9.743805 54.822621
9.743622 54.820960
9.744423 54.821503
9.741891 54.821909
9.746173 54.821847
9.743608 54.820037
9.743646 54.822623
9.745700 54.822039
9.742670 54.820974
9.742692 54.822452
9.742670 54.820974
9.742681 54.821713
9.742697 54.822822
9.739530 54.823237
9.741275 54.823212
9.741251 54.821549
9.742867 54.823558
9.741875 54.820801
9.740920 54.820630
9.744410 54.820579
9.740009 54.823415
9.742684 54.821898
9.741267 54.822658
9.737799 54.824186
9.739482 54.819912
9.737606 54.821787
9.739960 54.820090
9.738821 54.818074
9.748017 54.817755
9.743931 54.820401
9.746595 54.818145
9.745818 54.819265
9.742963 54.819307
9.741713 54.820618
9.743915 54.819293
9.750606 54.821228
9.741267 54.822658
9.743197 54.824477
9.741901 54.822648
9.741923 54.824126
9.742740 54.825778
9.745759 54.826103
9.744630 54.824826
9.742549 54.823563
9.743208 54.825216
9.743039 54.824480
9.742563 54.824487
9.746192 54.823140
9.746332 54.821845
9.745856 54.821852
9.746243 54.815748
9.747222 54.817582
9.743692 54.814861
9.740694 54.816014
9.748786 54.816081
9.742315 54.818392
9.745463 54.816683
9.737439 54.821235
9.745547 54.822411
9.743149 54.821152
9.742469 54.818020
9.745041 54.820385
9.743945 54.821325
9.741219 54.819332
9.744700 54.818727
9.740124 54.820457
9.744840 54.817432
9.744842 54.817616
9.744358 54.817069
9.743899 54.818184
9.743998 54.814118
9.746251 54.816302
9.744926 54.812441
9.742727 54.813951
9.743375 54.814866
9.745098 54.813362
9.744598 54.811707
9.742813 54.819863
9.738251 54.822517
9.738845 54.819736
9.745340 54.819087
9.740426 54.819344
9.741525 54.818589
9.738530 54.819926
9.739955 54.819720
9.742797 54.818755
9.744232 54.819288
9.741971 54.816549
9.742149 54.817840
9.745165 54.817981
9.744528 54.817806
9.740229 54.816759
9.743270 54.818563
9.743100 54.817826
9.742950 54.818383
9.741391 54.820254
9.742619 54.817464
9.741834 54.818030
9.739299 54.818251
9.741380 54.819515
9.739471 54.819173
9.739106 54.815852
9.743611 54.820221
9.739452 54.817880
9.740100 54.818794
9.741996 54.818212
9.737409 54.819203
9.738533 54.820110
9.737415 54.819572
9.742297 54.817099
9.740254 54.818422
9.739466 54.818803
9.739931 54.818057
9.740095 54.818425
9.738205 54.819376
9.738649 54.817152
9.738337 54.817526
9.740724 54.818046
9.739920 54.817318
9.740729 54.818415
9.742111 54.815254
9.742297 54.817099
9.742743 54.815060
9.742603 54.816355
9.741509 54.817480
9.740560 54.817679
9.746915 54.818325
9.742340 54.820055
9.744896 54.821311
9.744864 54.819094
9.741552 54.820436
9.745834 54.820374
9.742358 54.821348
9.744071 54.819106
9.746168 54.821478
9.741229 54.820071
9.740896 54.818967
9.742955 54.818752
9.741372 54.818960
9.739342 54.821207
9.740598 54.820265
9.742504 54.820422
9.743001 54.821893
9.739181 54.821025
9.740229 54.816759
9.742853 54.822635
9.741084 54.820997
9.739528 54.823053
9.739358 54.822316
9.742184 54.820242
9.739466 54.818803
9.740942 54.822108
9.742047 54.821722
9.739022 54.821027
9.740146 54.821935
9.741240 54.820810
9.741576 54.822099
9.740133 54.821011
9.742517 54.821346
9.742321 54.818762
9.740404 54.817866
9.742646 54.819311
9.745004 54.817799
9.737479 54.824006
9.746084 54.815750
9.741509 54.817480
9.744899 54.821496
9.745595 54.814833
9.744832 54.816877
9.742474 54.818390
9.744681 54.817434
9.742719 54.813397
9.739934 54.818242
9.738829 54.818628
9.741646 54.816000
9.741506 54.817295
9.739960 54.820090
9.744017 54.815411
9.734995 54.816836
9.739657 54.821018
9.740251 54.818237
9.739141 54.818254
9.741189 54.817300
9.739157 54.819362
9.736114 54.817374
9.741065 54.819704
9.739630 54.819170
9.736447 54.818478
9.739143 54.818438
9.745942 54.816861
9.744850 54.818171
9.742135 54.816917
9.743875 54.816522
9.741665 54.817293
9.745646 54.818344
9.736439 54.817923
9.745797 54.817787
9.744065 54.818736
9.744977 54.815951
9.742939 54.817644
9.740958 54.823217
9.743025 54.823556
9.744240 54.819843
9.746009 54.821480
9.745875 54.823145
9.744928 54.823528
9.744896 54.821311
9.745711 54.822778
9.744291 54.823353
9.744165 54.825572
9.745101 54.824450
9.748902 54.824025
9.746224 54.825357
9.744665 54.827228
9.745291 54.826664
9.746700 54.825350
9.744974 54.826669
9.746437 54.818147
9.743985 54.813194
9.747294 54.811667
9.747321 54.813515
9.746504 54.811864
9.747617 54.812032
9.744767 54.812443
9.742211 54.811187
9.749509 54.811265
9.742748 54.815429
9.741326 54.815820
9.742291 54.816729
9.742127 54.816362
9.741495 54.816556
9.742444 54.816358
9.744178 54.815593
9.738635 54.816228
9.739923 54.817503
9.739882 54.814732
9.743737 54.818002
9.742100 54.814515
9.744033 54.816519
9.742611 54.816910
9.742278 54.815806
9.742428 54.815249
9.739762 54.817321
9.743401 54.816713
9.739296 54.818067
9.739434 54.816586
9.739256 54.815295
9.739444 54.817325
9.738950 54.816039
9.700284 54.819004
9.700567 54.816598
9.700093 54.816789
9.698201 54.817556
9.699147 54.817173
9.703900 54.816734
9.698066 54.819221
9.701341 54.815293
9.704690 54.816538
9.705653 54.817263
9.706083 54.814115
9.701852 54.817688
9.703212 54.813048
9.708301 54.813898
9.702757 54.814533
9.705465 54.815233
9.706096 54.815039
9.702768 54.815272
9.704185 54.814512
9.703067 54.813974
9.704964 54.813577
9.698013 54.815526
9.699257 54.813845
9.699290 54.816062
9.700572 54.816967
9.697370 54.814981
9.702478 54.817124
9.698658 54.816256
9.697268 54.818863
9.701233 54.818806
9.698021 54.816080
9.701970 54.814914
