5.647753 63.141648
5.648073 63.141828
5.645364 63.140943
5.647130 63.142396
5.647106 63.140733
5.646632 63.140925
5.645831 63.140382
5.646006 63.141488
5.646638 63.141294
5.646611 63.139447
5.644748 63.142246
5.644576 63.141324
5.646485 63.141666
5.648603 63.145516
5.644148 63.144657
5.649404 63.146059
5.649995 63.143093
5.643194 63.144486
5.647960 63.144971
5.644183 63.147059
5.647635 63.144421
5.645907 63.145555
5.641635 63.146357
5.646364 63.144255
5.643810 63.143183
5.647791 63.144234
5.648100 63.143675
5.648603 63.145516
5.640011 63.143793
5.646845 63.144618
5.644778 63.144278
5.647149 63.143689
5.651280 63.144183
5.641267 63.142851
5.646028 63.142966
5.648845 63.140338
5.644611 63.143726
5.645885 63.144077
5.648401 63.142562
5.648536 63.140897
5.643132 63.140237
5.643441 63.139678
5.651810 63.136969
5.645584 63.134288
5.659267 63.137045
5.651167 63.136424
5.656716 63.136158
5.659617 63.139257
5.656928 63.139851
5.664789 63.134932
5.669200 63.143738
5.659845 63.144059
5.666528 63.145440
5.678916 63.146368
5.666028 63.143784
5.662364 63.142728
5.669854 63.145022
5.660042 63.146643
5.668044 63.140613
5.661778 63.146063
5.673612 63.141641
5.664832 63.148791
5.656619 63.140410
5.666391 63.146920
5.666394 63.147105
5.665907 63.146373
5.671832 63.139264
5.662681 63.142724
5.659168 63.141112
5.666434 63.149876
5.664485 63.146763
5.664509 63.148426
5.669077 63.146142
5.664466 63.145470
5.663101 63.149740
5.661507 63.149209
5.662396 63.144945
5.664329 63.146950
5.655375 63.142091
5.650127 63.141244
5.652041 63.141955
5.652977 63.140832
5.651724 63.141959
5.654084 63.140632
5.649665 63.142174
5.652985 63.141387
5.652530 63.142872
5.651436 63.143996
5.657122 63.142250
5.651095 63.142338
5.650794 63.143451
5.653168 63.143047
5.649041 63.142922
5.650794 63.143451
5.655824 63.140237
5.649985 63.142354
5.653891 63.138232
5.655982 63.140234
5.651409 63.142149
5.648530 63.140528
5.650283 63.141056
5.653423 63.138793
5.651060 63.139936
5.651686 63.139373
5.650708 63.137539
5.650436 63.140685
5.647560 63.139248
5.649990 63.142724
5.654410 63.141181
5.651571 63.142331
5.649006 63.140521
5.650463 63.142532
5.652977 63.140832
5.651423 63.143073
5.653786 63.141929
5.650931 63.141971
5.655240 63.143756
5.653641 63.142855
5.653985 63.144698
5.651283 63.144368
5.653665 63.144518
5.653963 63.143220
5.653961 63.143036
5.654735 63.141731
5.648555 63.142190
5.652522 63.142317
5.649638 63.140327
5.649224 63.144583
5.649194 63.142551
5.645858 63.142230
5.649383 63.144581
5.650627 63.142899
5.646788 63.140738
5.650275 63.140502
5.651530 63.139560
5.653391 63.136576
5.651157 63.135685
5.654791 63.134708
5.657985 63.136140
5.655278 63.135440
5.656547 63.135422
5.656700 63.135050
5.656068 63.135244
5.655447 63.136177
5.654743 63.131382
5.655125 63.135812
5.655557 63.132849
5.652479 63.139361
5.649837 63.143096
5.649184 63.141812
5.652202 63.142137
5.651856 63.140110
5.652039 63.141770
5.651557 63.141407
5.650108 63.139950
5.651762 63.144546
5.648678 63.139786
5.650272 63.140317
5.648541 63.141267
5.653272 63.139350
5.647888 63.139983
5.647420 63.140544
5.651366 63.139193
5.652326 63.139733
5.653111 63.139167
5.649657 63.141620
5.654536 63.138962
5.654703 63.139514
5.654246 63.140814
5.652958 63.139539
5.654509 63.137114
5.653264 63.138796
5.650573 63.139204
5.652436 63.136405
5.653912 63.139710
5.650874 63.138091
5.654673 63.137482
5.653571 63.138052
5.656566 63.136715
5.652600 63.136773
5.658308 63.136505
5.656560 63.136345
5.652936 63.138061
5.651676 63.138634
5.656076 63.135798
5.652751 63.136216
5.658316 63.137059
5.657829 63.136327
5.655770 63.136542
5.654641 63.135265
5.655947 63.137833
5.657504 63.135777
5.657173 63.134858
5.656864 63.135417
5.654944 63.134336
5.649463 63.139220
5.653205 63.134731
5.655275 63.135255
5.652444 63.136960
5.655270 63.134886
5.654987 63.137292
5.652630 63.138805
5.658138 63.135768
5.656076 63.135798
5.655901 63.134692
5.651985 63.138075
5.649756 63.137553
5.648640 63.137200
5.654030 63.136937
5.648014 63.137763
5.652130 63.137149
5.652608 63.137327
5.648993 63.139597
5.653692 63.135463
5.651955 63.136043
5.649608 63.138294
5.653858 63.136015
5.651302 63.134759
5.654805 63.135632
5.651635 63.135863
5.652272 63.136038
5.653383 63.136022
5.655737 63.134325
5.653401 63.137315
5.651643 63.136417
5.653877 63.137308
5.651850 63.139740
5.650095 63.139027
5.649630 63.139772
5.654506 63.136930
5.650584 63.139943
5.650864 63.137352
5.649931 63.138659
5.648382 63.141269
5.651651 63.136971
5.651197 63.138456
5.649753 63.137368
5.650229 63.137361
5.646608 63.139262
5.649786 63.139585
5.649904 63.136812
5.650232 63.137546
5.645815 63.139274
5.651192 63.138087
5.651170 63.136609
5.653412 63.138054
5.651780 63.134937
5.648294 63.135172
5.654928 63.133228
5.651885 63.131239
5.659902 63.137036
5.673899 63.390180
5.797187 63.184746
5.793904 63.188120
5.806875 63.185528
5.799069 63.183240
5.799060 63.182686
5.805077 63.181859
5.803496 63.182251
5.799827 63.180827
5.800528 63.174533
5.804018 63.174483
5.801612 63.172670
5.798942 63.174557
5.803394 63.175231
5.799765 63.176577
5.803520 63.173012
5.796418 63.175517
5.801918 63.171926
5.799735 63.174545
5.795896 63.183286
5.781976 63.175173
5.722861 63.451556
5.707401 63.446607
5.712772 63.455953
5.720329 63.451963
5.725869 63.451143
5.714019 63.454457
5.720181 63.452704
5.725119 63.454111
5.939426 63.496449
5.946870 63.495601
5.946665 63.492463
5.953254 63.498280
5.956018 63.491957
5.952512 63.490899
5.980957 63.505084
5.983675 63.506522
5.989374 63.505700
5.983581 63.500056
5.940888 63.477024
5.942662 63.479031
5.662181 63.402546
5.660764 63.403306
5.672477 63.401473
5.675966 63.401422
5.665396 63.394554
5.670808 63.395768
5.694212 63.401526
5.686668 63.395537
5.687959 63.396997
5.682985 63.393189
5.693838 63.397651
5.692072 63.396198
5.687287 63.394420
5.686805 63.394057
5.546583 63.406077
5.542814 63.397817
5.656186 63.404851
5.656003 63.403191
5.743230 63.444977
5.741921 63.442224
5.729867 63.442400
5.728646 63.456646
5.943851 63.495276
5.948472 63.496687
5.945787 63.508367
5.954494 63.507132
5.947612 63.502982
5.955574 63.505084
5.658920 63.407398
5.656393 63.408174
5.660022 63.406828
5.658167 63.410181
5.654017 63.408394
5.651307 63.407509
5.659092 63.408320
5.655888 63.406149
5.663506 63.406408
5.659418 63.408870
5.648057 63.402198
5.652998 63.403789
5.655210 63.403202
5.659143 63.400928
5.648896 63.405327
5.656458 63.401706
5.644967 63.298945
5.643819 63.296374
5.638596 63.308092
5.631316 63.309307
5.653002 63.306035
5.652231 63.307524
5.664108 63.306058
5.655118 63.298797
5.662242 63.297769
5.655177 63.302862
5.662271 63.299802
5.659021 63.294490
5.664473 63.287573
5.661871 63.294079
5.659289 63.149426
5.657012 63.145578
5.648829 63.150132
5.654348 63.147835
5.654353 63.148204
5.655826 63.151324
5.651807 63.147687
5.649251 63.146430
5.659902 63.147938
5.654117 63.142849
5.653463 63.141565
5.656334 63.142631
5.659515 63.143140
5.652504 63.141024
5.658415 63.143895
5.658996 63.140190
5.654079 63.140262
5.662660 63.141246
5.657114 63.141696
5.658281 63.145560
5.657947 63.144456
5.659074 63.145548
5.660810 63.144969
5.659232 63.145546
5.657343 63.146497
5.660009 63.144426
5.656364 63.144664
5.656708 63.146507
5.658130 63.146116
5.659692 63.144430
5.659351 63.142772
5.655885 63.144486
5.656025 63.143190
5.656531 63.145216
5.657614 63.143352
5.653797 63.142668
5.659684 63.143876
5.656512 63.143922
5.655574 63.144860
5.654826 63.148012
5.656549 63.146509
5.660818 63.145523
5.653877 63.148211
5.657800 63.145197
5.655286 63.146897
5.656087 63.147440
5.653197 63.145079
5.652119 63.147313
5.654942 63.145054
5.657170 63.145576
5.648780 63.146807
5.653845 63.145994
5.650673 63.146040
5.651783 63.146024
5.653826 63.144701
5.649850 63.144019
5.654799 63.146165
5.653224 63.146927
5.649708 63.145130
5.651302 63.145661
5.654189 63.147837
5.646713 63.146467
5.650501 63.145119
5.650832 63.146038
5.648146 63.146816
5.650493 63.144564
5.648598 63.145146
5.650186 63.145308
5.647815 63.145897
5.649256 63.146800
5.652106 63.146389
5.650041 63.146234
5.651321 63.146955
5.650049 63.146788
5.648772 63.146253
5.646130 63.149987
5.646877 63.146835
5.650673 63.146040
5.654630 63.145428
5.651780 63.145839
5.650832 63.146038
5.653047 63.145636
5.651482 63.147137
5.653533 63.146368
5.653547 63.147292
5.648772 63.146253
5.651512 63.149169
5.652608 63.148229
5.646100 63.147955
5.649431 63.147906
5.652939 63.149149
5.644667 63.147606
5.648780 63.146807
5.644167 63.145950
5.643694 63.146142
5.642449 63.147823
5.644501 63.147054
5.646248 63.147213
5.641643 63.146911
5.648947 63.147359
5.644027 63.147246
5.645923 63.146664
5.647334 63.145534
5.643538 63.146329
5.646428 63.148689
5.645122 63.146121
5.647506 63.146456
5.647622 63.143497
5.647033 63.146647
5.646995 63.144061
5.649079 63.145509
5.647323 63.144795
5.647990 63.147003
5.648436 63.144964
5.649409 63.146428
5.649245 63.146061
5.647971 63.145710
5.648305 63.146814
5.647339 63.145904
5.649071 63.144955
5.650017 63.144571
5.652399 63.144721
5.660028 63.145719
5.653162 63.142678
5.655442 63.135807
5.657135 63.143174
5.653587 63.139160
5.652587 63.146751
5.661875 63.141812
5.760808 63.410165
5.766588 63.403983
5.761158 63.401475
5.761335 63.402766
5.756426 63.403392
5.771927 63.400209
5.764583 63.396990
5.731530 63.371416
5.737251 63.372072
5.742170 63.372185
5.737729 63.372250
5.729428 63.379577
5.723116 63.381887
5.735447 63.389838
5.737552 63.381861
5.714393 63.403819
5.716285 63.403052
5.713156 63.406054
5.711212 63.403311
5.716455 63.403789
5.717799 63.408943
5.718379 63.405239
5.724933 63.408655
5.712858 63.407352
5.720000 63.407618
5.682822 63.403724
5.681870 63.403738
5.740921 63.438912
5.739456 63.436347
5.755306 63.435377
5.743838 63.432218
5.944028 63.474761
5.946448 63.477498
5.661084 63.425292
5.661829 63.421955
5.354969 63.560395
5.351028 63.562116
5.367916 63.556141
5.362816 63.554553
5.389081 63.549735
5.384637 63.549615
5.393250 63.541913
5.392928 63.541548
5.395057 63.546137
5.395385 63.546872
5.660528 63.430659
5.655931 63.430910
5.688470 63.421197
5.676227 63.419343
5.757343 63.422781
5.745007 63.425363
5.733635 63.363439
5.724661 63.368190
5.916991 63.393847
5.931110 63.393826
5.930707 63.387919
5.938820 63.389464
5.928013 63.409948
5.942079 63.417135
5.993225 63.399759
5.989540 63.397226
5.991234 63.404593
5.990943 63.406445
5.982349 63.393635
5.985620 63.400424
5.978564 63.395168
5.978502 63.401821
5.979464 63.402547
5.984443 63.395822
5.985997 63.393582
5.991712 63.393868
5.989819 63.394635
5.985841 63.393769
6.005441 63.377961
6.017151 63.375942
6.022433 63.368289
6.014589 63.374317
5.962533 63.383760
5.969165 63.381630
6.007204 63.379229
6.020906 63.372377
5.967837 63.377584
5.974574 63.382660
5.961281 63.384887
5.959635 63.380845
5.952993 63.371333
5.954947 63.374815
5.979214 63.385365
5.995048 63.383286
5.983849 63.376797
5.985701 63.384162
6.014998 63.369691
6.012457 63.369543
5.744275 63.331500
5.751708 63.329914
6.013543 63.367864
6.014500 63.368220
6.017049 63.368922
6.026944 63.373028
6.007669 63.367580
6.016248 63.368379
6.017417 63.372428
6.008581 63.364795
6.008702 63.373109
6.008099 63.375335
6.021240 63.373481
6.014215 63.381344
6.018949 63.379612
6.022433 63.379192
6.014987 63.379855
6.016350 63.375400
5.988526 63.382088
6.005586 63.387937
6.000234 63.379885
5.994416 63.383480
6.001379 63.382270
6.003728 63.380203
5.982851 63.384573
5.995529 63.383649
5.992177 63.382219
5.973141 63.382312
5.930742 63.401223
5.930398 63.399380
5.981744 63.406579
5.980169 63.407341
6.021318 63.400644
6.023796 63.396542
6.019221 63.398272
6.017952 63.398290
5.965052 63.393332
5.966612 63.391462
5.905838 63.401401
5.910413 63.399671
5.723654 63.451545
5.716864 63.453676
5.834327 63.403921
5.839405 63.404031
5.869979 63.411902
5.874003 63.415909
5.885587 63.427012
5.889563 63.427694
5.854258 63.443545
5.859651 63.443467
5.829892 63.480673
5.828567 63.476812
5.774799 63.521205
5.771802 63.522358
5.747115 63.537500
5.748804 63.533595
5.716770 63.545334
5.715518 63.546461
5.706111 63.543271
5.703133 63.545717
5.719757 63.532540
5.718929 63.530149
5.885507 63.410567
5.885286 63.417223
5.903486 63.425089
5.903445 63.422317
5.837521 63.394450
5.840559 63.396069
5.854418 63.552569
5.865943 63.548706
5.862313 63.539149
5.862289 63.537487
5.798566 63.508293
5.798010 63.513660
5.770901 63.504077
5.770240 63.502238
5.777648 63.498989
5.782740 63.500024
5.781649 63.490430
5.784377 63.492608
5.778124 63.498982
5.774495 63.500328
5.775522 63.494585
5.775982 63.493469
5.774605 63.486098
5.777476 63.487165
5.770336 63.476181
5.772132 63.479666
5.765844 63.472736
5.768215 63.472147
5.768688 63.461053
5.760303 63.462653
5.783431 63.460284
5.772608 63.457854
5.802606 63.447993
5.804673 63.448332
5.809421 63.447524
5.809929 63.449734
5.814539 63.450406
5.812749 63.447291
5.816233 63.446871
5.814950 63.445965
5.813687 63.446353
5.815590 63.446326
5.817295 63.443529
5.818784 63.447757
5.815706 63.443367
5.823962 63.443801
5.814579 63.442275
5.813657 63.444321
5.816598 63.439289
5.814550 63.440243
5.809864 63.434398
5.809571 63.436065
5.855748 63.524092
5.853850 63.524489
5.788557 63.431012
5.784715 63.428666
5.787226 63.426781
5.788057 63.429356
5.818147 63.425777
5.817975 63.424855
5.820391 63.427407
5.820843 63.425737
5.893376 63.515229
5.896395 63.515554
5.828591 63.434864
5.823706 63.426250
5.813388 63.425846
5.808950 63.426095
5.812138 63.427158
5.809547 63.423500
5.795251 63.422229
5.789538 63.422128
5.795428 63.423520
5.793342 63.421888
5.791732 63.420248
5.790447 63.419158
5.790420 63.417310
5.787237 63.416618
5.788619 63.413456
5.786506 63.409976
5.784602 63.410004
5.785882 63.410724
5.798936 63.402958
5.792904 63.402676
5.797328 63.401503
5.800036 63.402202
5.804417 63.398073
5.805243 63.400279
5.808017 63.394695
5.809453 63.395228
5.796350 63.388766
5.791737 63.387910
5.806108 63.383450
5.801850 63.385175
5.803872 63.382374
5.807821 63.381208
5.814678 63.383695
5.813665 63.379460
5.810993 63.381162
5.814291 63.378896
5.830190 63.381252
5.831069 63.376249
5.834881 63.376564
5.837754 63.377815
5.840443 63.377222
5.832961 63.375483
5.843109 63.375150
5.842346 63.377194
5.847421 63.377120
5.842983 63.377370
5.843730 63.374217
5.844403 63.376795
5.848325 63.384683
5.850911 63.387972
5.848459 63.383018
5.848814 63.385600
5.848986 63.386522
5.849013 63.388369
5.846271 63.385268
5.842779 63.385134
5.852148 63.385736
5.854873 63.387729
5.855306 63.384767
5.861508 63.385785
5.856551 63.383085
5.857863 63.386023
5.855812 63.386792
5.853747 63.386637
5.856578 63.384933
5.856446 63.386783
5.850244 63.385764
5.855325 63.386060
5.849252 63.372104
5.847346 63.371947
5.851884 63.367631
5.849887 63.372095
5.851766 63.370404
5.851440 63.369855
5.671061 63.140754
5.676609 63.140488
5.667093 63.140627
5.673375 63.136285
5.674709 63.140701
5.673405 63.138318
5.673725 63.138498
5.672488 63.140733
5.672160 63.139999
5.672948 63.139618
5.674545 63.140334
5.669289 63.138932
5.675193 63.141248
5.668311 63.148001
5.669566 63.147059
5.669881 63.146869
5.666410 63.148213
5.659724 63.146648
5.661544 63.151795
5.661230 63.151985
5.658619 63.147033
5.650759 63.151952
5.653189 63.155428
5.653184 63.155058
5.650926 63.152504
5.646799 63.152379
5.644818 63.147049
5.642557 63.155213
5.641382 63.161698
5.638858 63.151756
5.645071 63.153513
5.642256 63.156326
5.643302 63.151876
5.637804 63.155652
5.636527 63.155116
5.640269 63.150627
5.644756 63.153703
5.633468 63.152019
5.640759 63.151543
5.640186 63.155802
5.645116 63.156654
5.643014 63.153913
5.643326 63.153539
5.647022 63.156811
5.638124 63.155832
5.646840 63.155151
5.641286 63.155047
5.644638 63.156476
5.643837 63.155934
5.643697 63.157229
5.644124 63.153897
5.641001 63.157268
5.643417 63.148918
5.646917 63.149606
5.643597 63.150393
5.640949 63.153758
5.644272 63.153155
5.649958 63.151409
5.643955 63.153160
5.645993 63.151467
5.645942 63.147957
5.648826 63.149948
5.649111 63.147726
5.643380 63.146331
5.646611 63.150349
5.649124 63.148650
5.643253 63.148550
5.642310 63.149119
5.646729 63.147576
5.644390 63.150382
5.644530 63.149086
5.643890 63.148726
5.644076 63.150571
5.646756 63.149423
5.645495 63.149996
5.645821 63.150546
5.647237 63.149786
5.644678 63.148345
5.642936 63.148555
5.642468 63.149116
5.645036 63.151112
5.636277 63.148837
5.643105 63.149292
5.645339 63.150183
5.644377 63.149458
5.639463 63.149714
5.644546 63.150195
5.642955 63.149848
5.646490 63.152938
5.644856 63.149636
5.643597 63.150393
5.645818 63.150361
5.648184 63.149403
5.647727 63.150703
5.653600 63.150987
5.652157 63.149899
5.652649 63.151001
5.648068 63.152361
5.650756 63.151767
5.649146 63.150128
5.646038 63.154608
5.650611 63.152693
5.649197 63.153638
5.646358 63.154788
5.647275 63.152372
5.649184 63.152714
5.648563 63.153647
5.651270 63.154347
5.647460 63.154218
5.645853 63.152763
5.645708 63.153689
5.649840 63.154183
5.653442 63.150989
5.648224 63.152174
5.646815 63.153488
5.654552 63.150973
5.647920 63.153102
5.648708 63.152721
5.649996 63.153996
5.650471 63.153989
5.648071 63.152546
5.650278 63.151590
5.650477 63.154359
5.646318 63.152017
5.650135 63.152700
5.648915 63.156044
5.647950 63.155135
5.650641 63.154726
5.646969 63.153116
5.650315 63.154176
5.651603 63.155451
5.645412 63.155171
5.644466 63.155555
5.644044 63.159257
5.650678 63.157312
5.648727 63.154014
5.650708 63.159345
5.639307 63.160804
5.851080 63.356001
5.849666 63.356945
5.852002 63.353955
5.853970 63.358361
5.849696 63.358978
5.850747 63.354897
5.858492 63.352936
5.862454 63.352694
5.863583 63.353971
5.861174 63.351973
5.860338 63.349029
5.858172 63.352756
5.866755 63.353925
5.861981 63.352885
5.861330 63.351786
5.868960 63.352784
5.653114 63.150255
5.653055 63.146190
5.651555 63.152125
5.655977 63.150767
5.655041 63.151890
5.662630 63.150116
5.658641 63.148511
5.665388 63.143424
5.665628 63.148964
5.657068 63.149458
5.664176 63.147322
5.663851 63.146772
5.664561 63.151936
5.660286 63.152553
5.659206 63.154601
5.662009 63.151049
5.659649 63.152377
5.664547 63.151012
5.658055 63.151846
5.656958 63.152786
5.665354 63.151924
5.659509 63.153673
5.656800 63.152788
5.659192 63.153677
5.657918 63.153326
5.654958 63.157065
5.658746 63.155716
5.653192 63.155613
5.653789 63.153017
5.651445 63.155453
5.653361 63.156349
5.653152 63.152841
5.671265 63.154795
5.617467 63.153546
5.655840 63.163150
5.657805 63.156469
5.673123 63.162529
5.664929 63.155442
5.662026 63.163060
5.662727 63.156767
5.657337 63.157031
5.664606 63.155077
5.657318 63.155737
5.651557 63.163213
5.661725 63.164173
5.658837 63.161998
5.664606 63.155077
5.655964 63.160746
5.662969 63.162492
5.658063 63.163303
5.655399 63.154656
5.657028 63.157589
5.649969 63.152148
5.657767 63.153883
5.648509 63.149952
5.650754 63.151583
5.639866 63.155622
5.987909 63.535842
5.971051 63.532946
5.981648 63.530759
5.980646 63.538166
5.975522 63.534914
5.975901 63.539159
5.980127 63.535216
5.977444 63.536179
5.973600 63.533648
5.982603 63.530930
5.975645 63.532510
5.977713 63.532849
5.976605 63.533050
5.976170 63.535828
5.976428 63.531759
5.852229 63.489403
5.853108 63.484401
5.827228 63.482929
5.825201 63.485361
5.822177 63.484666
5.826959 63.486260
5.813588 63.483128
5.811980 63.481673
5.625718 63.153610
5.619613 63.159243
5.623183 63.153832
5.624116 63.152525
5.619828 63.152218
5.623516 63.154936
5.616518 63.153744
5.621580 63.152747
5.615406 63.153576
5.621570 63.152008
5.617680 63.157238
5.637178 63.156215
5.632234 63.154439
5.635761 63.156975
5.633374 63.156455
5.631925 63.154998
5.635127 63.156984
5.630049 63.156873
5.635909 63.156234
5.629581 63.157435
5.634495 63.157178
5.634613 63.154405
5.633218 63.156643
5.637799 63.155282
5.632745 63.156834
5.626452 63.160437
5.630374 63.157423
5.629264 63.157439
5.631793 63.156848
5.631511 63.159254
5.629777 63.160019
5.629747 63.157987
5.632285 63.157950
5.629903 63.157800
5.644786 63.155735
5.644482 63.156663
5.644460 63.155185
5.648286 63.156423
5.644799 63.156659
5.644805 63.157028
5.651082 63.152317
5.654246 63.151717
5.649361 63.154005
5.656767 63.150571
5.652055 63.153781
5.648740 63.154938
5.655197 63.151703
5.651383 63.151204
5.653915 63.150797
5.653934 63.152091
5.654783 63.155959
5.658262 63.155169
5.653993 63.156155
5.656017 63.153539
5.658109 63.155541
5.653845 63.156897
5.655420 63.156134
5.653969 63.154492
5.655402 63.154841
5.654299 63.155412
5.658154 63.158682
5.654961 63.157250
5.656544 63.157042
5.655743 63.156499
5.655773 63.158532
5.652915 63.158388
5.655590 63.156871
5.653856 63.157636
5.657652 63.156841
5.654192 63.158924
5.652617 63.159686
5.653824 63.155419
5.651977 63.159326
5.655590 63.156871
5.654152 63.156153
5.654958 63.157065
5.653853 63.157451
5.652238 63.155442
5.654477 63.156703
5.653539 63.157640
5.650703 63.158975
5.654173 63.157631
5.651649 63.158592
5.649447 63.159917
5.652273 63.157843
5.651950 63.157479
5.650850 63.158234
5.647090 63.161430
5.650052 63.157876
5.650224 63.158797
5.651178 63.158968
5.653536 63.157455
5.652587 63.157654
5.652904 63.157649
5.654848 63.160393
5.652574 63.156730
5.653689 63.157084
5.652133 63.159139
5.649280 63.159365
5.653875 63.158929
5.650219 63.158428
5.654299 63.155412
5.657488 63.156474
5.650985 63.156569
5.659238 63.156818
5.654324 63.157074
5.656041 63.155201
5.658418 63.154982
5.652240 63.155626
5.657945 63.155174
5.656988 63.154818
5.657773 63.154252
5.658878 63.153867
5.652727 63.156358
5.656033 63.154647
5.659074 63.156451
5.654926 63.154848
5.657956 63.155913
5.659208 63.154786
5.657824 63.157763
5.659402 63.157185
5.658587 63.155719
5.656676 63.155192
5.654160 63.156707
5.655579 63.156132
5.652993 63.152844
5.655410 63.155395
5.654442 63.154301
5.658923 63.157007
5.654281 63.154118
5.650958 63.154721
5.656859 63.156853
5.653837 63.156342
5.656477 63.152423
5.655240 63.154659
5.655332 63.150038
5.658399 63.153689
5.652802 63.150629
5.658211 63.151659
5.659496 63.152749
5.656450 63.150576
5.656982 63.154449
5.660609 63.152917
5.664117 63.154160
5.652665 63.152109
5.663308 63.153063
5.655880 63.155019
5.659663 63.153301
5.657942 63.154989
5.658711 63.153315
5.661558 63.152719
5.652552 63.155252
5.655240 63.154659
5.654762 63.154481
5.654592 63.153744
5.654579 63.152820
5.659343 63.153121
5.653799 63.153756
5.653353 63.155795
5.653461 63.152282
5.660445 63.152550
5.651565 63.152864
5.653963 63.154123
5.653146 63.152472
5.653001 63.153398
5.653794 63.153386
5.654907 63.153555
5.653786 63.152832
5.654738 63.152818
5.653324 63.153763
5.658208 63.151474
5.655506 63.151144
5.653751 63.150430
5.657109 63.152229
5.653641 63.153758
5.653117 63.150440
5.654899 63.153001
5.655049 63.152444
5.655574 63.155763
5.654751 63.153742
5.655843 63.152433
5.650907 63.151211
5.656765 63.150386
5.651240 63.152315
5.654590 63.153560
5.652810 63.151183
5.653614 63.151911
5.654095 63.152273
5.652189 63.152116
5.655388 63.153917
5.653307 63.152654
5.655977 63.150767
5.655052 63.152629
5.655348 63.151146
5.651880 63.152675
5.654068 63.150426
5.655536 63.153176
5.653310 63.152839
5.657267 63.152227
5.657106 63.152045
5.654082 63.151349
5.652195 63.152486
5.654246 63.151717
5.653012 63.154137
5.650329 63.155100
5.654087 63.151719
5.650143 63.153255
5.651267 63.154162
5.653805 63.154125
5.651262 63.153793
5.652652 63.151185
5.651729 63.153232
5.647907 63.152178
5.652662 63.151924
5.652359 63.152853
5.651708 63.151754
5.651711 63.151938
5.654254 63.152271
5.649810 63.152151
5.649509 63.153264
5.649162 63.151236
5.654259 63.152640
5.650600 63.151954
5.651197 63.149359
5.645729 63.155167
5.649181 63.152530
5.647762 63.153105
5.652224 63.154518
5.646815 63.153488
5.647778 63.154213
5.651114 63.154534
5.652848 63.153770
5.655216 63.152996
5.657133 63.153892
5.654240 63.151347
5.654428 63.153377
5.658025 63.149814
5.655856 63.153356
5.659176 63.152569
5.655843 63.152433
5.652186 63.151931
5.653969 63.154492
5.654251 63.152086
5.650439 63.151772
5.654101 63.152643
5.655998 63.152245
5.654074 63.150795
5.653614 63.151911
5.652337 63.151375
5.649799 63.151412
5.650477 63.154359
5.649829 63.153444
5.652391 63.155070
5.649821 63.152890
5.650323 63.154730
5.647482 63.155696
5.651735 63.153601
5.650947 63.153982
5.650654 63.155649
5.655845 63.152617
5.653316 63.153208
5.650791 63.154169
5.655235 63.154289
5.656289 63.150393
5.653321 63.153578
5.652700 63.154511
5.655520 63.152068
5.654582 63.153005
5.652501 63.151742
5.658552 63.153317
5.655829 63.151509
5.652942 63.149333
5.650119 63.151592
5.653883 63.148580
5.653622 63.152465
5.654834 63.148567
5.653262 63.149513
5.654877 63.151523
5.652638 63.150262
5.656595 63.149650
5.655200 63.151888
5.654891 63.152446
5.653625 63.152650
5.653135 63.151733
5.655845 63.152617
5.653931 63.151906
5.655687 63.152620
5.655533 63.152991
5.652213 63.153779
5.654273 63.153564
5.653316 63.153208
5.651114 63.154534
5.655689 63.152804
5.654084 63.151534
5.653135 63.151733
5.651721 63.152677
5.653789 63.153017
5.654557 63.151342
5.648256 63.154391
5.654791 63.156513
5.651910 63.154707
5.650979 63.156199
5.648622 63.157712
5.652920 63.158758
5.654493 63.157811
5.649092 63.157335
5.651453 63.156007
5.651807 63.158589
5.652743 63.157467
5.653068 63.158017
5.651794 63.157666
5.654420 63.152823
5.649092 63.157335
5.650969 63.155460
5.651880 63.152675
5.649375 63.154929
5.648880 63.153643
5.649885 63.157324
5.650979 63.156199
5.647627 63.154770
5.652528 63.153590
5.650334 63.155469
5.649982 63.153072
5.653660 63.155051
5.648294 63.156977
5.647466 63.154587
5.651619 63.156559
5.651125 63.155273
5.653619 63.152280
5.654262 63.152825
5.646541 63.156449
5.646823 63.154042
5.649547 63.155850
5.649111 63.147726
5.651998 63.149901
5.646162 63.152204
5.711989 63.413093
5.653051 63.309360
5.653048 63.309175
5.656852 63.308935
5.651817 63.311780
5.650959 63.307358
5.653067 63.310469
5.649078 63.308864
5.655105 63.308776
5.652852 63.306591
5.652285 63.311219
6.008211 63.186847
6.001719 63.187681
5.757746 63.385078
5.753843 63.389385
5.731235 63.405606
5.732151 63.403191
5.648407 63.153834
5.648783 63.157894
5.645735 63.155536
5.648756 63.156047
5.645880 63.154610
5.645934 63.158305
5.653243 63.159123
5.649197 63.153638
5.640990 63.156529
5.653259 63.160231
5.653162 63.153580
5.645288 63.157576
5.651945 63.157109
5.652307 63.160245
5.655921 63.157790
5.653267 63.160786
5.657047 63.158883
5.655767 63.158162
5.658988 63.150539
5.656025 63.154093
5.650041 63.157137
5.660240 63.149412
5.650778 63.153245
5.651861 63.151382
5.654326 63.157259
5.655305 63.159093
5.656157 63.163146
5.651307 63.156934
5.655902 63.156497
5.647485 63.155880
5.646579 63.159035
5.652055 63.153781
5.654670 63.159102
5.642606 63.158539
5.650025 63.156028
5.656396 63.157783
5.649681 63.154185
5.649552 63.156220
5.652592 63.158024
5.650340 63.155839
5.652557 63.155622
5.652122 63.158400
5.654001 63.156710
5.647208 63.158656
5.652259 63.156920
5.653251 63.159677
5.648584 63.155125
5.653396 63.158751
5.653052 63.156908
5.646729 63.158479
5.654200 63.159478
5.660235 63.159945
5.645439 63.157019
5.660716 63.160308
5.663609 63.162852
5.654622 63.155777
5.657044 63.158698
5.652488 63.161721
5.668469 63.158901
5.662265 63.157698
5.665246 63.155437
5.651996 63.160619
5.653821 63.155234
5.651353 63.160074
5.653539 63.157640
5.648337 63.159933
5.644057 63.160181
5.647587 63.162901
5.651380 63.151019
5.638474 63.158044
5.641525 63.160587
5.650670 63.156758
5.650582 63.161564
5.638412 63.153795
5.649939 63.161019
5.648127 63.156425
5.651066 63.162111
5.640659 63.155610
5.640054 63.157652
5.651864 63.162469
5.642466 63.159834
5.654746 63.164275
5.646958 63.163280
5.647670 63.157726
5.649488 63.162689
5.647100 63.162169
5.644181 63.157776
5.647200 63.158102
5.655687 63.163522
5.635113 63.156061
5.654708 63.161689
5.642501 63.162236
5.647611 63.164564
5.644326 63.156850
5.649219 63.166019
5.644221 63.160548
5.652657 63.162458
5.637138 63.164347
5.642493 63.161682
5.646149 63.162183
5.641130 63.166136
5.643431 63.160744
5.649598 63.170263
5.646947 63.162541
5.641955 63.157439
5.648907 63.166393
5.640339 63.166333
5.650071 63.170072
5.641837 63.160213
5.642210 63.164088
5.643038 63.166478
5.636463 63.150682
5.635194 63.161603
5.643624 63.163143
5.635078 63.164561
5.638990 63.160809
5.632912 63.168289
5.643831 63.166467
5.636476 63.162508
5.643770 63.173120
5.636009 63.163070
5.637175 63.166933
5.635234 63.164374
5.638138 63.167658
5.635861 63.163811
5.633159 63.163481
5.632202 63.163125
5.639587 63.169116
5.639350 63.163760
5.625833 63.161555
5.639100 63.168383
5.634452 63.165125
5.634804 63.167522
5.630006 63.164820
5.637329 63.166561
5.636874 63.168046
5.638081 63.163779
5.638939 63.168201
5.633473 63.163291
5.632414 63.166818
5.639874 63.167079
5.630274 63.161490
5.645203 63.173469
5.636272 63.170273
5.628858 63.162250
5.637111 63.162499
5.631659 63.158513
5.627793 63.165407
5.622285 63.157541
5.630500 63.166106
5.633076 63.168656
5.632404 63.166079
5.628651 63.158927
5.628874 63.163358
5.633092 63.169764
5.615650 63.170388
5.619785 63.171067
5.624683 63.169702
5.622175 63.171771
5.622629 63.170286
5.633272 63.171240
5.623245 63.168984
5.636173 63.174339
5.631473 63.167571
5.628944 63.168162
5.627355 63.168000
5.635307 63.169363
5.633280 63.171794
5.633237 63.168838
5.629597 63.169446
5.632135 63.169409
5.626734 63.168933
5.635834 63.172866
5.634648 63.167709
5.625938 63.168760
5.632640 63.171434
5.635468 63.169545
5.634097 63.173446
5.623411 63.169536
5.630430 63.172206
5.635186 63.171951
5.631043 63.170718
5.634562 63.172700
5.632331 63.171993
5.631844 63.171261
5.631500 63.169418
5.636920 63.171187
5.633436 63.171607
5.628998 63.171857
5.623081 63.168617
5.637277 63.173954
5.633511 63.176780
5.632463 63.170143
5.624554 63.171737
5.635060 63.174171
5.638557 63.174674
5.635802 63.181552
5.627317 63.176316
5.637312 63.176355
5.630654 63.176637
5.643829 63.177185
5.634751 63.174730
5.628576 63.175559
5.636175 63.174524
5.634638 63.177873
5.636627 63.172854
5.633060 63.167547
5.646961 63.174367
5.632479 63.171252
5.635984 63.172309
5.630121 63.172764
5.635140 63.168811
5.639401 63.178173
5.638595 63.177261
5.637447 63.174690
5.824988 63.394447
5.831303 63.392323
5.828655 63.395688
5.835824 63.397801
5.832168 63.397300
5.818009 63.405452
5.812649 63.407747
5.824491 63.403879
5.816609 63.407320
5.819469 63.407648
5.819735 63.404133
5.820571 63.407078
5.820630 63.411142
5.821483 63.404292
5.818370 63.408403
5.826945 63.409017
5.823426 63.407036
5.831233 63.409325
5.820203 63.414475
5.821698 63.408170
5.823308 63.409810
5.819302 63.407096
5.813087 63.405154
5.856379 63.393066
5.851777 63.392949
5.872210 63.401706
5.869785 63.398600
5.868879 63.401754
5.875071 63.402034
5.856564 63.394912
5.862307 63.397046
5.865820 63.398658
5.871062 63.399136
5.858976 63.397094
5.865828 63.399212
5.864828 63.406803
5.870678 63.405424
5.855761 63.405087
5.855140 63.406020
5.860479 63.402246
5.857780 63.402101
5.872702 63.402808
5.867670 63.405837
5.857637 63.403212
5.865293 63.406057
5.860616 63.400766
5.864414 63.400156
5.871560 63.400607
5.863858 63.394621
5.870710 63.396738
5.866102 63.396251
5.846043 63.391369
5.859941 63.398004
5.867990 63.395115
5.864317 63.393505
5.869796 63.399339
5.859384 63.392468
5.866422 63.396431
5.865600 63.394411
5.854250 63.399380
5.847169 63.403364
5.853169 63.401429
5.847970 63.403907
5.851242 63.399794
5.850481 63.402022
5.876850 63.393508
5.874815 63.395385
5.874807 63.394831
5.884794 63.394316
5.879364 63.391808
5.875256 63.392976
5.876071 63.394443
5.887450 63.391505
5.883055 63.394711
5.886762 63.398722
5.880815 63.404352
5.892813 63.411200
5.894440 63.413948
5.891663 63.408445
5.880084 63.408613
5.890733 63.409937
5.892453 63.408248
5.885157 63.408355
5.882877 63.404322
5.885606 63.406500
5.873081 63.407052
5.882157 63.409322
5.834297 63.336473
5.837682 63.340119
5.870170 63.403214
5.870178 63.403768
5.865629 63.407345
5.871011 63.406528
5.846217 63.337962
5.833706 63.339438
5.842071 63.336544
5.837472 63.336611
5.850416 63.332172
5.848133 63.327956
5.860384 63.330364
5.852402 63.326969
5.859715 63.327972
5.859427 63.330009
5.865363 63.334542
5.860239 63.331290
5.839752 63.340643
5.851921 63.337509
5.892026 63.411581
5.880262 63.409904
5.886571 63.407410
5.895141 63.407655
5.889480 63.411064
5.885523 63.411676
5.848671 63.343101
5.842171 63.343380
5.839227 63.337325
5.853343 63.337119
5.839518 63.335473
5.835020 63.331657
5.843795 63.345943
5.833025 63.336306
5.876909 63.408475
5.885439 63.405948
5.878133 63.405316
5.866076 63.405306
5.857963 63.414664
5.868890 63.413396
5.668334 63.367531
5.665272 63.364250
5.838069 63.399431
5.832752 63.393780
5.840900 63.397727
5.843758 63.397870
5.840908 63.398281
5.843602 63.398057
5.841222 63.387189
5.850443 63.388533
5.857285 63.389912
5.853376 63.393849
5.843599 63.386970
5.851884 63.389436
5.850255 63.386503
5.856513 63.391401
5.871949 63.394688
5.863984 63.392401
5.881786 63.394729
5.884902 63.401706
5.874834 63.396678
5.880297 63.401403
5.880727 63.398256
5.874837 63.396863
5.879643 63.400119
5.861672 63.397055
5.872449 63.396344
5.865619 63.395704
5.843308 63.334309
5.839601 63.330297
5.838367 63.332717
5.831711 63.333184
5.838835 63.332156
5.846088 63.339997
5.888816 63.409041
5.887375 63.408138
5.824541 63.331071
5.834058 63.330932
5.832719 63.337050
5.834294 63.336288
5.848577 63.325732
5.857636 63.326893
5.830678 63.327655
5.837063 63.330334
5.834961 63.316690
5.833410 63.319115
5.821436 63.313931
5.822060 63.313182
5.828536 63.322143
5.816990 63.324528
5.648830 63.280964
5.640451 63.282934
5.877127 63.401634
5.874737 63.400930
5.867113 63.400302
5.870003 63.402662
5.822079 63.325378
5.818775 63.327274
5.810917 63.321475
5.802933 63.317896
5.820525 63.327618
5.815081 63.324187
5.825143 63.328845
5.825447 63.327916
5.858796 63.395618
5.863750 63.398133
5.858497 63.396916
5.857411 63.398595
5.850467 63.390196
5.849873 63.392976
5.857371 63.395824
5.862737 63.393898
5.811492 63.317402
5.800581 63.319778
5.809266 63.317064
5.814310 63.325676
5.804019 63.327120
5.807694 63.328914
5.853863 63.394581
5.856172 63.400646
5.841493 63.329531
5.841805 63.329156
5.818363 63.320813
5.834313 63.326678
5.829117 63.318439
5.831528 63.320621
5.869694 63.392318
5.868444 63.393630
5.647714 63.291513
5.654244 63.293266
5.869595 63.396385
5.864987 63.395898
5.819977 63.333540
5.818401 63.334302
5.853226 63.394406
5.853347 63.391817
5.853731 63.396431
5.861075 63.399651
5.854118 63.390328
5.847056 63.395605
5.894362 63.397688
5.882880 63.393605
5.886076 63.395221
5.884993 63.397085
5.888305 63.395743
5.889482 63.400346
5.882901 63.395083
5.871199 63.397655
5.880716 63.397517
5.886230 63.394849
5.861712 63.388923
5.853752 63.387007
5.858046 63.387683
5.860946 63.390783
5.851696 63.387406
5.862643 63.387432
5.861078 63.388933
5.863011 63.390937
5.833961 63.324281
5.830953 63.324695
5.810371 63.327581
5.810637 63.324067
5.817565 63.331357
5.815423 63.325845
5.852685 63.400881
5.856516 63.402489
5.851685 63.397570
5.854922 63.401958
5.855056 63.400293
5.845680 63.399136
5.827848 63.329360
5.822947 63.330540
5.855239 63.391050
5.852443 63.395156
5.861024 63.396140
5.861987 63.396865
5.813361 63.325875
5.806204 63.324685
5.852570 63.392937
5.851787 63.393688
5.861780 63.404445
5.859949 63.409461
5.852788 63.407902
5.852379 63.401625
5.860430 63.409823
5.863283 63.409597
5.814245 63.332145
5.819662 63.333729
5.811011 63.327942
5.808178 63.329461
5.809438 63.328889
5.816127 63.330639
5.864011 63.405152
5.851973 63.406436
5.874471 63.404445
5.858637 63.406523
5.866229 63.404934
5.872433 63.406138
5.849674 63.401110
5.855126 63.405096
5.866455 63.409551
5.868293 63.405089
5.865167 63.408276
5.871003 63.405974
5.875323 63.408498
5.878447 63.405126
5.836630 63.333297
5.839305 63.331780
5.845453 63.340006
5.849577 63.339946
5.880525 63.406205
5.881807 63.407110
5.892120 63.407145
5.879617 63.409175
5.874162 63.405004
5.881778 63.405078
5.882023 63.410987
5.883224 63.406350
5.852147 63.342126
5.858026 63.342780
5.888880 63.402572
5.891991 63.409179
5.890805 63.404022
5.891031 63.408639
5.888558 63.402207
5.892488 63.410650
5.832821 63.333168
5.845332 63.331692
5.857268 63.334290
5.848440 63.338115
5.899346 63.413137
5.901198 63.409599
5.896975 63.413726
5.903679 63.416585
5.893458 63.411930
5.897472 63.415197
5.893773 63.411740
5.898757 63.416287
5.897883 63.410756
5.899650 63.412209
5.899569 63.417569
5.894813 63.417823
5.894582 63.412837
5.894453 63.414872
5.894956 63.416712
5.900943 63.413853
5.891902 63.413985
5.893469 63.412669
5.895485 63.409498
5.906244 63.418396
5.710615 63.373199
5.709836 63.374134
5.899053 63.414805
5.900607 63.412565
5.900147 63.413680
5.900467 63.413860
5.895174 63.409872
5.897080 63.410029
5.880149 63.413047
5.873296 63.410930
5.879641 63.410837
5.875350 63.410345
5.862430 63.405544
5.868121 63.404168
5.877856 63.408091
5.874982 63.406840
5.875506 63.410158
5.879173 63.411398
5.871181 63.407265
5.878896 63.414174
5.895343 63.399706
5.893195 63.404727
5.900953 63.403690
5.898055 63.400775
5.821738 63.367331
5.810635 63.367492
5.829015 63.365931
5.818574 63.367931
5.909722 63.406703
5.908583 63.404687
5.851023 63.341218
5.861352 63.342362
5.891300 63.405309
5.899757 63.408696
5.889361 63.402935
5.908362 63.411343
5.903596 63.410858
5.908862 63.412999
5.914026 63.419022
5.908849 63.412075
5.919505 63.413953
5.919035 63.414329
5.919785 63.411362
5.911274 63.415181
5.920607 63.413382
5.915645 63.410313
5.913553 63.408311
5.920290 63.413387
5.911561 63.413144
5.910537 63.408170
5.913091 63.409242
5.908023 63.409870
5.922449 63.409105
5.930317 63.404741
5.908099 63.404140
5.910166 63.404480
5.921734 63.403572
5.916145 63.401066
5.929231 63.406419
5.921871 63.402092
5.909669 63.424814
5.915018 63.421779
5.879742 63.352442
5.864860 63.354507
5.910591 63.422768
5.911212 63.421835
5.918400 63.425241
5.911760 63.426816
5.907134 63.425035
5.908870 63.424456
5.912585 63.407216
5.920669 63.406729
5.905238 63.403812
5.916180 63.403468
5.930527 63.419151
5.950993 63.419223
5.963967 63.427719
5.962725 63.429585
5.945721 63.416712
5.950057 63.420345
5.960292 63.436827
5.961206 63.434227
5.945861 63.426319
5.946122 63.433338
5.960612 63.437007
5.962128 63.432181
5.965698 63.437672
5.966324 63.437109
5.956453 63.423763
5.949138 63.422576
5.954730 63.425266
5.964429 63.426788
5.943947 63.414706
5.946256 63.420770
5.933283 63.412274
5.924847 63.410364
5.913954 63.403131
5.911903 63.403900
5.926062 63.406650
5.921156 63.407461
5.918427 63.416186
5.910002 63.415015
5.903701 63.407161
5.917785 63.415641
5.896929 63.410586
5.909389 63.416502
5.896297 63.410780
5.903730 63.409193
5.937837 63.419969
5.947544 63.422045
5.941563 63.425273
5.938495 63.421622
5.932191 63.424486
5.933737 63.421691
5.935003 63.421488
5.934277 63.426119
5.957660 63.430398
5.956415 63.432079
5.939955 63.423818
5.945754 63.429832
5.919712 63.406373
5.928734 63.404948
5.918580 63.404911
5.930484 63.405292
5.918908 63.405646
5.918578 63.404727
5.926398 63.407939
5.928876 63.403838
5.934326 63.407639
5.929210 63.404941
5.933374 63.429458
5.946791 63.424828
5.929199 63.426008
5.931602 63.427636
5.925497 63.422366
5.920320 63.426322
5.928575 63.426756
5.930172 63.427472
5.923422 63.421472
5.928248 63.426022
5.913188 63.415893
5.901910 63.414948
5.922917 63.419447
5.912115 63.418495
5.902104 63.417347
5.910752 63.412047
5.894577 63.412468
5.898636 63.407974
5.899190 63.413324
5.906747 63.409334
5.914580 63.413470
5.902808 63.411239
5.897862 63.420181
5.915150 63.419929
5.906263 63.419689
5.912776 63.420334
5.911693 63.422197
5.917790 63.416010
5.913438 63.422172
5.917449 63.425255
5.925546 63.414789
5.917188 63.418237
5.913201 63.416816
5.912198 63.413320
5.923355 63.416853
5.916785 63.423232
5.918715 63.414149
5.913599 63.411452
